 sd04_i_codigo | sd04_i_unidade | sd04_i_medico | sd04_c_situacao 
---------------+----------------+---------------+-----------------
          1068 |         135009 |         59581 | A
          1070 |           1350 |          2105 | A
          1075 |         135007 |         87485 | A
          1005 |            341 |         95459 | A
          1004 |         135008 |         95400 | A
          1011 |            498 |          1163 | A
           370 |         135011 |         77075 | A
           371 |         123234 |         68776 | A
           372 |         135020 |         33990 | A
           373 |         135020 |         75284 | A
           374 |         135020 |         95367 | A
           375 |         135020 |         95398 | A
           376 |         135020 |         72021 | A
           467 |           1350 |         95433 | A
           378 |         135011 |         95399 | A
           379 |         135018 |         95401 | A
           380 |         135010 |         56969 | A
           381 |         135010 |         95353 | A
           382 |         135010 |          1168 | A
           383 |         135010 |         95376 | A
           384 |         135010 |         58926 | A
           385 |         135437 |         57726 | A
           386 |         135437 |         95395 | A
           387 |         135437 |         95393 | A
           388 |         135010 |         95400 | A
           389 |           1350 |         78976 | A
           390 |         135437 |         95366 | A
           391 |         135437 |         95367 | A
           392 |           1350 |         95402 | A
           393 |         135002 |         58347 | A
           394 |         135018 |         95404 | A
           395 |         135011 |         95367 | A
           396 |         135021 |         95402 | A
           397 |         135021 |         95403 | A
           398 |           1392 |          2016 | A
           399 |           1392 |         67031 | A
           400 |           1392 |         40748 | A
           401 |           1392 |         75425 | A
           402 |           1392 |         95405 | A
           403 |           1392 |         95402 | A
           404 |           1392 |         95367 | A
           405 |           1392 |          1259 | A
           407 |         135437 |         95408 | A
           408 |         123234 |         95409 | A
          1133 |            341 |         73469 | A
          1134 |         135005 |         90762 | A
          1136 |         135006 |         95611 | A
          1138 |         135027 |         98159 | A
           413 |         123234 |         95411 | A
           414 |         135008 |         77129 | A
          1139 |         135034 |         59717 | A
           416 |         123234 |         95412 | A
           417 |         135004 |         95344 | A
           418 |         135011 |         95414 | A
           419 |         135004 |         78043 | A
           420 |         135437 |         78043 | A
           421 |         135007 |         78043 | A
          1081 |           1350 |          4875 | A
           423 |         135014 |         95364 | A
           424 |         135009 |           488 | A
           425 |           1392 |          1250 | A
           426 |         135011 |         95417 | A
           427 |         135002 |         95416 | A
           428 |           1392 |         95346 | A
          1142 |           1350 |         97125 | A
           430 |         135021 |         95375 | A
           431 |         135437 |         25028 | A
           432 |         135011 |         95361 | A
           433 |           1392 |         95418 | A
           429 |         135003 |          2109 | D
           435 |         135011 |         95420 | A
           436 |           1350 |           485 | A
           437 |         135010 |         75284 | A
           439 |         135010 |         95421 | A
           440 |         135010 |         95419 | A
           441 |         135437 |         95416 | A
           442 |         135015 |          1168 | A
           443 |         135010 |           478 | A
           444 |         135010 |         74069 | A
           445 |         135010 |         95364 | A
           446 |         135022 |         56969 | A
           447 |         135022 |         58926 | A
           448 |         135022 |         95424 | A
           449 |         135010 |         95432 | A
           452 |           1392 |         95426 | A
           453 |         135011 |         79044 | A
           454 |         135014 |         58347 | A
           458 |         135437 |          2092 | A
           459 |           1392 |         95427 | A
           460 |           1392 |         81126 | A
           461 |           1350 |          1259 | A
             3 |         135005 |         95360 | A
           463 |         135018 |         56771 | A
             8 |         135007 |          4875 | A
           465 |           1350 |          1979 | A
           466 |           1392 |         95352 | A
           468 |         135017 |         59717 | A
           469 |         135437 |         61811 | A
           470 |         135008 |         95347 | A
           471 |           1392 |         91914 | A
           472 |           1392 |         81350 | A
           406 |           1392 |         31976 | A
           474 |         123234 |         95384 | A
           475 |           1350 |          4545 | A
           476 |         135018 |         95436 | A
           477 |         135011 |         81845 | A
           478 |         135011 |         72021 | A
           479 |         135010 |         61811 | A
           480 |           1350 |           479 | A
           481 |         123234 |         61850 | A
           482 |         123234 |         95443 | A
           485 |         135008 |         61850 | A
           486 |         135008 |         95446 | A
           487 |         123234 |         95447 | A
           488 |         123234 |         89824 | A
           489 |         123234 |         89727 | A
           490 |         123234 |         77742 | A
           491 |         135437 |         95448 | A
           493 |         135011 |         95424 | A
           494 |           1350 |         59717 | A
           495 |         135009 |           478 | A
           496 |         135022 |         95375 | A
           497 |         135010 |         78043 | A
           610 |         135006 |         91914 | D
           499 |         135010 |         81126 | A
           500 |         135010 |         95438 | A
           501 |         135010 |          1259 | A
           502 |         135011 |         95359 | A
           503 |           1350 |         74394 | A
           505 |         135020 |         95359 | A
           507 |           1392 |          1168 | A
           504 |         135437 |         95359 | D
           509 |         135005 |         59888 | A
           510 |         135009 |         39391 | A
           511 |         135010 |         86321 | A
           512 |           1392 |         95403 | A
           513 |         135007 |          1164 | A
          1069 |         135033 |         87485 | A
          1071 |         135003 |          4875 | A
          1076 |         135008 |          4875 | A
           219 |           1350 |         59581 | A
          1006 |            341 |         72021 | A
          1012 |           1350 |         58348 | A
           218 |           1350 |         95341 | A
           220 |           1350 |          1260 | A
           221 |           1350 |          3608 | A
           222 |           1350 |         31015 | A
           223 |         135004 |           487 | A
           224 |         135004 |          1168 | A
           225 |         135005 |           488 | A
           226 |         135006 |           478 | A
           227 |         135006 |           488 | A
           228 |         135007 |          2109 | A
          1135 |         135009 |         90762 | A
           230 |         135010 |           485 | A
           231 |         135010 |          2092 | A
           232 |         135010 |         25028 | A
           233 |         135011 |         33990 | A
           234 |         135011 |         95341 | A
           343 |         135010 |         31976 | A
           236 |           1350 |          1989 | A
           237 |         135002 |         45592 | A
           238 |         135005 |          1159 | A
           239 |         135007 |         67560 | A
           240 |         135009 |          1163 | A
           241 |         135010 |         87485 | A
           242 |         135010 |         67560 | A
           243 |         135003 |         95345 | A
           244 |         135004 |         95345 | A
          1137 |         135005 |         97113 | A
           246 |         135006 |         95345 | A
           247 |         135007 |         95345 | A
           248 |         135009 |         95345 | A
           249 |         135010 |         95345 | A
           250 |         135010 |          1979 | A
           251 |         135010 |         59581 | A
           252 |         135010 |          1164 | A
           253 |           1350 |         95347 | A
           254 |         135010 |           483 | A
          1082 |         135002 |         96576 | A
          1087 |           1350 |         96660 | A
          1083 |         135026 |         95356 | A
          1072 |           1350 |         37536 | A
          1084 |         135026 |         59888 | A
          1088 |            341 |         80070 | A
           255 |         135010 |         68455 | A
           256 |         135010 |          2032 | A
           257 |         135010 |          2109 | A
           258 |         135010 |           479 | A
           259 |           1350 |         95439 | A
           260 |         135010 |         95347 | A
          1073 |         135027 |         96464 | A
           294 |         135003 |           487 | D
           261 |         135007 |           479 | A
           262 |           1350 |         95349 | A
           263 |         135010 |           488 | A
           264 |         135010 |         95350 | A
           265 |         135010 |         59717 | A
           266 |         135010 |         95439 | A
           267 |         135012 |          2109 | A
           268 |         135012 |           483 | A
           270 |         135012 |           488 | A
          1074 |         135027 |         96463 | A
           271 |         135012 |         95347 | A
           272 |         135012 |         95353 | A
           273 |         135012 |         56969 | A
           274 |         135012 |          2090 | A
           275 |         135010 |         67031 | A
           276 |         135010 |         95355 | A
           277 |           1350 |         89094 | A
           278 |         135010 |         95352 | A
           279 |         135013 |         95343 | A
           280 |         135010 |         45592 | A
           281 |         135010 |         39391 | A
           282 |         135014 |          1164 | A
           283 |         135014 |          1979 | A
           284 |         135015 |           485 | A
           285 |         135015 |          2092 | A
           235 |           1350 |          1804 | A
           288 |         135010 |          1804 | A
           289 |           1350 |         95357 | A
           290 |         135011 |         68610 | A
           291 |         135011 |         72299 | A
           292 |         135011 |         95358 | A
           293 |         135014 |         95347 | A
           287 |         135015 |          2032 | D
           295 |         135005 |          1164 | A
           297 |         135016 |          4545 | A
           298 |         135014 |         59581 | A
           301 |         135008 |         95365 | A
           302 |         135008 |         95366 | A
           303 |         135010 |         95367 | A
           304 |         135009 |         95367 | A
           305 |         135008 |         95367 | A
           306 |         135007 |         95367 | A
           307 |         135006 |         95367 | A
           308 |         135005 |         95367 | A
           309 |         135004 |         95367 | A
           310 |         135003 |         95367 | A
           311 |         135002 |         95367 | A
           312 |         135018 |         95368 | A
           313 |         135018 |         95369 | A
           314 |         135014 |         95367 | A
           315 |         135016 |         95367 | A
           566 |         135009 |         91914 | D
           318 |         135002 |         25028 | A
           319 |         135002 |         75425 | A
           320 |         135014 |         68776 | A
           321 |         135010 |         74394 | A
           322 |         135019 |         71686 | A
           323 |           1350 |         67031 | A
           324 |           1392 |           478 | A
           325 |           1392 |         73469 | A
           326 |           1392 |          2104 | A
           327 |           1392 |          1324 | A
           328 |           1392 |          2090 | A
           330 |           1392 |          2092 | A
           331 |           1392 |         71686 | A
           332 |           1392 |         95370 | A
           333 |           1392 |         95350 | A
           334 |           1392 |          4891 | A
           335 |           1392 |         95372 | A
           336 |           1392 |         95422 | A
           337 |         135002 |         67031 | A
           286 |         135015 |          1164 | D
           339 |         135011 |         95375 | A
           340 |         135010 |         76348 | A
           341 |         135008 |         95345 | A
           342 |           1350 |         95350 | A
          1007 |            341 |         33990 | A
           346 |         135018 |         95378 | A
           347 |         135012 |          2092 | A
           348 |         123234 |         95380 | A
           349 |         123234 |         95381 | A
           350 |         123234 |         95431 | A
           351 |         123234 |         95382 | A
           352 |         123234 |         91161 | A
           353 |         123234 |         95385 | A
           269 |         135012 |          1804 | A
           355 |         123234 |         95387 | A
           356 |         123234 |         44214 | A
          1140 |         135005 |         86321 | A
           358 |         123234 |         95388 | A
           359 |         123234 |         95389 | A
          1143 |         135009 |         97125 | A
           560 |         135024 |          2032 | A
           362 |         123234 |         95391 | A
           363 |         123234 |         54911 | A
           364 |         123234 |         95394 | A
             4 |            341 |         95402 | A
           366 |         135012 |         95367 | A
           367 |         135008 |         95383 | A
           368 |         135008 |         92907 | A
           369 |         135008 |         95392 | A
           515 |         135022 |         95420 | A
           516 |         135011 |          1250 | A
           591 |         135011 |         95459 | A
           518 |         135011 |         80909 | A
           519 |         135002 |         95457 | A
             9 |         135033 |         95611 | A
           521 |         135014 |         95457 | A
          1008 |            341 |         72299 | A
           523 |           1392 |         95450 | A
           524 |           1350 |         76599 | A
           525 |         135014 |          1259 | A
           527 |         135003 |         86043 | A
           529 |         135010 |         89094 | A
           530 |         135018 |         85969 | A
           531 |         135006 |          1989 | A
           532 |         135010 |         95460 | A
           533 |         135022 |         74526 | A
           534 |         135018 |         95461 | A
           535 |         135011 |         95462 | A
           536 |         135003 |         67560 | A
           537 |         135023 |         56969 | A
           538 |         135023 |         73599 | A
           539 |         135023 |         95375 | A
           540 |         135023 |         95361 | A
           541 |         135023 |         74526 | A
           542 |         135023 |         77075 | A
           543 |         135023 |         33990 | A
           544 |         135014 |         86043 | A
           546 |         135023 |         95463 | A
           547 |         135023 |         95424 | A
           548 |         135006 |           485 | A
           549 |         135007 |         95364 | A
           551 |         135008 |         78688 | A
           552 |         135007 |         75284 | A
           553 |         135437 |         95364 | A
           554 |         135010 |         58347 | A
           555 |         135006 |          1259 | A
           556 |         135013 |         95419 | A
           557 |         135007 |         95464 | A
           558 |         135437 |         78688 | A
           559 |         135024 |          1259 | A
           561 |         135024 |         95367 | A
           562 |         135024 |          2109 | A
           563 |         135024 |         95464 | A
           564 |         135015 |         58347 | A
           613 |         135003 |         91914 | D
           667 |           1350 |         95467 | A
           570 |         135023 |         67890 | A
           571 |         135003 |         75284 | A
           572 |         135021 |         77075 | A
           573 |         135023 |         95402 | A
           574 |         135004 |         39391 | A
           575 |         135009 |         59888 | A
           577 |         135437 |         89271 | A
           579 |         135006 |         59581 | A
           582 |         135008 |         95360 | A
           583 |         135024 |         59581 | A
           585 |         135015 |         95376 | A
           586 |         135010 |         95360 | A
           587 |         135010 |         33305 | A
           588 |         135008 |          1163 | A
           589 |         135011 |         95398 | A
           590 |         135020 |         95459 | A
           592 |         135004 |         59581 | A
           594 |         135007 |         95433 | A
           596 |         135024 |          4194 | A
           597 |         135007 |          4194 | A
           598 |         135003 |         95433 | A
           599 |         135010 |         90762 | A
           600 |         135010 |         95343 | A
           601 |         135025 |         59581 | A
           602 |         135025 |         39391 | A
           603 |         135025 |         59888 | A
           604 |         135025 |         95356 | A
           606 |         135025 |         78043 | A
           607 |         135025 |          2084 | A
           608 |         135011 |         90762 | A
           609 |         135010 |         91914 | A
           611 |         135010 |         95459 | A
           614 |         135007 |         91914 | A
           615 |           1350 |         92075 | A
           616 |         135015 |         92075 | A
           617 |         135003 |          1164 | A
           618 |         135002 |           483 | A
           619 |         135005 |         39391 | A
           620 |         135014 |         91914 | A
           621 |         135008 |         95363 | A
           622 |           1392 |         95373 | A
           623 |         135010 |         81350 | A
           624 |         135025 |          1259 | A
           625 |         135010 |         92075 | A
           626 |         135015 |         95367 | A
           627 |         135010 |         95457 | A
           628 |         135026 |         59581 | A
           629 |         135027 |         68776 | A
           631 |         135020 |         90762 | A
           632 |           1350 |         88561 | A
           633 |         135020 |          1250 | A
           636 |         135027 |         64889 | A
           637 |         135027 |         93186 | A
           638 |         135004 |         95419 | A
           639 |         135004 |         95421 | A
           640 |         135027 |         93169 | A
           641 |         135027 |         90907 | A
           642 |         135028 |         95472 | A
           643 |         135028 |         76223 | A
           644 |         135020 |         79475 | A
           645 |         135029 |           483 | A
           646 |         135029 |         75284 | A
           647 |         135014 |         95439 | A
           649 |         135028 |         74394 | A
           650 |         135030 |         75284 | A
           651 |         135031 |         75284 | A
           652 |         135031 |           483 | A
           653 |         135007 |         45592 | A
           654 |         135032 |           483 | A
           655 |           1350 |         95346 | A
           657 |         135020 |         68610 | A
           658 |         135033 |           479 | A
           659 |         135005 |         45592 | A
           660 |         135034 |         75284 | A
           661 |         135034 |           483 | A
           662 |         135030 |           483 | A
           663 |         135034 |         95376 | A
           664 |         135027 |         95475 | A
           665 |         135030 |         95376 | A
           666 |         135033 |         89094 | A
           668 |           1350 |         95422 | A
           669 |         135035 |           483 | A
           670 |         135035 |         95376 | A
           671 |         135036 |           483 | A
           672 |         135003 |          1168 | A
           673 |         135037 |         95376 | A
           674 |         135038 |         95376 | A
           675 |         135036 |         95376 | A
           676 |         135037 |           483 | A
           677 |         135038 |           483 | A
           678 |         135038 |         75284 | A
           679 |         135031 |         95376 | A
           680 |         135035 |         75284 | A
           751 |         135027 |         89484 | A
           682 |         135011 |         79475 | A
           683 |         135033 |           483 | A
           684 |         135004 |          1259 | A
           685 |         135009 |          1259 | A
           686 |         135033 |         95376 | A
           687 |         135039 |           483 | A
           688 |         135028 |         95367 | A
           689 |         135032 |         75284 | A
           690 |         135032 |         95376 | A
           691 |           1350 |           480 | A
           692 |         135002 |         95476 | A
           693 |         135041 |         75284 | A
           694 |         135041 |         95376 | A
           695 |         135041 |           483 | A
           696 |         135039 |         75284 | A
           697 |         135033 |         75284 | A
           698 |         135039 |         95376 | A
           699 |         135042 |           478 | A
           700 |         135042 |         59717 | A
           702 |         135026 |          2084 | A
           703 |         135007 |         59581 | A
           704 |         135032 |         95477 | A
           705 |         135003 |         59581 | A
           706 |         135010 |         94189 | A
           707 |         135002 |         95356 | A
           746 |         135027 |         95479 | A
           709 |         135011 |         94189 | A
           710 |         135036 |         94189 | A
           711 |         135036 |         75284 | A
           749 |         135020 |         77075 | A
           739 |           1392 |         95481 | A
           714 |         135035 |         94189 | A
           715 |         135034 |         95476 | A
           716 |         135037 |         75284 | A
           717 |         135029 |         94189 | A
           718 |           1350 |         62079 | A
           719 |         135030 |         94189 | A
           720 |         135039 |         94189 | A
           721 |         135031 |         94189 | A
           722 |         135034 |         94189 | A
           723 |           1350 |         95367 | A
           724 |         135009 |         86043 | A
           725 |         135014 |         94189 | A
           726 |         135032 |         95476 | A
           727 |         135041 |         94189 | A
           728 |         135010 |         84097 | A
          1009 |            341 |         95358 | A
           730 |         135036 |         95476 | A
           731 |         135033 |         94189 | A
           732 |         135038 |         95476 | A
           733 |         135029 |         95376 | A
           701 |         135026 |         78043 | A
           736 |         135025 |         74394 | A
           737 |         135002 |         87485 | A
           738 |         135004 |          1250 | A
          1144 |         135005 |         97125 | A
           741 |         135032 |         95367 | A
           742 |         135032 |         94189 | A
           743 |         135043 |         75284 | A
           744 |         135043 |         94189 | A
           745 |         135037 |         94189 | A
           747 |         135008 |         95356 | A
           748 |         135014 |           483 | A
           750 |         135007 |         95347 | A
           752 |         135038 |         94189 | A
           754 |         135024 |         95347 | A
           755 |         135002 |         95419 | A
           756 |         135011 |         95481 | A
           757 |         135011 |         95482 | A
           760 |         135017 |         74069 | A
           763 |         135002 |         95363 | A
           764 |         135002 |          1250 | A
           766 |         135002 |         93989 | A
           767 |         135002 |          2084 | A
           768 |         135002 |         78043 | A
           823 |         135003 |         95366 | D
           770 |         135013 |         95376 | A
           771 |         135013 |         95421 | A
           811 |         135018 |         61811 | D
           773 |         135002 |          2109 | A
           774 |         135003 |          1259 | A
           777 |           1392 |         72670 | A
           779 |         135014 |          2109 | A
           780 |         135009 |          2032 | A
           781 |         135008 |          1979 | A
           782 |         135003 |          2032 | A
           783 |         135002 |         95357 | A
           784 |         135004 |         95376 | A
           786 |         135437 |         95360 | A
           788 |         135005 |         59581 | A
           789 |         135002 |         89271 | A
           790 |         135003 |         95436 | A
           791 |         135013 |         95367 | A
           792 |         135022 |         95367 | A
           793 |           1392 |         85969 | A
           794 |           1392 |         95436 | A
           795 |           1392 |         95369 | A
           796 |         135017 |         76348 | A
           740 |         135011 |         84097 | A
           799 |           1392 |         95343 | A
           800 |           1392 |         95376 | A
           801 |           1392 |         78976 | A
           802 |           1392 |          1159 | A
           804 |         135002 |         67560 | A
           805 |         135008 |         95357 | A
           807 |         135002 |          1164 | A
           808 |         135014 |         95378 | A
           809 |         135437 |          1259 | A
             5 |            341 |         95349 | A
           812 |         135007 |         58926 | A
           813 |           1392 |         95457 | A
           814 |           1392 |         95368 | A
           815 |         135002 |           478 | A
           816 |         135013 |          1163 | A
           817 |           1392 |         67560 | A
           819 |         135025 |         95343 | A
           820 |         135437 |         95457 | A
           821 |         135007 |         95436 | A
           822 |           1392 |         95366 | A
           810 |         135018 |         95459 | D
           824 |           1392 |         56771 | A
           825 |           1392 |          4879 | A
           826 |         135025 |         61811 | A
           827 |           1392 |         59717 | A
           828 |           1392 |         95344 | A
           829 |         135022 |         95457 | A
           830 |         135008 |         78043 | A
           831 |           1392 |         95461 | A
           834 |         135020 |         95462 | A
           835 |         135002 |         59581 | A
           836 |           1392 |         89094 | A
           837 |           1392 |         92075 | A
           838 |         135002 |          2090 | A
           839 |         135002 |         95433 | A
           840 |           1392 |          1163 | A
             6 |            341 |         95422 | A
           842 |         135002 |         95469 | A
           843 |         135013 |          1159 | A
           845 |         135007 |         95439 | A
           846 |         135002 |         95344 | A
           847 |         135002 |         92075 | A
           848 |         135002 |         95366 | A
           849 |           1350 |          1324 | A
           850 |         135002 |         91914 | A
            10 |         135010 |         95611 | A
          1010 |            341 |         68610 | A
           950 |         135027 |         96070 | A
           854 |           1392 |          1260 | A
           949 |         135027 |         96069 | A
           856 |         135013 |         59717 | A
           857 |           1392 |         78043 | A
           858 |         135007 |          1163 | A
           951 |           1350 |         96209 | A
           860 |           1392 |         95378 | A
           869 |         135027 |         95474 | A
           863 |           1392 |         89271 | A
           865 |         135002 |         95343 | A
           866 |         135018 |         93186 | A
           867 |         135027 |         93165 | A
           918 |         135026 |         95368 | A
           870 |         135002 |         95474 | A
           871 |         135011 |         95457 | A
           872 |         135002 |         74394 | A
           873 |           1392 |         95439 | A
           875 |         135022 |         92075 | A
           876 |           1392 |          1989 | A
           878 |         135018 |          1260 | A
           879 |           1392 |         45592 | A
           880 |         135008 |         67560 | A
           881 |         135004 |         95457 | A
           882 |         135009 |         95343 | A
           883 |         135022 |          1163 | A
           884 |         135035 |         95367 | A
           885 |         135013 |         95474 | A
           887 |         135008 |         95368 | A
           299 |           1350 |         95364 | D
           851 |         135018 |         95367 | D
           894 |         135034 |         95367 | A
           895 |         135022 |         61811 | A
           896 |           1392 |         61811 | A
           897 |         135030 |          1168 | A
           898 |         135009 |         95369 | A
           899 |           1392 |         95452 | A
           900 |         135013 |         45592 | A
           901 |         135005 |         95344 | A
           902 |         135008 |         95343 | A
           904 |         135030 |         95367 | A
           905 |         135024 |         76599 | A
           906 |           1392 |         95419 | A
           907 |           1392 |         59581 | A
           908 |         135002 |         95436 | A
           909 |         135009 |          1159 | A
           910 |         135437 |          1163 | A
           911 |         135024 |          1163 | A
           912 |         135013 |         95457 | A
           913 |           1392 |         87485 | A
           914 |         135008 |         61811 | A
           916 |         135020 |         45592 | A
           917 |         135013 |         92075 | A
           919 |         135025 |         95368 | A
           921 |         135011 |         89271 | A
           517 |           1392 |         53915 | A
           329 |           1392 |           479 | A
           605 |         135025 |          1979 | A
           438 |         135437 |         67560 | A
           729 |         135005 |         86043 | A
           595 |         135024 |         86043 | A
           712 |         135025 |         86043 | A
           217 |           1350 |           483 | A
          1013 |            341 |         95367 | A
           296 |         135016 |         33305 | A
          1038 |         135011 |         95476 | A
          1039 |         135042 |         95425 | A
          1040 |         135042 |         75284 | A
          1041 |         135042 |         95376 | A
           891 |         135006 |         58347 | D
           584 |         135437 |           478 | D
           520 |         135008 |          1168 | D
           886 |         135018 |         95366 | D
           892 |         135018 |          1163 | D
           545 |           1350 |         78688 | A
           422 |           1350 |         95362 | A
           455 |           1350 |         72021 | A
           861 |         135018 |         89094 | D
           915 |         135018 |         95439 | D
           656 |           1350 |          1168 | A
           877 |         135018 |         92075 | D
           841 |         135018 |         67560 | D
           576 |           1350 |         68776 | A
           862 |           1350 |         73469 | A
           681 |           1350 |         59888 | A
           492 |           1350 |         95359 | A
          1077 |         135002 |          4875 | A
          1044 |           1350 |         95430 | A
          1047 |           1350 |         95360 | A
          1054 |           1350 |         95470 | A
          1057 |         135010 |         95373 | A
          1060 |           1350 |         90762 | A
           316 |           1350 |         95356 | A
           890 |         135002 |          1163 | A
          1063 |           1350 |         93989 | A
          1064 |         135016 |          1259 | A
          1065 |         135002 |         95362 | A
          1066 |         135002 |          1168 | A
          1080 |            341 |         78172 | A
          1090 |         135002 |         96918 | A
          1092 |         135008 |         59717 | A
          1093 |         135002 |         59717 | A
          1094 |         135024 |         95433 | A
          1095 |           1350 |         97113 | A
          1096 |           1350 |         97112 | A
          1097 |         135012 |         97125 | A
           772 |         135008 |          2104 | D
          1100 |         135437 |         87485 | A
          1101 |            341 |         77075 | A
          1102 |         135005 |         96660 | A
          1103 |            341 |         95352 | A
          1062 |           1350 |         86321 | A
          1104 |         135024 |         86321 | A
          1105 |         135006 |         86321 | A
          1106 |         135028 |         97113 | A
          1107 |         123234 |         95395 | A
          1108 |            341 |         81845 | A
          1109 |         135011 |         74069 | A
          1110 |         135437 |         95383 | A
          1111 |         135009 |         87485 | A
          1098 |           1350 |         81845 | A
          1059 |           1350 |         95468 | D
          1121 |         135006 |         96660 | A
           630 |           1350 |         76223 | D
          1042 |           1350 |         91914 | D
           759 |           1350 |          4879 | D
          1089 |           1350 |         95400 | D
           832 |         135018 |         95457 | D
           797 |         135018 |         59717 | D
           833 |         135018 |         45592 | D
           761 |           1350 |         95363 | D
          1051 |           1350 |         95465 | D
          1055 |           1350 |         95425 | D
           735 |           1350 |         95481 | D
           229 |         135008 |          1164 | D
           568 |           1350 |         25028 | D
           787 |           1350 |         95457 | D
          1061 |           1350 |          1183 | D
           514 |           1350 |         88464 | D
          1053 |           1350 |         95466 | D
           635 |           1350 |         95473 | D
          1046 |           1350 |         58919 | D
          1045 |           1350 |         95429 | D
          1067 |           1350 |         95450 | D
          1049 |           1350 |          2084 | D
           434 |           1350 |         45592 | D
           634 |           1350 |         95376 | A
           344 |           1350 |         67560 | D
          1056 |           1350 |         95440 | D
          1048 |           1350 |         95398 | D
          1085 |           1350 |         93188 | D
           508 |           1350 |         95416 | D
           526 |           1350 |         86043 | A
          1058 |           1350 |          2109 | D
           578 |           1350 |         95462 | D
          1122 |         135006 |         97113 | A
          1050 |           1350 |         95464 | A
           785 |           1350 |           478 | D
          1123 |         135003 |         97112 | A
          1112 |         135011 |         91146 | A
          1043 |           1350 |         95377 | D
           769 |         135008 |         76348 | D
           498 |         135008 |           478 | D
           317 |           1350 |         75284 | A
          1114 |            341 |         79044 | A
           528 |           1350 |         89271 | A
           708 |           1350 |         78043 | A
          1052 |           1350 |         39391 | A
          1115 |           1350 |         95611 | A
          1124 |         135004 |         86043 | A
           338 |           1350 |         95374 | A
          1091 |           1350 |         80502 | A
          1117 |         135003 |         95376 | A
          1118 |           1350 |         58926 | A
           411 |         123234 |         92040 | D
           462 |         123234 |         94904 | D
           473 |         123234 |          1259 | D
           484 |         123234 |         95445 | D
           483 |         123234 |         95444 | D
           415 |         123234 |         95413 | D
           409 |         123234 |         86273 | D
           354 |         123234 |         95386 | D
           464 |         123234 |         75284 | D
           357 |         123234 |         82085 | D
           365 |         123234 |         88139 | D
           412 |         123234 |         95410 | D
           410 |         123234 |         86020 | D
           360 |         123234 |         95390 | D
           361 |         123234 |         76508 | D
          1119 |         135005 |         95611 | A
           245 |         135005 |         95345 | D
          1120 |         135014 |         89271 | A
          1125 |         135006 |         86043 | A
          1126 |           1350 |          2032 | A
          1127 |         135011 |          4194 | A
          1128 |           1350 |         95351 | A
          1129 |           1350 |         98025 | A
          1130 |         135024 |         95611 | A
          1131 |         135004 |         90762 | A
          1132 |         135005 |         98025 | A
          1141 |         135011 |         98025 | A
             1 |            341 |         80502 | A
             2 |         135009 |         97113 | A
             7 |            341 |         95467 | A
            11 |         135003 |         86321 | A
            12 |           1350 |          1164 | A
            13 |            341 |         67031 | A
            15 |         135003 |         97125 | A
            16 |         135014 |         95611 | A
            17 |         135005 |          1163 | A
            18 |         135007 |         86321 | A
            19 |            341 |         98025 | A
            20 |         135005 |         97112 | A
            21 |         135014 |         97112 | A
            22 |         135004 |         86321 | A
            23 |           1350 |         85576 | A
            24 |           1350 |        105217 | A
            25 |           1350 |          4169 | A
            26 |         135024 |        105216 | A
            27 |         135011 |         95082 | A
            28 |         135011 |         80635 | A
            29 |         135011 |         60698 | A
            30 |           1350 |         82000 | A
            31 |            341 |         97103 | A
            32 |            341 |         87626 | A
(806 registros)

