0201010038001200806
0201010038004200806
0201010119001200806
0201010127001200806
0201010127004200806
0201010135001200806
0201010135004200806
0201010143005200806
0201010160008200806
0201010186001200806
0201010208001200806
0201010240001200806
0201010259001200806
0201010267001200806
0201010305001200806
0201010313001200806
0201010313008200806
0201010321001200806
0201010330001200806
0201010402001200806
0201010534001200806
0201010534004200806
0201010534006200806
0201010577001200806
0201010577004200806
0201010577006200806
0202030024009200806
0202030237005200806
0202031071009200806
0203010027005200806
0203020014005200806
0203020049005200806
0204020018005200806
0204030030005200806
0204030048005200806
0204030161005200806
0205010016005200806
0205010024005200806
0205010032005200806
0205020011005200806
0205020038005200806
0205020054005200806
0205020070005200806
0205020089005200806
0205020097005200806
0205020119005200806
0205020127005200806
0205020135005200806
0205020160005200806
0205020178005200806
0205020194005200806
0206010010005200806
0206010028005200806
0206010036005200806
0206010044005200806
0206010052005200806
0206010060005200806
0206010079005200806
0206010087005200806
0206020015005200806
0206020023005200806
0206020031005200806
0206020040005200806
0206030010005200806
0206030029005200806
0206030037005200806
0207010013005200806
0207010021005200806
0207010030005200806
0207010048005200806
0207010056005200806
0207020019005200806
0207020027005200806
0207020035005200806
0207030014005200806
0207030022005200806
0207030030005200806
0208010017005200806
0208010025005200806
0208010033005200806
0208010041005200806
0208010050005200806
0208010068005200806
0208010076005200806
0208010084005200806
0208010092005200806
0208020012005200806
0208020020005200806
0208020039005200806
0208020055005200806
0208020063005200806
0208020071005200806
0208020080005200806
0208020098005200806
0208020101005200806
0208020110005200806
0208020128005200806
0208030018005200806
0208030026005200806
0208030034005200806
0208030042005200806
0208030050005200806
0208040021005200806
0208040030005200806
0208040056005200806
0208040064005200806
0208040072005200806
0208040080005200806
0208040099005200806
0208040102005200806
0208050019005200806
0208050035005200806
0208050043005200806
0208060014005200806
0208060022005200806
0208060030005200806
0208070010005200806
0208070028005200806
0208070036005200806
0208070044005200806
0208080015005200806
0208080023005200806
0208080031005200806
0208080040005200806
0208090010005200806
0208090029005200806
0208090037005200806
0209010010005200806
0209010029005200806
0209010037005200806
0209010045005200806
0209040033001200806
0209040033004200806
0209040050001200806
0209040050004200806
0209040050005200806
0210010010005200806
0210010045005200806
0210010053005200806
0210010061005200806
0210010070005200806
0210010088005200806
0210010096005200806
0210010100005200806
0210010118005200806
0210010126005200806
0210010134005200806
0210010142005200806
0210010150005200806
0210010185005200806
0210010193005200806
0210010207005200806
0210020016005200806
0211020010006200806
0211020028001200806
0211020028006200806
0211030015005200806
0211030023005200806
0211030031005200806
0211030040005200806
0211030058005200806
0211030066005200806
0211030074005200806
0211030082005200806
0211030090005200806
0211050091001200806
0211050091005200806
0211050091006200806
0211050105005200806
0211050148006200806
0211070092005200806
0211070106005200806
0211070297005200806
0211070300005200806
0211070319005200806
0301010013012200806
0301010021012200806
0301010030012200806
0301010048012200806
0301010056012200806
0301010064012200806
0301010072012200806
0301010080012200806
0301010099012200806
0301010102012200806
0301010110012200806
0301010129012200806
0301010137012200806
0301010145005200806
0301010153012200806
0301050074007200806
0301050074008200806
0301060070008200806
0301060088008200806
0301090017007200806
0301090025007200806
0301120056006200806
0302010017005200806
0302010025005200806
0302010033005200806
0302020012005200806
0302020020005200806
0302020039005200806
0302030018005200806
0302030026005200806
0302040013005200806
0302040021005200806
0302040030005200806
0302040048005200806
0302040056005200806
0302050019005200806
0302050027005200806
0302050035005200806
0302060014005200806
0302060022005200806
0302060030005200806
0302060049005200806
0302060057005200806
0302070010005200806
0302070028005200806
0302070036005200806
0303010010004200806
0303010029004200806
0303010037004200806
0303010045004200806
0303010053004200806
0303010061004200806
0303010070004200806
0303010088004200806
0303010096004200806
0303010100004200806
0303010118004200806
0303010126004200806
0303010134004200806
0303010142004200806
0303010150004200806
0303010169004200806
0303010177004200806
0303010185004200806
0303010193004200806
0303010207004200806
0303010215003200806
0303010215007200806
0303020032004200806
0303020040004200806
0303020059004200806
0303020067004200806
0303020075004200806
0303020083004200806
0303030011007200806
0303030020004200806
0303030038004200806
0303030038011200806
0303030046004200806
0303030054004200806
0303030062004200806
0303040017004200806
0303040025004200806
0303040033004200806
0303040041004200806
0303040050004200806
0303040068004200806
0303040076004200806
0303040084004200806
0303040092004200806
0303040106004200806
0303040114004200806
0303040122004200806
0303040130004200806
0303040149004200806
0303040157004200806
0303040165004200806
0303040165011200806
0303040173004200806
0303040181004200806
0303040190004200806
0303040203004200806
0303040211004200806
0303040220004200806
0303040238004200806
0303040246004200806
0303040254004200806
0303040262004200806
0303040270004200806
0303040289004200806
0303040297004200806
0303060018004200806
0303060026004200806
0303060026011200806
0303060034004200806
0303060042004200806
0303060042011200806
0303060050004200806
0303060069004200806
0303060085004200806
0303060093004200806
0303060093011200806
0303060107004200806
0303060107011200806
0303060115004200806
0303060123004200806
0303060131004200806
0303060140004200806
0303060158004200806
0303060166004200806
0303060174004200806
0303060182004200806
0303060182011200806
0303060190004200806
0303060204004200806
0303060212004200806
0303060220004200806
0303060239004200806
0303060247004200806
0303060255004200806
0303060263004200806
0303060271004200806
0303060280011200806
0303060298004200806
0303060301004200806
0303070064004200806
0303070072004200806
0303070080004200806
0303070099004200806
0303070102004200806
0303070110004200806
0303070129004200806
0303080043004200806
0303080051004200806
0303080051011200806
0303080060004200806
0303080078004200806
0303080086004200806
0303080094004200806
0303090138004200806
0303090197004200806
0303090200004200806
0303090235004200806
0303090243004200806
0303090286004200806
0303090294004200806
0303090316004200806
0303090324004200806
0303090332004200806
0303090340004200806
0303090359004200806
0303090367004200806
0303090375004200806
0303100010004200806
0303100028004200806
0303100036004200806
0303100044004200806
0303100052004200806
0303110015004200806
0303110023004200806
0303110031004200806
0303110040004200806
0303110058004200806
0303110066004200806
0303110074004200806
0303110082004200806
0303110090004200806
0303110104004200806
0303110112004200806
0303130016003200806
0303130016007200806
0303130016008200806
0303130024003200806
0303130024007200806
0303130024008200806
0303130032003200806
0303130032007200806
0303130032008200806
0303130040003200806
0303130040007200806
0303130040008200806
0303130059003200806
0303130059007200806
0303130059008200806
0303130067003200806
0303130067007200806
0303130067008200806
0303130075003200806
0303130075007200806
0303130075008200806
0303130083003200806
0303130083007200806
0303140020004200806
0303140038004200806
0303140046004200806
0303140046011200806
0303140054004200806
0303140054011200806
0303140062004200806
0303140070004200806
0303140089004200806
0303140089011200806
0303140097004200806
0303140100004200806
0303140119004200806
0303140127004200806
0303140135004200806
0303140135011200806
0303140143004200806
0303140151004200806
0303150017004200806
0303150025004200806
0303150033004200806
0303150041004200806
0303150050004200806
0303150068004200806
0303160012004200806
0303160020004200806
0303160039004200806
0303160047004200806
0303160055004200806
0303160063004200806
0303160071004200806
0303170018008200806
0303170034007200806
0303170042007200806
0303170050007200806
0303170069007200806
0303170077003200806
0303170077007200806
0303170077008200806
0303170085007200806
0303170085008200806
0303170093003200806
0303170093007200806
0303170093008200806
0303170107007200806
0303180013004200806
0303180013008200806
0303180030004200806
0303180048004200806
0303180056004200806
0303180064004200806
0303180072007200806
0303190019007200806
0303190019008200806
0304010014009200806
0304010022009200806
0304010030009200806
0304010049006200806
0304010057006200806
0304010065006200806
0304010073009200806
0304010090009200806
0304010103009200806
0304010111006200806
0304010111007200806
0304010120009200806
0304010138009200806
0304010146009200806
0304010162004200806
0304010162006200806
0304010170001200806
0304010219006200806
0304010219009200806
0304010227006200806
0304010227009200806
0304010235009200806
0304010243006200806
0304010243009200806
0304010251009200806
0304010260009200806
0304010278009200806
0304010286009200806
0304010294009200806
0304020010009200806
0304020028009200806
0304020036009200806
0304020044009200806
0304020052009200806
0304020060009200806
0304020079009200806
0304020087009200806
0304020095009200806
0304020109009200806
0304020117009200806
0304020125009200806
0304020133009200806
0304020141009200806
0304020150009200806
0304020168009200806
0304020176009200806
0304020184009200806
0304020192009200806
0304020206009200806
0304020214009200806
0304020222009200806
0304020230009200806
0304020249009200806
0304020257009200806
0304020265009200806
0304020273009200806
0304020281009200806
0304020290009200806
0304020303009200806
0304020311009200806
0304020320009200806
0304020338009200806
0304020346009200806
0304020354009200806
0304020362009200806
0304020370009200806
0304030015009200806
0304030023009200806
0304030031009200806
0304030040009200806
0304030058009200806
0304030066009200806
0304030074009200806
0304030082009200806
0304030090009200806
0304030104009200806
0304030112009200806
0304030120009200806
0304030139009200806
0304030147009200806
0304030155009200806
0304030163009200806
0304030171009200806
0304030180009200806
0304030198009200806
0304030201009200806
0304030210009200806
0304040010009200806
0304040029009200806
0304040037009200806
0304040045009200806
0304040053009200806
0304040061009200806
0304040070009200806
0304040088009200806
0304040096009200806
0304040100009200806
0304040118009200806
0304040126009200806
0304040134009200806
0304040142009200806
0304040150009200806
0304040169009200806
0304050016009200806
0304050024009200806
0304050032009200806
0304050040009200806
0304050059009200806
0304050067009200806
0304050075009200806
0304050083009200806
0304050091009200806
0304050105009200806
0304050113009200806
0304050121009200806
0304050130009200806
0304050148009200806
0304050156009200806
0304050164009200806
0304050172009200806
0304050180009200806
0304050199009200806
0304050202009200806
0304050210009200806
0304050229009200806
0304050237009200806
0304050245009200806
0304060011009200806
0304060020009200806
0304060038009200806
0304060046009200806
0304060054009200806
0304060062009200806
0304060070009200806
0304060089009200806
0304060097009200806
0304060100009200806
0304060119009200806
0304060127009200806
0304060135009200806
0304060143009200806
0304060151009200806
0304060160009200806
0304060178009200806
0304060186009200806
0304060194009200806
0304060208009200806
0304060216009200806
0304070017009200806
0304070025009200806
0304070033009200806
0304070041009200806
0304070050009200806
0304080020004200806
0304080020006200806
0304080039004200806
0304080039006200806
0304080047006200806
0304080055009200806
0304080063006200806
0304080071009200806
0304090018004200806
0304090018006200806
0304090026006200806
0304090034006200806
0304100013004200806
0305010026009200806
0305010069009200806
0305010085009200806
0305010107009200806
0305010115009200806
0305010131005200806
0305010166009200806
0305010174007200806
0305010182009200806
0305020013004200806
0305020021004200806
0305020030004200806
0305020030011200806
0305020048004200806
0305020056004200806
0308010019004200806
0308010019011200806
0308010027004200806
0308010027011200806
0308010035004200806
0308010043004200806
0308020022004200806
0308020022011200806
0308020030004200806
0308020030011200806
0308030010004200806
0308030010011200806
0308030028004200806
0308030028011200806
0308030036004200806
0308030036011200806
0308040015004200806
0308040015011200806
0308040023004200806
0309010020001200806
0309010039001200806
0310010020005200806
0310010039004200806
0310010039010200806
0310010047004200806
0310010047010200806
0401010031001200806
0401010058009200806
0401010066001200806
0401010074001200806
0401010090001200806
0401010112001200806
0401010120001200806
0401010139001200806
0401020010001200806
0401020010004200806
0401020029001200806
0401020029004200806
0401020037001200806
0401020037004200806
0401020045001200806
0401020045004200806
0401020053001200806
0401020053004200806
0401020061001200806
0401020061004200806
0401020070001200806
0401020070004200806
0401020088001200806
0401020088002200806
0401020088004200806
0401020096001200806
0401020096004200806
0401020100001200806
0401020100004200806
0401020118001200806
0401020118004200806
0401020126001200806
0401020126004200806
0401020134001200806
0401020142001200806
0401020142004200806
0401020150001200806
0401020150004200806
0401020169001200806
0401020169004200806
0402010019001200806
0402010019004200806
0402010027001200806
0402010027004200806
0402010035001200806
0402010035004200806
0402010043001200806
0402010043004200806
0402010051001200806
0402010051004200806
0402020014001200806
0402020014004200806
0402020022001200806
0402020022004200806
0403010012001200806
0403010012004200806
0403010020001200806
0403010020004200806
0403010039001200806
0403010039004200806
0403010047001200806
0403010047004200806
0403010055001200806
0403010055004200806
0403010063001200806
0403010063004200806
0403010071001200806
0403010071004200806
0403010080001200806
0403010080004200806
0403010098001200806
0403010098004200806
0403010101001200806
0403010101004200806
0403010110001200806
0403010110004200806
0403010128001200806
0403010128004200806
0403010136001200806
0403010136004200806
0403010144001200806
0403010144004200806
0403010152001200806
0403010152004200806
0403010160001200806
0403010160004200806
0403010179001200806
0403010179004200806
0403010187001200806
0403010187004200806
0403010195001200806
0403010195004200806
0403010209001200806
0403010209004200806
0403010217001200806
0403010217004200806
0403010225001200806
0403010225004200806
0403010233001200806
0403010233004200806
0403010241001200806
0403010241004200806
0403010250001200806
0403010250004200806
0403010268001200806
0403010268004200806
0403010276001200806
0403010276004200806
0403010284001200806
0403010284004200806
0403010292001200806
0403010292004200806
0403010306001200806
0403010306004200806
0403010314001200806
0403010314004200806
0403010322001200806
0403010322004200806
0403010322006200806
0403010330001200806
0403010330004200806
0403010349001200806
0403010349004200806
0403010357001200806
0403010357004200806
0403010365001200806
0403010365004200806
0403020018001200806
0403020018006200806
0403020026001200806
0403020026006200806
0403020034001200806
0403020034006200806
0403020042001200806
0403020042006200806
0403020050001200806
0403020050006200806
0403020069001200806
0403020069006200806
0403020077001200806
0403020085001200806
0403020093001200806
0403020107001200806
0403020115001200806
0403020123001200806
0403020123004200806
0403020131001200806
0403020131006200806
0403030013001200806
0403030013004200806
0403030021001200806
0403030021004200806
0403030030001200806
0403030030004200806
0403030048001200806
0403030048004200806
0403030056001200806
0403030056004200806
0403030056006200806
0403030064001200806
0403030064004200806
0403030064006200806
0403030072001200806
0403030072004200806
0403030072006200806
0403030080001200806
0403030080004200806
0403030099001200806
0403030099004200806
0403030099006200806
0403030102001200806
0403030102004200806
0403030102006200806
0403030110001200806
0403030110004200806
0403030129001200806
0403030129004200806
0403030137001200806
0403030137004200806
0403030137006200806
0403030145001200806
0403030145004200806
0403030153001200806
0403030153004200806
0403030161001200806
0403030161004200806
0403030170001200806
0403030170004200806
0403040019001200806
0403040019004200806
0403040019006200806
0403040027001200806
0403040027004200806
0403040027006200806
0403040035001200806
0403040035004200806
0403040035006200806
0403040043001200806
0403040043004200806
0403040043006200806
0403040051001200806
0403040051004200806
0403040060001200806
0403040060004200806
0403040060006200806
0403040078001200806
0403040078004200806
0403040078006200806
0403040086001200806
0403040086004200806
0403040086006200806
0403050014001200806
0403050022001200806
0403050030001200806
0403050030004200806
0403050030006200806
0403050049001200806
0403050049004200806
0403050049006200806
0403050057001200806
0403050057004200806
0403050057006200806
0403050065001200806
0403050065004200806
0403050065006200806
0403050073001200806
0403050073004200806
0403050073006200806
0403050081001200806
0403050090001200806
0403050090004200806
0403050090006200806
0403050103001200806
0403050103004200806
0403050103006200806
0403050111001200806
0403050111004200806
0403050111006200806
0403050120001200806
0403050120004200806
0403050120006200806
0403050138001200806
0403050138004200806
0403050138006200806
0403050146001200806
0403050146004200806
0403050146006200806
0403050154001200806
0403050154004200806
0403050154006200806
0403050162001200806
0403050162004200806
0403050162006200806
0403060010001200806
0403060010006200806
0403060028001200806
0403060028006200806
0403060036001200806
0403060036004200806
0403060036006200806
0403060044001200806
0403060044004200806
0403060044006200806
0403060052001200806
0403060052004200806
0403060052006200806
0403060060001200806
0403060060004200806
0403060060006200806
0403060079001200806
0403060079004200806
0403060079006200806
0403060087001200806
0403060087004200806
0403060087006200806
0403060095001200806
0403060095004200806
0403060095006200806
0403070015001200806
0403070015004200806
0403070015006200806
0403070023001200806
0403070023006200806
0403070031001200806
0403070031004200806
0403070040001200806
0403070040006200806
0403070058001200806
0403070058006200806
0403070066001200806
0403070066006200806
0403070074001200806
0403070074006200806
0403070082001200806
0403070082006200806
0403070090001200806
0403070090006200806
0403070104001200806
0403070104006200806
0403070112001200806
0403070112006200806
0403070120001200806
0403070120006200806
0403070139001200806
0403070139006200806
0403070147001200806
0403070147006200806
0403080010001200806
0403080010004200806
0403080010006200806
0403080029001200806
0403080029004200806
0403080029006200806
0403080037001200806
0403080037004200806
0403080037006200806
0403080045001200806
0403080045004200806
0403080045006200806
0403080053001200806
0403080053004200806
0403080053006200806
0403080061001200806
0403080061004200806
0403080061006200806
0403080070001200806
0403080070004200806
0403080070006200806
0403080088001200806
0403080088004200806
0403080088006200806
0403080096001200806
0403080096004200806
0403080096006200806
0403080100001200806
0403080100004200806
0403080100006200806
0404010016001200806
0404010016002200806
0404010016004200806
0404010024001200806
0404010024002200806
0404010032001200806
0404010032002200806
0404010032004200806
0404010040001200806
0404010040004200806
0404010059001200806
0404010059004200806
0404010067001200806
0404010067004200806
0404010083001200806
0404010083004200806
0404010105001200806
0404010105004200806
0404010113001200806
0404010113004200806
0404010121001200806
0404010121004200806
0404010130001200806
0404010130004200806
0404010148001200806
0404010148004200806
0404010164001200806
0404010164004200806
0404010172001200806
0404010172004200806
0404010180001200806
0404010180004200806
0404010199001200806
0404010199004200806
0404010202001200806
0404010202004200806
0404010210001200806
0404010210004200806
0404010229001200806
0404010229002200806
0404010229004200806
0404010237001200806
0404010288001200806
0404010288004200806
0404010318001200806
0404010326001200806
0404010326004200806
0404010334001200806
0404010334004200806
0404010350001200806
0404010350002200806
0404010350004200806
0404010377001200806
0404010377004200806
0404010385001200806
0404010385004200806
0404010407001200806
0404010407004200806
0404010415001200806
0404010415002200806
0404010415004200806
0404020011001200806
0404020011004200806
0404020038001200806
0404020038004200806
0404020046001200806
0404020046004200806
0404020062001200806
0404020062004200806
0404020070001200806
0404020070004200806
0404020089001200806
0404020089004200806
0404020119001200806
0404020119004200806
0404020135001200806
0404020135004200806
0404020143001200806
0404020143004200806
0404020151001200806
0404020151004200806
0404020160001200806
0404020160004200806
0404020178001200806
0404020178004200806
0404020186001200806
0404020186004200806
0404020194001200806
0404020194004200806
0404020208001200806
0404020208004200806
0404020216001200806
0404020216004200806
0404020224001200806
0404020224004200806
0404020232001200806
0404020232004200806
0404020240001200806
0404020240004200806
0404020259001200806
0404020259004200806
0404020267001200806
0404020267004200806
0404020275001200806
0404020275004200806
0404020283001200806
0404020283004200806
0404020291001200806
0404020291004200806
0404020305001200806
0404020305004200806
0404020313001200806
0404020313004200806
0404020321001200806
0404020321004200806
0404020330001200806
0404020330002200806
0404020330004200806
0404020348001200806
0404020348004200806
0404020356001200806
0404020356004200806
0404020364001200806
0404020364004200806
0404020372001200806
0404020372004200806
0404020380001200806
0404020380004200806
0404020399001200806
0404020399004200806
0404020402001200806
0404020402004200806
0404020410001200806
0404020410004200806
0404020429001200806
0404020429004200806
0404020437001200806
0404020437004200806
0404030017001200806
0404030017004200806
0404030025001200806
0404030025004200806
0404030033001200806
0404030041001200806
0404030041004200806
0404030050001200806
0404030068001200806
0404030076001200806
0404030076004200806
0404030084001200806
0404030084004200806
0404030092001200806
0404030092004200806
0404030106001200806
0404030106004200806
0404030114001200806
0404030114004200806
0404030122001200806
0404030122004200806
0404030130001200806
0404030130004200806
0404030149001200806
0404030149004200806
0404030157001200806
0404030157004200806
0404030165001200806
0404030165004200806
0404030173001200806
0404030173004200806
0404030181001200806
0404030181004200806
0404030190001200806
0404030190004200806
0404030203001200806
0404030203004200806
0404030211001200806
0404030211004200806
0405010010001200806
0405010028001200806
0405010036004200806
0405010044001200806
0405010052001200806
0405010060001200806
0405010079001200806
0405010087004200806
0405010109001200806
0405010117004200806
0405010125004200806
0405010141001200806
0405010150001200806
0405010168001200806
0405010176001200806
0405010192001200806
0405020015004200806
0405020023002200806
0405030029001200806
0405030029004200806
0405030037004200806
0405030045001200806
0405030045002200806
0405030053001200806
0405030070001200806
0405030070004200806
0405030088001200806
0405030096001200806
0405030100004200806
0405030118001200806
0405030118004200806
0405030134001200806
0405030142002200806
0405030150001200806
0405040016004200806
0405040024004200806
0405040032004200806
0405040040004200806
0405040059004200806
0405040067004200806
0405040075001200806
0405040075004200806
0405040083004200806
0405040091004200806
0405040105001200806
0405040130001200806
0405040148004200806
0405040156001200806
0405040156004200806
0405040164001200806
0405040164004200806
0405040172004200806
0405040180004200806
0405040199004200806
0405040202001200806
0405040202002200806
0405050011004200806
0405050020001200806
0405050038001200806
0405050054004200806
0405050062001200806
0405050070001200806
0405050089001200806
0405050097001200806
0405050097002200806
0405050100001200806
0405050100002200806
0405050119001200806
0405050119002200806
0405050127001200806
0405050135004200806
0405050143004200806
0405050151001200806
0405050151004200806
0405050160001200806
0405050178004200806
0405050186004200806
0405050194001200806
0405050208001200806
0405050232004200806
0405050240001200806
0405050259001200806
0405050267001200806
0405050283001200806
0405050291001200806
0405050305001200806
0405050313004200806
0405050348004200806
0405050356004200806
0405050364001200806
0405050372001200806
0405050372002200806
0406010013001200806
0406010013004200806
0406010013006200806
0406010021001200806
0406010021004200806
0406010021006200806
0406010030001200806
0406010030004200806
0406010030006200806
0406010048001200806
0406010048004200806
0406010048006200806
0406010056001200806
0406010056004200806
0406010056006200806
0406010064001200806
0406010064004200806
0406010064006200806
0406010072001200806
0406010072004200806
0406010072006200806
0406010080001200806
0406010080004200806
0406010080006200806
0406010099001200806
0406010099004200806
0406010099006200806
0406010102001200806
0406010102004200806
0406010110001200806
0406010110004200806
0406010137001200806
0406010137004200806
0406010137006200806
0406010145001200806
0406010145004200806
0406010145006200806
0406010153001200806
0406010153004200806
0406010153006200806
0406010161001200806
0406010161004200806
0406010161006200806
0406010170001200806
0406010170004200806
0406010170006200806
0406010188001200806
0406010188004200806
0406010188006200806
0406010196001200806
0406010196004200806
0406010196006200806
0406010200001200806
0406010200004200806
0406010200006200806
0406010218001200806
0406010218004200806
0406010218006200806
0406010226001200806
0406010226004200806
0406010226006200806
0406010234001200806
0406010234004200806
0406010234006200806
0406010242001200806
0406010242004200806
0406010242006200806
0406010250001200806
0406010250004200806
0406010250006200806
0406010269001200806
0406010269004200806
0406010269006200806
0406010277001200806
0406010277004200806
0406010277006200806
0406010285001200806
0406010285004200806
0406010285006200806
0406010293001200806
0406010293004200806
0406010293006200806
0406010307001200806
0406010307004200806
0406010307006200806
0406010315001200806
0406010315004200806
0406010315006200806
0406010323001200806
0406010323004200806
0406010323006200806
0406010331001200806
0406010331004200806
0406010331006200806
0406010340001200806
0406010340004200806
0406010340006200806
0406010358001200806
0406010358004200806
0406010358006200806
0406010366001200806
0406010366004200806
0406010366006200806
0406010374001200806
0406010374004200806
0406010374006200806
0406010382001200806
0406010382004200806
0406010382006200806
0406010390001200806
0406010390004200806
0406010390006200806
0406010404001200806
0406010404004200806
0406010404006200806
0406010412001200806
0406010412004200806
0406010420001200806
0406010420004200806
0406010420006200806
0406010439001200806
0406010439004200806
0406010439006200806
0406010447001200806
0406010447004200806
0406010447006200806
0406010455001200806
0406010455004200806
0406010455006200806
0406010463001200806
0406010463004200806
0406010463006200806
0406010471001200806
0406010471004200806
0406010471006200806
0406010480001200806
0406010480004200806
0406010480006200806
0406010498001200806
0406010498004200806
0406010498006200806
0406010501001200806
0406010501004200806
0406010501006200806
0406010510001200806
0406010510004200806
0406010528001200806
0406010528004200806
0406010528006200806
0406010536001200806
0406010536004200806
0406010536006200806
0406010544001200806
0406010544004200806
0406010544006200806
0406010552001200806
0406010552004200806
0406010552006200806
0406010560004200806
0406010560006200806
0406010579001200806
0406010579004200806
0406010587004200806
0406010587006200806
0406010595001200806
0406010595004200806
0406010609001200806
0406010609004200806
0406010617001200806
0406010617004200806
0406010625001200806
0406010625004200806
0406010633001200806
0406010633004200806
0406010633006200806
0406010641004200806
0406010641006200806
0406010650004200806
0406010650006200806
0406010668004200806
0406010668006200806
0406010676004200806
0406010676006200806
0406010684004200806
0406010692001200806
0406010692004200806
0406010706001200806
0406010706004200806
0406010714001200806
0406010714004200806
0406010714006200806
0406010730001200806
0406010730004200806
0406010730006200806
0406010749004200806
0406010757001200806
0406010757004200806
0406010757006200806
0406010765001200806
0406010765004200806
0406010765006200806
0406010773004200806
0406010781001200806
0406010781004200806
0406010790004200806
0406010803001200806
0406010803004200806
0406010811001200806
0406010811004200806
0406010820001200806
0406010820004200806
0406010838001200806
0406010838004200806
0406010838006200806
0406010846001200806
0406010846004200806
0406010846006200806
0406010854004200806
0406010862004200806
0406010862006200806
0406010870004200806
0406010889001200806
0406010889004200806
0406010889006200806
0406010897001200806
0406010897004200806
0406010897006200806
0406010900001200806
0406010900004200806
0406010919004200806
0406010919006200806
0406010927001200806
0406010927004200806
0406010927006200806
0406010935001200806
0406010935004200806
0406010943001200806
0406010943004200806
0406010943006200806
0406010951001200806
0406010951004200806
0406010951006200806
0406010960004200806
0406010978004200806
0406010986001200806
0406010986004200806
0406010986006200806
0406010994001200806
0406010994004200806
0406010994006200806
0406011001004200806
0406011010004200806
0406011028004200806
0406011036004200806
0406011044004200806
0406011052004200806
0406011060004200806
0406011079004200806
0406011087004200806
0406011095004200806
0406011109004200806
0406011109006200806
0406011117004200806
0406011125004200806
0406011125006200806
0406011133004200806
0406011133006200806
0406011141004200806
0406011150004200806
0406011168004200806
0406011176004200806
0406011184004200806
0406011192004200806
0406011206001200806
0406011206004200806
0406011206006200806
0406011214001200806
0406011214004200806
0406011214006200806
0406011222001200806
0406011222004200806
0406011222006200806
0406020019001200806
0406020019004200806
0406020027001200806
0406020027004200806
0406020035001200806
0406020035004200806
0406020043001200806
0406020043004200806
0406020051001200806
0406020051004200806
0406020051006200806
0406020078001200806
0406020078004200806
0406020108001200806
0406020108004200806
0406020116001200806
0406020116004200806
0406020124001200806
0406020124004200806
0406020159001200806
0406020167001200806
0406020167004200806
0406020191001200806
0406020191004200806
0406020205001200806
0406020213001200806
0406020213004200806
0406020221001200806
0406020221004200806
0406020230001200806
0406020230004200806
0406020248001200806
0406020248004200806
0406020256001200806
0406020256004200806
0406020264001200806
0406020264004200806
0406020272001200806
0406020272004200806
0406020280001200806
0406020280004200806
0406020302001200806
0406020302004200806
0406020310001200806
0406020310004200806
0406020329001200806
0406020329004200806
0406020337001200806
0406020337004200806
0406020345001200806
0406020345004200806
0406020353001200806
0406020353004200806
0406020361001200806
0406020361004200806
0406020370001200806
0406020370004200806
0406020388001200806
0406020388004200806
0406020396001200806
0406020396004200806
0406020400001200806
0406020400004200806
0406020418001200806
0406020418004200806
0406020426001200806
0406020426004200806
0406020434001200806
0406020434004200806
0406020442001200806
0406020442004200806
0406020450001200806
0406020450004200806
0406020469001200806
0406020469004200806
0406020477001200806
0406020477004200806
0406020485001200806
0406020485004200806
0406020493001200806
0406020493004200806
0406020507001200806
0406020507004200806
0406020515001200806
0406020515004200806
0406020523001200806
0406020523004200806
0406020531001200806
0406020531004200806
0406020540001200806
0406020540004200806
0406020558001200806
0406020558004200806
0406020566001200806
0406020566002200806
0406020566004200806
0406020574001200806
0406020574002200806
0406020574004200806
0406020582001200806
0406020582004200806
0406020582006200806
0406020590001200806
0406020590004200806
0406020604001200806
0406020604004200806
0406030014001200806
0406030014006200806
0406030022001200806
0406030022006200806
0406030030001200806
0406030030006200806
0406030049001200806
0406030049004200806
0406030049006200806
0406030057001200806
0406030057004200806
0406030057006200806
0406030065001200806
0406030065006200806
0406030073001200806
0406030073006200806
0406030081001200806
0406030081006200806
0406030090001200806
0406030090004200806
0406030090006200806
0406030103001200806
0406030103004200806
0406030103006200806
0406030111001200806
0406030111006200806
0406030120001200806
0406030120006200806
0406030138001200806
0406030138004200806
0406030138006200806
0406030146001200806
0406030146006200806
0406040010004200806
0406040028001200806
0406040028004200806
0406040028006200806
0406040044001200806
0406040044004200806
0406040044006200806
0406040052001200806
0406040052004200806
0406040052006200806
0406040060001200806
0406040060004200806
0406040060006200806
0406040079004200806
0406040087001200806
0406040087004200806
0406040087006200806
0406040095001200806
0406040095004200806
0406040095006200806
0406040109004200806
0406040109006200806
0406040117004200806
0406040125004200806
0406040125006200806
0406040133001200806
0406040133004200806
0406040133006200806
0406040141004200806
0406040141006200806
0406040150001200806
0406040150004200806
0406040150006200806
0406040168001200806
0406040168004200806
0406040168006200806
0406040176001200806
0406040176004200806
0406040176006200806
0406040184001200806
0406040184004200806
0406040192001200806
0406040192004200806
0406040206001200806
0406040206004200806
0406040214001200806
0406040214004200806
0406040222001200806
0406040222004200806
0406040230001200806
0406040230004200806
0406040249001200806
0406040249004200806
0406040257001200806
0406040257004200806
0406040265001200806
0406040265004200806
0406040265006200806
0406040273001200806
0406040273004200806
0406040281001200806
0406040281004200806
0406040290001200806
0406040290004200806
0406040303001200806
0406040303004200806
0406040311001200806
0406040311004200806
0406040320001200806
0406040320004200806
0406040338001200806
0406040338004200806
0406050015004200806
0406050015006200806
0406050023004200806
0406050023006200806
0406050031004200806
0406050031006200806
0406050040001200806
0406050040004200806
0406050040006200806
0406050058004200806
0406050058006200806
0406050066004200806
0406050066006200806
0406050074004200806
0406050074006200806
0406050082004200806
0406050082006200806
0406050090001200806
0406050090004200806
0406050104004200806
0406050104006200806
0406050112001200806
0406050112004200806
0406050112006200806
0406050120004200806
0406050120006200806
0406050139004200806
0406050139006200806
0407010017001200806
0407010017004200806
0407010017006200806
0407010033001200806
0407010033004200806
0407010041001200806
0407010041004200806
0407010050001200806
0407010050004200806
0407010068001200806
0407010068004200806
0407010076001200806
0407010076004200806
0407010084001200806
0407010084004200806
0407010092001200806
0407010092004200806
0407010106001200806
0407010106004200806
0407010114001200806
0407010114004200806
0407010122001200806
0407010122004200806
0407010130001200806
0407010130004200806
0407010149001200806
0407010149004200806
0407010157001200806
0407010157004200806
0407010165001200806
0407010165004200806
0407010173001200806
0407010173004200806
0407010173006200806
0407010181001200806
0407010181004200806
0407010181006200806
0407010190001200806
0407010190004200806
0407010203001200806
0407010203004200806
0407010211001200806
0407010211004200806
0407010220001200806
0407010220004200806
0407010238001200806
0407010238004200806
0407010262001200806
0407010270001200806
0407010270004200806
0407010289001200806
0407010289004200806
0407010297001200806
0407010297004200806
0407010300001200806
0407010300004200806
0407010319001200806
0407010335001200806
0407010335004200806
0407010343001200806
0407010343004200806
0407010351001200806
0407010351004200806
0407020012001200806
0407020012004200806
0407020020001200806
0407020020004200806
0407020039001200806
0407020039004200806
0407020047001200806
0407020047004200806
0407020055001200806
0407020063001200806
0407020063004200806
0407020071001200806
0407020071004200806
0407020080001200806
0407020080004200806
0407020098001200806
0407020098004200806
0407020101001200806
0407020101004200806
0407020110001200806
0407020110004200806
0407020136001200806
0407020136004200806
0407020144001200806
0407020144004200806
0407020152001200806
0407020152004200806
0407020179001200806
0407020179004200806
0407020187001200806
0407020187004200806
0407020195001200806
0407020195004200806
0407020209001200806
0407020209004200806
0407020217001200806
0407020217004200806
0407020225001200806
0407020225002200806
0407020225004200806
0407020233001200806
0407020233004200806
0407020241001200806
0407020241004200806
0407020250001200806
0407020250004200806
0407020268001200806
0407020268004200806
0407020276001200806
0407020276002200806
0407020276004200806
0407020284001200806
0407020284002200806
0407020284004200806
0407020292001200806
0407020292004200806
0407020306001200806
0407020306004200806
0407020322001200806
0407020322004200806
0407020330001200806
0407020330004200806
0407020349001200806
0407020349004200806
0407020357001200806
0407020357004200806
0407020365001200806
0407020365004200806
0407020381001200806
0407020381004200806
0407020403001200806
0407020403004200806
0407020411001200806
0407020411004200806
0407020420001200806
0407020420004200806
0407020438001200806
0407020438004200806
0407020446001200806
0407020446004200806
0407020454001200806
0407020454004200806
0407020462001200806
0407020462004200806
0407020470001200806
0407020470004200806
0407030018001200806
0407030018004200806
0407030026001200806
0407030026002200806
0407030026004200806
0407030034001200806
0407030034002200806
0407030034004200806
0407030042001200806
0407030042004200806
0407030050001200806
0407030050004200806
0407030069001200806
0407030069002200806
0407030069004200806
0407030077001200806
0407030077004200806
0407030123001200806
0407030123004200806
0407030131001200806
0407030131004200806
0407030140001200806
0407030140004200806
0407030158001200806
0407030158004200806
0407030166001200806
0407030166004200806
0407030174001200806
0407030174004200806
0407030182001200806
0407030182004200806
0407030190001200806
0407030190004200806
0407030204001200806
0407030204004200806
0407030212001200806
0407030212004200806
0407030220001200806
0407030220004200806
0407030247001200806
0407030247004200806
0407040013001200806
0407040013004200806
0407040021001200806
0407040021004200806
0407040030001200806
0407040030004200806
0407040048001200806
0407040048004200806
0407040056001200806
0407040056004200806
0407040064001200806
0407040064002200806
0407040064004200806
0407040072001200806
0407040072004200806
0407040080001200806
0407040080002200806
0407040080004200806
0407040099001200806
0407040099002200806
0407040099004200806
0407040102001200806
0407040102002200806
0407040102004200806
0407040110001200806
0407040110002200806
0407040110004200806
0407040129001200806
0407040129002200806
0407040129004200806
0407040137001200806
0407040137004200806
0407040145001200806
0407040145004200806
0407040153001200806
0407040153004200806
0407040161001200806
0407040161004200806
0407040170001200806
0407040170004200806
0407040188001200806
0407040188004200806
0407040200001200806
0407040200004200806
0407040226001200806
0407040226002200806
0407040226004200806
0407040234001200806
0407040234004200806
0407040242001200806
0407040242004200806
0407040250001200806
0407040250004200806
0407040269001200806
0407040269004200806
0408010010001200806
0408010010004200806
0408010010006200806
0408010029001200806
0408010029004200806
0408010037001200806
0408010037004200806
0408010037006200806
0408010045001200806
0408010045004200806
0408010045006200806
0408010053001200806
0408010053004200806
0408010053006200806
0408010061001200806
0408010061004200806
0408010070001200806
0408010070004200806
0408010088001200806
0408010088004200806
0408010088006200806
0408010096001200806
0408010096004200806
0408010100001200806
0408010100004200806
0408010118001200806
0408010118004200806
0408010134001200806
0408010134004200806
0408010142001200806
0408010142004200806
0408010150001200806
0408010150004200806
0408010169001200806
0408010169004200806
0408010177001200806
0408010177004200806
0408010185001200806
0408010185004200806
0408010193001200806
0408010193004200806
0408010207001200806
0408010207004200806
0408010215001200806
0408010215004200806
0408010223001200806
0408010223004200806
0408010231001200806
0408020016001200806
0408020016004200806
0408020024001200806
0408020024004200806
0408020032001200806
0408020032004200806
0408020040001200806
0408020040004200806
0408020059001200806
0408020059004200806
0408020067001200806
0408020067004200806
0408020067006200806
0408020075001200806
0408020075004200806
0408020083001200806
0408020083004200806
0408020083006200806
0408020091001200806
0408020091004200806
0408020105001200806
0408020105004200806
0408020121001200806
0408020121004200806
0408020130001200806
0408020130004200806
0408020148001200806
0408020148004200806
0408020156004200806
0408020164004200806
0408020172004200806
0408020180004200806
0408020199004200806
0408020202004200806
0408020210004200806
0408020229004200806
0408020237001200806
0408020237004200806
0408020245001200806
0408020245004200806
0408020253001200806
0408020253004200806
0408020261001200806
0408020261004200806
0408020270001200806
0408020270004200806
0408020288001200806
0408020288004200806
0408020288006200806
0408020296001200806
0408020296004200806
0408020300001200806
0408020300004200806
0408020318001200806
0408020318004200806
0408020318006200806
0408020326001200806
0408020326004200806
0408020334001200806
0408020334004200806
0408020342001200806
0408020342004200806
0408020350001200806
0408020350004200806
0408020369001200806
0408020369004200806
0408020377001200806
0408020377004200806
0408020385001200806
0408020385004200806
0408020393001200806
0408020393004200806
0408020407001200806
0408020407004200806
0408020415001200806
0408020415004200806
0408020423001200806
0408020423004200806
0408020431001200806
0408020431004200806
0408020440001200806
0408020440004200806
0408020458001200806
0408020458004200806
0408020466001200806
0408020466004200806
0408020474001200806
0408020474004200806
0408020482001200806
0408020482004200806
0408020490001200806
0408020490004200806
0408020504001200806
0408020504004200806
0408020512001200806
0408020512004200806
0408020520001200806
0408020520004200806
0408020539001200806
0408020539004200806
0408020547001200806
0408020547004200806
0408020555001200806
0408020555004200806
0408020563001200806
0408020563004200806
0408020571001200806
0408020571004200806
0408020580001200806
0408020580004200806
0408020598001200806
0408020598004200806
0408020601001200806
0408020601004200806
0408020610001200806
0408020610004200806
0408020628001200806
0408020628004200806
0408020636001200806
0408020636004200806
0408020644001200806
0408020644004200806
0408020644006200806
0408030011001200806
0408030011004200806
0408030020001200806
0408030020004200806
0408030020006200806
0408030038001200806
0408030038004200806
0408030038006200806
0408030046001200806
0408030046004200806
0408030054001200806
0408030054004200806
0408030054006200806
0408030062001200806
0408030062004200806
0408030062006200806
0408030070001200806
0408030070004200806
0408030089001200806
0408030089004200806
0408030089006200806
0408030097001200806
0408030097004200806
0408030100001200806
0408030100004200806
0408030119001200806
0408030119004200806
0408030127001200806
0408030127004200806
0408030127006200806
0408030135001200806
0408030135004200806
0408030135006200806
0408030143001200806
0408030143004200806
0408030143006200806
0408030151001200806
0408030151004200806
0408030160001200806
0408030160004200806
0408030178001200806
0408030178004200806
0408030178006200806
0408030186001200806
0408030186004200806
0408030194001200806
0408030194004200806
0408030208001200806
0408030208004200806
0408030216001200806
0408030216004200806
0408030224001200806
0408030224004200806
0408030232001200806
0408030232004200806
0408030240001200806
0408030240004200806
0408030240006200806
0408030259001200806
0408030259004200806
0408030267001200806
0408030267004200806
0408030275001200806
0408030275004200806
0408030283001200806
0408030283004200806
0408030291001200806
0408030291004200806
0408030305001200806
0408030305004200806
0408030313001200806
0408030313004200806
0408030321001200806
0408030321004200806
0408030330001200806
0408030330004200806
0408030348001200806
0408030348004200806
0408030356001200806
0408030356004200806
0408030356006200806
0408030364001200806
0408030364004200806
0408030364006200806
0408030372001200806
0408030372004200806
0408030380001200806
0408030380004200806
0408030399001200806
0408030399004200806
0408030402001200806
0408030402004200806
0408030410001200806
0408030410004200806
0408030429001200806
0408030429004200806
0408030437001200806
0408030437004200806
0408030445001200806
0408030445004200806
0408030453001200806
0408030453003200806
0408030461001200806
0408030461004200806
0408030470001200806
0408030470004200806
0408030500001200806
0408030500004200806
0408030500006200806
0408030518001200806
0408030518004200806
0408030526001200806
0408030526004200806
0408030534001200806
0408030534004200806
0408030542001200806
0408030542004200806
0408030550001200806
0408030550004200806
0408030550006200806
0408030569001200806
0408030569004200806
0408030569006200806
0408030577001200806
0408030577004200806
0408030585001200806
0408030585004200806
0408030593001200806
0408030593004200806
0408030607001200806
0408030607004200806
0408030615001200806
0408030615004200806
0408030615006200806
0408030623001200806
0408030623004200806
0408030623006200806
0408030631001200806
0408030631004200806
0408030640001200806
0408030640003200806
0408030658001200806
0408030658004200806
0408030666001200806
0408030666004200806
0408030674001200806
0408030674004200806
0408030682001200806
0408030682004200806
0408030690001200806
0408030690004200806
0408030704001200806
0408030704004200806
0408030712001200806
0408030712004200806
0408030720001200806
0408030720004200806
0408030739001200806
0408030739004200806
0408030747001200806
0408030747004200806
0408030755001200806
0408030755004200806
0408030763001200806
0408030763004200806
0408030771001200806
0408030771004200806
0408030771006200806
0408030780001200806
0408030780004200806
0408030798001200806
0408030798004200806
0408030798006200806
0408030801001200806
0408030801004200806
0408030810001200806
0408030810004200806
0408030828001200806
0408030828004200806
0408030836001200806
0408030836004200806
0408030844001200806
0408030844004200806
0408030852001200806
0408030852004200806
0408030860001200806
0408030860004200806
0408030879001200806
0408030879004200806
0408030887001200806
0408030887004200806
0408030895001200806
0408030895004200806
0408030909001200806
0408030909004200806
0408030917001200806
0408030917004200806
0408040017001200806
0408040025001200806
0408040033001200806
0408040033004200806
0408040041001200806
0408040041004200806
0408040041006200806
0408040050001200806
0408040050004200806
0408040068001200806
0408040068004200806
0408040068006200806
0408040076001200806
0408040076004200806
0408040076006200806
0408040084001200806
0408040084004200806
0408040092001200806
0408040092004200806
0408040092006200806
0408040106001200806
0408040106004200806
0408040114001200806
0408040114004200806
0408040114006200806
0408040122001200806
0408040122004200806
0408040130001200806
0408040130004200806
0408040149001200806
0408040149004200806
0408040157001200806
0408040157004200806
0408040157006200806
0408040165001200806
0408040165004200806
0408040165006200806
0408040173001200806
0408040173004200806
0408040181001200806
0408040181004200806
0408040190001200806
0408040190004200806
0408040203001200806
0408040203004200806
0408040220001200806
0408040220006200806
0408040238001200806
0408040238004200806
0408040238006200806
0408040246001200806
0408040246004200806
0408040254001200806
0408040254004200806
0408040254006200806
0408040262001200806
0408040262004200806
0408040270001200806
0408040270004200806
0408040289001200806
0408040289004200806
0408040289006200806
0408040297001200806
0408040297004200806
0408040300001200806
0408040300004200806
0408040319001200806
0408040319004200806
0408040319006200806
0408040327001200806
0408040327004200806
0408040335001200806
0408040335004200806
0408040343001200806
0408040343004200806
0408050012001200806
0408050012004200806
0408050020001200806
0408050020004200806
0408050039001200806
0408050039002200806
0408050039004200806
0408050047001200806
0408050047004200806
0408050047006200806
0408050055001200806
0408050055004200806
0408050055006200806
0408050063001200806
0408050063004200806
0408050063006200806
0408050071001200806
0408050071004200806
0408050071006200806
0408050080001200806
0408050080004200806
0408050101001200806
0408050101004200806
0408050110001200806
0408050110004200806
0408050128001200806
0408050128004200806
0408050136001200806
0408050136004200806
0408050144001200806
0408050144004200806
0408050152001200806
0408050152004200806
0408050160001200806
0408050160004200806
0408050160006200806
0408050179001200806
0408050179004200806
0408050187001200806
0408050187004200806
0408050187006200806
0408050195004200806
0408050209004200806
0408050217004200806
0408050225004200806
0408050233004200806
0408050241004200806
0408050250004200806
0408050268001200806
0408050268004200806
0408050276001200806
0408050276004200806
0408050284001200806
0408050284004200806
0408050292001200806
0408050292004200806
0408050306001200806
0408050306004200806
0408050314001200806
0408050314004200806
0408050322001200806
0408050322004200806
0408050330001200806
0408050330004200806
0408050349001200806
0408050349004200806
0408050349006200806
0408050357001200806
0408050357004200806
0408050365001200806
0408050365004200806
0408050373001200806
0408050373004200806
0408050381001200806
0408050381004200806
0408050390001200806
0408050390004200806
0408050403001200806
0408050403004200806
0408050411001200806
0408050411004200806
0408050420001200806
0408050420004200806
0408050438001200806
0408050438004200806
0408050446001200806
0408050446004200806
0408050454001200806
0408050454004200806
0408050462001200806
0408050462004200806
0408050470001200806
0408050470004200806
0408050489001200806
0408050489004200806
0408050497001200806
0408050497004200806
0408050500001200806
0408050500004200806
0408050519001200806
0408050519004200806
0408050527001200806
0408050527004200806
0408050535001200806
0408050535004200806
0408050543001200806
0408050543004200806
0408050543006200806
0408050551001200806
0408050551004200806
0408050560001200806
0408050560004200806
0408050578001200806
0408050578004200806
0408050586001200806
0408050586004200806
0408050594001200806
0408050594004200806
0408050608001200806
0408050608004200806
0408050616001200806
0408050616004200806
0408050624001200806
0408050624004200806
0408050632001200806
0408050632004200806
0408050640001200806
0408050640004200806
0408050659001200806
0408050659004200806
0408050667001200806
0408050667004200806
0408050675001200806
0408050675004200806
0408050683001200806
0408050683004200806
0408050691001200806
0408050691004200806
0408050705001200806
0408050705004200806
0408050713001200806
0408050713004200806
0408050721001200806
0408050721004200806
0408050730001200806
0408050730004200806
0408050748001200806
0408050748004200806
0408050756001200806
0408050756004200806
0408050756006200806
0408050764001200806
0408050764002200806
0408050764004200806
0408050772001200806
0408050772004200806
0408050772006200806
0408050780001200806
0408050780004200806
0408050799001200806
0408050799004200806
0408050802001200806
0408050802004200806
0408050810001200806
0408050810004200806
0408050829001200806
0408050829004200806
0408050837001200806
0408050837004200806
0408050845001200806
0408050845004200806
0408050853001200806
0408050853004200806
0408050853006200806
0408050861001200806
0408050861004200806
0408050870001200806
0408050870004200806
0408050888001200806
0408050888004200806
0408050888006200806
0408050896001200806
0408050896002200806
0408050896004200806
0408050900001200806
0408050900004200806
0408050918001200806
0408050918002200806
0408050918004200806
0408050926001200806
0408050926004200806
0408060018001200806
0408060018004200806
0408060026001200806
0408060026004200806
0408060026006200806
0408060034001200806
0408060034004200806
0408060034006200806
0408060042001200806
0408060042004200806
0408060050001200806
0408060050004200806
0408060069001200806
0408060069002200806
0408060069004200806
0408060069006200806
0408060077001200806
0408060077004200806
0408060077006200806
0408060085001200806
0408060085004200806
0408060093001200806
0408060093004200806
0408060107001200806
0408060107004200806
0408060107006200806
0408060115001200806
0408060115004200806
0408060115006200806
0408060123001200806
0408060123002200806
0408060123004200806
0408060131001200806
0408060131004200806
0408060140001200806
0408060140002200806
0408060140004200806
0408060158001200806
0408060158004200806
0408060166001200806
0408060174001200806
0408060174004200806
0408060182001200806
0408060182004200806
0408060190001200806
0408060190002200806
0408060190004200806
0408060204001200806
0408060204004200806
0408060212001200806
0408060212004200806
0408060239001200806
0408060239004200806
0408060239006200806
0408060247001200806
0408060247004200806
0408060255001200806
0408060255004200806
0408060255006200806
0408060263001200806
0408060263004200806
0408060263006200806
0408060271001200806
0408060271004200806
0408060280001200806
0408060280004200806
0408060298001200806
0408060298004200806
0408060298006200806
0408060301001200806
0408060301004200806
0408060310001200806
0408060310004200806
0408060328001200806
0408060336001200806
0408060336004200806
0408060344001200806
0408060344004200806
0408060352001200806
0408060352004200806
0408060360001200806
0408060360004200806
0408060379001200806
0408060379004200806
0408060387001200806
0408060387004200806
0408060395001200806
0408060409001200806
0408060409002200806
0408060409004200806
0408060417001200806
0408060417004200806
0408060425001200806
0408060425004200806
0408060433001200806
0408060433004200806
0408060441001200806
0408060441004200806
0408060450001200806
0408060450004200806
0408060468001200806
0408060468004200806
0408060476001200806
0408060476004200806
0408060484001200806
0408060484002200806
0408060484004200806
0408060492001200806
0408060492004200806
0408060492006200806
0408060506001200806
0408060506004200806
0408060506006200806
0408060514001200806
0408060514004200806
0408060514006200806
0408060522001200806
0408060522004200806
0408060522006200806
0408060530001200806
0408060530004200806
0408060530006200806
0408060549001200806
0408060557001200806
0408060557004200806
0408060565001200806
0408060565004200806
0408060573001200806
0408060573002200806
0408060573004200806
0408060581001200806
0408060581004200806
0408060590001200806
0408060590002200806
0408060590004200806
0408060603001200806
0408060603004200806
0408060611001200806
0408060611004200806
0408060620001200806
0408060620004200806
0408060620006200806
0408060638001200806
0408060638004200806
0408060646001200806
0408060646004200806
0408060646006200806
0408060662001200806
0408060662004200806
0408060670001200806
0408060670002200806
0408060670004200806
0408060697001200806
0408060697004200806
0408060700001200806
0408060700004200806
0409010014001200806
0409010014004200806
0409010022001200806
0409010022004200806
0409010030001200806
0409010030004200806
0409010049001200806
0409010049004200806
0409010057001200806
0409010057004200806
0409010065001200806
0409010065004200806
0409010073001200806
0409010073004200806
0409010081001200806
0409010081004200806
0409010090001200806
0409010090004200806
0409010103001200806
0409010111001200806
0409010120001200806
0409010120004200806
0409010138001200806
0409010138004200806
0409010146001200806
0409010146004200806
0409010154001200806
0409010162001200806
0409010170001200806
0409010170004200806
0409010189001200806
0409010189004200806
0409010197001200806
0409010197004200806
0409010200001200806
0409010200004200806
0409010219001200806
0409010219004200806
0409010227001200806
0409010227004200806
0409010235001200806
0409010235004200806
0409010243001200806
0409010243004200806
0409010251001200806
0409010251004200806
0409010260001200806
0409010260004200806
0409010278001200806
0409010286001200806
0409010286004200806
0409010294001200806
0409010294004200806
0409010308001200806
0409010308004200806
0409010316001200806
0409010316004200806
0409010324001200806
0409010324004200806
0409010332001200806
0409010332004200806
0409010340001200806
0409010340004200806
0409010367001200806
0409010367004200806
0409010375001200806
0409010375004200806
0409010383001200806
0409010383004200806
0409010391001200806
0409010391004200806
0409010405001200806
0409010405004200806
0409010413001200806
0409010413004200806
0409010421001200806
0409010430001200806
0409010430004200806
0409010448001200806
0409010456001200806
0409010456004200806
0409010464001200806
0409010464004200806
0409010472001200806
0409010472004200806
0409010480001200806
0409010480004200806
0409010499001200806
0409010499002200806
0409010499004200806
0409010502001200806
0409010502004200806
0409010510001200806
0409010510004200806
0409010529001200806
0409010529004200806
0409010537001200806
0409010537004200806
0409010545001200806
0409010545004200806
0409010553001200806
0409010553004200806
0409010561001200806
0409010561004200806
0409010570001200806
0409010570004200806
0409010588001200806
0409010588004200806
0409020010001200806
0409020010004200806
0409020028001200806
0409020028004200806
0409020044001200806
0409020044004200806
0409020052001200806
0409020052004200806
0409020060001200806
0409020079001200806
0409020079004200806
0409020087001200806
0409020087004200806
0409020095001200806
0409020095004200806
0409020109001200806
0409020109004200806
0409020117001200806
0409020125001200806
0409020125004200806
0409020133001200806
0409020133004200806
0409020141001200806
0409020141004200806
0409020150001200806
0409020150004200806
0409020168001200806
0409020168004200806
0409020176001200806
0409020184001200806
0409030015001200806
0409030015004200806
0409030023001200806
0409030023002200806
0409030023004200806
0409030031001200806
0409030031004200806
0409030040001200806
0409030040002200806
0409030040004200806
0409040010001200806
0409040010004200806
0409040037001200806
0409040037004200806
0409040045001200806
0409040045004200806
0409040053001200806
0409040053004200806
0409040070001200806
0409040070004200806
0409040088001200806
0409040088004200806
0409040096001200806
0409040096004200806
0409040100001200806
0409040118001200806
0409040118004200806
0409040126001200806
0409040126004200806
0409040134001200806
0409040134002200806
0409040134004200806
0409040142001200806
0409040142004200806
0409040150001200806
0409040150004200806
0409040169001200806
0409040169004200806
0409040177001200806
0409040177004200806
0409040185001200806
0409040185004200806
0409040193001200806
0409040193004200806
0409040207001200806
0409040207004200806
0409040215001200806
0409040215002200806
0409040215004200806
0409040223001200806
0409040223004200806
0409040231001200806
0409040231002200806
0409040231004200806
0409040240002200806
0409040240004200806
0409050016001200806
0409050016004200806
0409050024001200806
0409050024004200806
0409050032001200806
0409050032002200806
0409050032004200806
0409050040001200806
0409050040002200806
0409050040004200806
0409050059001200806
0409050067001200806
0409050075001200806
0409050075004200806
0409050083001200806
0409050083002200806
0409050083004200806
0409050091001200806
0409050091004200806
0409050105001200806
0409050105004200806
0409050113001200806
0409050113004200806
0409060011001200806
0409060011004200806
0409060020001200806
0409060020002200806
0409060020004200806
0409060038001200806
0409060038002200806
0409060038004200806
0409060046001200806
0409060046002200806
0409060046004200806
0409060054001200806
0409060054004200806
0409060062001200806
0409060070001200806
0409060089001200806
0409060097001200806
0409060100001200806
0409060100002200806
0409060100004200806
0409060119001200806
0409060119002200806
0409060119004200806
0409060127001200806
0409060127004200806
0409060135001200806
0409060135002200806
0409060135004200806
0409060143001200806
0409060143004200806
0409060151001200806
0409060151004200806
0409060160001200806
0409060160004200806
0409060178001200806
0409060178002200806
0409060178004200806
0409060186001200806
0409060186002200806
0409060186004200806
0409060194001200806
0409060194002200806
0409060194004200806
0409060208001200806
0409060208002200806
0409060208004200806
0409060216001200806
0409060216002200806
0409060216004200806
0409060224001200806
0409060224004200806
0409060232001200806
0409060240001200806
0409060259001200806
0409060259004200806
0409060267001200806
0409060275001200806
0409060283001200806
0409060283004200806
0409070017001200806
0409070017004200806
0409070025001200806
0409070025004200806
0409070033001200806
0409070033004200806
0409070041001200806
0409070041004200806
0409070050001200806
0409070050002200806
0409070050004200806
0409070068001200806
0409070068004200806
0409070076001200806
0409070076004200806
0409070084001200806
0409070084004200806
0409070092001200806
0409070106001200806
0409070106004200806
0409070114001200806
0409070114004200806
0409070130001200806
0409070149001200806
0409070157001200806
0409070157002200806
0409070173001200806
0409070190001200806
0409070203001200806
0409070203004200806
0409070211001200806
0409070211004200806
0409070220001200806
0409070238001200806
0409070238004200806
0409070246001200806
0409070246004200806
0409070254001200806
0409070254004200806
0409070262001200806
0409070262004200806
0409070270001200806
0409070270002200806
0409070270004200806
0409070289001200806
0409070289004200806
0409070297001200806
0409070297004200806
0409070300001200806
0409070300004200806
0410010014001200806
0410010014004200806
0410010057001200806
0410010057004200806
0410010065001200806
0410010065002200806
0410010065004200806
0410010073001200806
0410010073004200806
0410010081001200806
0410010081004200806
0410010090001200806
0410010090004200806
0410010111004200806
0410010120001200806
0410010120004200806
0411010018001200806
0411010026004200806
0411010026010200806
0411010034004200806
0411010034010200806
0411010042004200806
0411010042010200806
0411010050001200806
0411010050004200806
0411010077001200806
0411010077004200806
0411010085001200806
0411010085004200806
0411020013001200806
0411020013004200806
0411020021001200806
0411020021004200806
0411020030001200806
0411020030004200806
0411020048001200806
0411020048004200806
0411020056001200806
0411020056004200806
0412010011001200806
0412010011004200806
0412010020001200806
0412010020004200806
0412010038001200806
0412010038004200806
0412010046001200806
0412010046004200806
0412010054001200806
0412010054004200806
0412010070001200806
0412010070004200806
0412010089001200806
0412010089004200806
0412010097001200806
0412010097004200806
0412010100001200806
0412010100004200806
0412010119001200806
0412010119004200806
0412010127001200806
0412010135001200806
0412010135004200806
0412010143001200806
0412010143004200806
0412020017001200806
0412020017004200806
0412020025001200806
0412020025004200806
0412020033001200806
0412020033004200806
0412020041001200806
0412020041004200806
0412020050001200806
0412020050004200806
0412020068001200806
0412020068004200806
0412020076001200806
0412020076004200806
0412020084001200806
0412020084004200806
0412030012001200806
0412030012004200806
0412030047001200806
0412030047004200806
0412030080001200806
0412030080004200806
0412040018001200806
0412040018004200806
0412040026001200806
0412040026004200806
0412040034001200806
0412040034004200806
0412040042001200806
0412040042004200806
0412040050001200806
0412040050004200806
0412040069001200806
0412040069004200806
0412040077001200806
0412040077004200806
0412040085001200806
0412040085004200806
0412040093001200806
0412040093004200806
0412040107001200806
0412040107004200806
0412040115001200806
0412040115004200806
0412040123001200806
0412040123004200806
0412040131001200806
0412040131004200806
0412040158001200806
0412040158004200806
0412040166004200806
0412040174001200806
0412040174004200806
0412040182001200806
0412040182004200806
0412040190001200806
0412040190004200806
0412040204001200806
0412040204004200806
0412040212001200806
0412040212004200806
0412040220001200806
0412040220004200806
0412050013001200806
0412050013004200806
0412050021001200806
0412050021004200806
0412050030001200806
0412050030004200806
0412050048001200806
0412050048004200806
0412050056001200806
0412050056004200806
0412050064001200806
0412050064004200806
0412050072001200806
0412050072004200806
0412050080001200806
0412050080004200806
0412050099001200806
0412050099004200806
0412050102001200806
0412050102004200806
0412050110001200806
0412050110004200806
0412050137001200806
0412050137004200806
0412050145001200806
0412050145004200806
0412050153001200806
0412050153004200806
0413010066004200806
0413010082004200806
0413010090001200806
0413030016001200806
0413030016004200806
0413030024001200806
0413030024004200806
0413030032001200806
0413030032004200806
0413030040001200806
0413030059001200806
0413030059004200806
0413030067001200806
0413030067004200806
0413030075001200806
0413030075004200806
0413030083001200806
0413030083004200806
0413040020001200806
0413040020004200806
0413040038001200806
0413040038004200806
0413040046001200806
0413040046004200806
0413040054001200806
0413040054004200806
0413040054006200806
0413040062001200806
0413040062004200806
0413040062006200806
0413040070001200806
0413040070004200806
0413040070006200806
0413040089001200806
0413040089004200806
0413040089006200806
0413040097001200806
0413040097004200806
0413040100001200806
0413040100004200806
0413040119001200806
0413040119004200806
0413040127001200806
0413040127004200806
0413040135001200806
0413040135004200806
0413040143001200806
0413040143004200806
0413040151001200806
0413040151004200806
0413040160001200806
0413040160004200806
0413040178001200806
0413040178004200806
0413040186001200806
0413040186004200806
0413040194001200806
0413040194004200806
0413040208001200806
0413040208004200806
0413040216001200806
0413040216004200806
0413040224001200806
0413040224004200806
0413040232001200806
0413040232004200806
0413040240001200806
0413040240004200806
0414010027001200806
0414010027004200806
0414010027006200806
0414010035001200806
0414010035006200806
0414010043001200806
0414010043004200806
0414010051001200806
0414010051004200806
0414010060001200806
0414010060004200806
0414010078001200806
0414010078004200806
0414010086004200806
0414010094001200806
0414010094004200806
0414010108001200806
0414010108004200806
0414010116001200806
0414010116004200806
0414010124001200806
0414010124004200806
0414010132001200806
0414010132004200806
0414010140001200806
0414010140004200806
0414010159001200806
0414010159004200806
0414010167001200806
0414010167004200806
0414010175004200806
0414010183004200806
0414010191004200806
0414010205004200806
0414010230001200806
0414010230004200806
0414010248001200806
0414010248004200806
0414010256001200806
0414010256004200806
0414010264001200806
0414010264004200806
0414010272001200806
0414010272004200806
0414010280001200806
0414010280004200806
0414010329001200806
0414010329004200806
0414020103004200806
0414020111004200806
0414020197001200806
0414020197004200806
0415010012001200806
0415010012004200806
0415010012008200806
0415020018001200806
0415020018004200806
0415020018006200806
0415020018008200806
0415020018009200806
0415020026001200806
0415020026004200806
0415020026008200806
0415030013001200806
0415030013004200806
0415030013008200806
0415040027001200806
0415040027004200806
0415040035001200806
0415040035004200806
0416010016001200806
0416010016004200806
0416010016006200806
0416010024001200806
0416010024004200806
0416010024006200806
0416010032001200806
0416010032004200806
0416010032006200806
0416010040001200806
0416010040004200806
0416010040006200806
0416010059001200806
0416010059004200806
0416010059006200806
0416010067001200806
0416010067004200806
0416010067006200806
0416010075001200806
0416010075004200806
0416010075006200806
0416010083001200806
0416010083004200806
0416010083006200806
0416010091001200806
0416010091004200806
0416010091006200806
0416010105001200806
0416010105004200806
0416010105006200806
0416010113001200806
0416010113004200806
0416010113006200806
0416010121001200806
0416010121004200806
0416010121006200806
0416010130001200806
0416010130004200806
0416010130006200806
0416010148001200806
0416010148004200806
0416010148006200806
0416010156001200806
0416010156004200806
0416010156006200806
0416010164001200806
0416010164004200806
0416010164006200806
0416010172001200806
0416010172004200806
0416010180001200806
0416010180004200806
0416010180006200806
0416010199001200806
0416010199004200806
0416010199006200806
0416020011001200806
0416020011004200806
0416020011006200806
0416020020001200806
0416020020004200806
0416020020006200806
0416020038001200806
0416020038004200806
0416020038006200806
0416020046001200806
0416020046004200806
0416020046006200806
0416020054001200806
0416020054004200806
0416020054006200806
0416020062001200806
0416020062004200806
0416020062006200806
0416020070001200806
0416020070004200806
0416020070006200806
0416020089001200806
0416020089004200806
0416020089006200806
0416020097001200806
0416020097004200806
0416020097006200806
0416020100001200806
0416020100004200806
0416020119001200806
0416020119004200806
0416020119006200806
0416020127001200806
0416020127004200806
0416020127006200806
0416020135001200806
0416020135004200806
0416020143001200806
0416020143004200806
0416020143006200806
0416030017001200806
0416030017004200806
0416030025001200806
0416030025004200806
0416030033001200806
0416030033004200806
0416030033006200806
0416030041001200806
0416030041004200806
0416030041006200806
0416030050001200806
0416030050004200806
0416030050006200806
0416030068001200806
0416030068004200806
0416030068006200806
0416030076001200806
0416030076004200806
0416030076006200806
0416030084001200806
0416030084004200806
0416030084006200806
0416030092001200806
0416030092004200806
0416030092006200806
0416030106001200806
0416030106004200806
0416030106006200806
0416030114001200806
0416030114004200806
0416030114006200806
0416030122001200806
0416030122004200806
0416030122006200806
0416030130001200806
0416030130004200806
0416040012001200806
0416040012004200806
0416040012006200806
0416040020001200806
0416040020004200806
0416040020006200806
0416040039001200806
0416040039004200806
0416040039006200806
0416040047001200806
0416040047004200806
0416040047006200806
0416040055001200806
0416040055004200806
0416040055006200806
0416040063001200806
0416040063004200806
0416040071001200806
0416040071004200806
0416040071006200806
0416040080001200806
0416040080004200806
0416040080006200806
0416040098001200806
0416040098004200806
0416040101001200806
0416040101004200806
0416040101006200806
0416040110001200806
0416040110004200806
0416040110006200806
0416040128001200806
0416040128004200806
0416040128006200806
0416040136001200806
0416040136004200806
0416040136006200806
0416040144001200806
0416040144004200806
0416040144006200806
0416040152001200806
0416040152004200806
0416040152006200806
0416040160001200806
0416040160004200806
0416040160006200806
0416050018001200806
0416050018004200806
0416050018006200806
0416050026001200806
0416050026004200806
0416050026006200806
0416050034001200806
0416050034004200806
0416050034006200806
0416050042001200806
0416050042004200806
0416050050001200806
0416050050004200806
0416050050006200806
0416050069001200806
0416050069004200806
0416050069006200806
0416050077001200806
0416050077004200806
0416050077006200806
0416050085001200806
0416050085004200806
0416050085006200806
0416060013001200806
0416060013004200806
0416060013006200806
0416060021001200806
0416060021004200806
0416060021006200806
0416060030001200806
0416060030004200806
0416060030006200806
0416060048001200806
0416060048004200806
0416060048006200806
0416060056001200806
0416060056004200806
0416060056006200806
0416060064001200806
0416060064004200806
0416060064006200806
0416060072001200806
0416060072004200806
0416060072006200806
0416060080001200806
0416060080004200806
0416060080006200806
0416060099001200806
0416060099004200806
0416060099006200806
0416060102001200806
0416060102004200806
0416060102006200806
0416070019001200806
0416070019004200806
0416070019006200806
0416070027001200806
0416070027004200806
0416070027006200806
0416070035001200806
0416070035004200806
0416070035006200806
0416080014001200806
0416080014004200806
0416080022001200806
0416080022004200806
0416080022006200806
0416080030001200806
0416080030004200806
0416080030006200806
0416080049001200806
0416080049004200806
0416080057001200806
0416080057004200806
0416080065001200806
0416080065004200806
0416080073001200806
0416080073004200806
0416080073006200806
0416080081001200806
0416080081004200806
0416080081006200806
0416080090001200806
0416080090004200806
0416080090006200806
0416080103001200806
0416080103004200806
0416080103006200806
0416090010001200806
0416090010004200806
0416090010006200806
0416090028001200806
0416090028004200806
0416090028006200806
0416090036001200806
0416090036006200806
0416090044001200806
0416090044006200806
0416090052001200806
0416090052004200806
0416090052006200806
0416090060001200806
0416090060004200806
0416090060006200806
0416090079001200806
0416090079004200806
0416090079006200806
0416090087001200806
0416090087006200806
0416090095001200806
0416090095004200806
0416090095006200806
0416090109001200806
0416090109004200806
0416090109006200806
0416110010001200806
0416110010006200806
0416110029001200806
0416110029006200806
0416110037001200806
0416110037004200806
0416110037006200806
0416110045001200806
0416110045006200806
0416110053001200806
0416110053004200806
0416110053006200806
0416120016001200806
0416120016004200806
0416120024001200806
0416120024004200806
0416120024006200806
0416120032001200806
0416120032004200806
0416120032006200806
0416120040001200806
0416120040004200806
0416120040006200806
0416120059001200806
0416120059004200806
0416130011001200806
0416130011004200806
0416130011006200806
0416130020001200806
0416130020004200806
0416130020006200806
0416130038001200806
0416130038004200806
0416130038006200806
0416130046001200806
0416130046004200806
0416130046006200806
0416130054001200806
0416130054004200806
0416130054006200806
0416130062001200806
0416130062004200806
0416130062006200806
0417010044005200806
0417010052005200806
0417010060005200806
0418010013001200806
0418010013009200806
0418010021001200806
0418010021009200806
0418010030001200806
0418010030009200806
0418010048001200806
0418010048009200806
0418010064001200806
0418010080001200806
0418010080009200806
0418010099001200806
0418020019001200806
0418020019009200806
0418020027001200806
0418020027009200806
0418020035001200806
0503010014008200806
0503010022008200806
0503020010001200806
0503020010004200806
0503020028001200806
0503020028004200806
0505010011009200806
0505010020009200806
0505010038009200806
0505010046009200806
0505010054009200806
0505010062009200806
0505010070009200806
0505010089009200806
0505010097001200806
0505010100001200806
0505010119001200806
0505010127001200806
0505020041001200806
0505020041009200806
0505020050001200806
0505020050009200806
0505020068001200806
0505020068009200806
0505020076001200806
0505020076009200806
0505020084001200806
0505020084009200806
0505020092001200806
0505020106001200806
0505020114001200806
0505020114009200806
0506010015009200806
0506010023009200806
0506020010007200806
0506020029007200806
0506020037007200806
0506020045007200806
0601010019009200806
0601010027009200806
0601010035009200806
0601010043009200806
0601020014009200806
0601030010009200806
0601030028009200806
0601040015009200806
0601040023009200806
0601040031009200806
0601040040009200806
0601040058009200806
0601050010009200806
0601050029009200806
0601050037009200806
0601050045009200806
0601050053009200806
0601050061009200806
0601050070009200806
0601050088009200806
0601050096009200806
0601050100009200806
0601050118009200806
0601050126009200806
0601050134009200806
0601050142009200806
0601050150009200806
0601050169009200806
0601060016009200806
0601060024009200806
0601070011009200806
0601070020009200806
0601070038009200806
0601070046009200806
0601070054009200806
0601070062009200806
0601070070009200806
0601070089009200806
0601080017009200806
0601080025009200806
0601080033009200806
0601090012009200806
0601090020009200806
0601090039009200806
0601090047009200806
0601090055009200806
0601090063009200806
0601090080009200806
0601090098009200806
0601090101009200806
0601100018009200806
0601100026009200806
0601100034009200806
0601100042009200806
0601100050009200806
0601100069009200806
0601100077009200806
0601100085009200806
0601100093009200806
0601100107009200806
0601100115009200806
0601100123009200806
0601100131009200806
0601100140009200806
0601100158009200806
0601100166009200806
0601110013009200806
0601110021009200806
0601110030009200806
0601110048009200806
0601110056009200806
0601110064009200806
0601110072009200806
0601110080009200806
0601110099009200806
0601110102009200806
0601110110009200806
0601120019009200806
0601120027009200806
0601120035009200806
0601130014009200806
0601130022009200806
0601140010009200806
0601140028009200806
0601140036009200806
0601140044009200806
0601150015009200806
0601150023009200806
0601160010009200806
0601160029009200806
0601160037009200806
0601170016009200806
0601170024009200806
0601170032009200806
0601170040009200806
0601170059009200806
0601170067009200806
0601170075009200806
0601170083009200806
0601170091009200806
0601170105009200806
0601170113009200806
0601170121009200806
0601170130009200806
0601170148009200806
0601180011009200806
0601180020009200806
0601180038009200806
0601180046009200806
0601180054009200806
0601180062009200806
0601180070009200806
0601180089009200806
0601180097009200806
0601180100009200806
0601180119009200806
0601180127009200806
0601180135009200806
0601180143009200806
0601180151009200806
0601180160009200806
0601180178009200806
0601180186009200806
0601180194009200806
0601180208009200806
0601180216009200806
0601180224009200806
0601180232009200806
0601190017009200806
0601190025009200806
0601190033009200806
0601190041009200806
0601190050009200806
0601190068009200806
0601190076009200806
0601190084009200806
0601190092009200806
0601190106009200806
0601190114009200806
0601190122009200806
0601200012009200806
0601200020009200806
0601200039009200806
0601200047009200806
0601200055009200806
0601200063009200806
0601200071009200806
0601200080009200806
0601200098009200806
0601200101009200806
0601200110009200806
0601200128009200806
0601200136009200806
0601200144009200806
0601200152009200806
0601200160009200806
0601200179009200806
0601210018009200806
0601210026009200806
0601210034009200806
0601210042009200806
0601210050009200806
0601210069009200806
0601210077009200806
0601210085009200806
0601210093009200806
0601220013009200806
0601220021009200806
0601220030009200806
0601220048009200806
0601220056009200806
0601220064009200806
0601220072009200806
0601230019009200806
0601240014009200806
0601240022009200806
0601250010009200806
0601250028009200806
0601250036009200806
0601260015009200806
0601270010009200806
0601270029009200806
0601270037009200806
0601270045009200806
0601270053009200806
0601280016009200806
0601280024009200806
0601290011009200806
0601300017009200806
0601300025009200806
0601300033009200806
0601300041009200806
0601310012009200806
0601310020009200806
0601320018009200806
0601320026009200806
0601330013009200806
0601330021009200806
0601330030009200806
0601330048009200806
0601340019009200806
0601350014009200806
0601350022009200806
0601350030009200806
0601350049009200806
0601350057009200806
0601350065009200806
0601350073009200806
0601350081009200806
0601350090009200806
0601350103009200806
0601350111009200806
0601350120009200806
0601350138009200806
0601350146009200806
0601360010009200806
0601360028009200806
0601360036009200806
0601360044009200806
0601360052009200806
0601360060009200806
0601360079009200806
0801010047005200806
