010101001001200806
010101002801200806
010101003601200806
010101004401200806
010102001501200806
010102002301200806
010102003101200806
010102004001200806
010102005801200806
010102006601200806
010102007401200806
010102008201200806
010102009001200806
010103001001200806
010103002901200806
010104001601200806
010104002401200806
010104003201200806
010104004001200806
010201001301200806
010201002101200806
010201003001200806
010201004801200806
010201005601200806
010201006401200806
010201007201200806
010201008001200806
010201009901200806
010201010201200806
010201011001200806
010201012901200806
010201013701200806
010201014501200806
010201015301200806
020101001101200806
020101001104200806
020101002001200806
020101003803200806
020101004601200806
020101004604200806
020101005405200806
020101006201200806
020101006204200806
020101007001200806
020101007004200806
020101008901200806
020101009702200806
020101009703200806
020101010001200806
020101010004200806
020101011902200806
020101011903200806
020101012703200806
020101013503200806
020101014303200806
020101014306200806
020101015102200806
020101016002200806
020101016003200806
020101017801200806
020101017804200806
020101018602200806
020101018603200806
020101019401200806
020101019404200806
020101020803200806
020101021601200806
020101021604200806
020101022401200806
020101022404200806
020101023201200806
020101023204200806
020101024002200806
020101024003200806
020101025903200806
020101026701200806
020101026703200806
020101027501200806
020101027504200806
020101028301200806
020101028304200806
020101029101200806
020101030501200806
020101030503200806
020101031301200806
020101031303200806
020101032101200806
020101032103200806
020101033001200806
020101033003200806
020101034801200806
020101035601200806
020101036401200806
020101037201200806
020101037204200806
020101038001200806
020101038004200806
020101039901200806
020101040201200806
020101040203200806
020101041001200806
020101042905200806
020101043701200806
020101043704200806
020101044501200806
020101045301200806
020101046101200806
020101047001200806
020101048801200806
020101048804200806
020101049601200806
020101049604200806
020101050001200806
020101050004200806
020101051801200806
020101051804200806
020101052601200806
020101052604200806
020101053403200806
020101054202200806
020101055003200806
020101056902200806
020101057703200806
020101058502200806
020101059301200806
020101060702200806
020101061501200806
020101061504200806
020101062301200806
020101062304200806
020101063101200806
020101063105200806
020101064001200806
020101065801200806
020101066602200806
020101066604200806
020102001701200806
020102002501200806
020102003301200806
020102004101200806
020102005001200806
020201001501200806
020201002301200806
020201002305200806
020201003101200806
020201004001200806
020201004005200806
020201005801200806
020201005805200806
020201006601200806
020201006605200806
020201006607200806
020201007401200806
020201007405200806
020201008201200806
020201008205200806
020201009001200806
020201009005200806
020201010401200806
020201011201200806
020201012001200806
020201012005200806
020201013901200806
020201014701200806
020201014705200806
020201015501200806
020201016301200806
020201017101200806
020201018001200806
020201018005200806
020201019801200806
020201019805200806
020201020101200806
020201020105200806
020201021001200806
020201021005200806
020201021007200806
020201022801200806
020201022805200806
020201023601200806
020201024405200806
020201025201200806
020201025205200806
020201026001200806
020201026005200806
020201027901200806
020201027905200806
020201027907200806
020201028701200806
020201028707200806
020201029501200806
020201029505200806
020201029507200806
020201030901200806
020201030905200806
020201031701200806
020201031705200806
020201031707200806
020201032501200806
020201032505200806
020201033301200806
020201033305200806
020201034101200806
020201035001200806
020201036801200806
020201036805200806
020201037601200806
020201037605200806
020201038401200806
020201038405200806
020201038407200806
020201039201200806
020201039205200806
020201039207200806
020201040601200806
020201040605200806
020201040607200806
020201041401200806
020201041405200806
020201042201200806
020201042205200806
020201042207200806
020201043001200806
020201043005200806
020201043007200806
020201044901200806
020201044905200806
020201045701200806
020201046501200806
020201046505200806
020201047301200806
020201047305200806
020201047307200806
020201048101200806
020201049001200806
020201049005200806
020201050301200806
020201050305200806
020201051101200806
020201051105200806
020201052001200806
020201053801200806
020201053805200806
020201054601200806
020201054605200806
020201055401200806
020201055405200806
020201056201200806
020201056205200806
020201057001200806
020201057005200806
020201058901200806
020201058905200806
020201059701200806
020201060001200806
020201060005200806
020201060007200806
020201061901200806
020201061905200806
020201062701200806
020201062705200806
020201062707200806
020201063501200806
020201063505200806
020201064301200806
020201064305200806
020201065101200806
020201065105200806
020201065107200806
020201066001200806
020201066005200806
020201066007200806
020201067801200806
020201067805200806
020201067807200806
020201068601200806
020201069401200806
020201069405200806
020201069407200806
020201070801200806
020201070805200806
020201071601200806
020201071605200806
020201072401200806
020201072405200806
020201073201200806
020201073205200806
020201074001200806
020201074005200806
020201075901200806
020202001001200806
020202001005200806
020202002901200806
020202002905200806
020202003701200806
020202003705200806
020202004501200806
020202004505200806
020202005301200806
020202006101200806
020202007001200806
020202007005200806
020202008801200806
020202009601200806
020202009605200806
020202010001200806
020202010005200806
020202011801200806
020202012601200806
020202012605200806
020202013401200806
020202013405200806
020202014201200806
020202014205200806
020202015001200806
020202015005200806
020202016901200806
020202016905200806
020202017701200806
020202017705200806
020202018501200806
020202018505200806
020202019301200806
020202019305200806
020202020701200806
020202020705200806
020202021501200806
020202021505200806
020202022301200806
020202022305200806
020202023101200806
020202023105200806
020202024001200806
020202024005200806
020202025801200806
020202025805200806
020202026601200806
020202026605200806
020202027401200806
020202027405200806
020202028201200806
020202028205200806
020202029001200806
020202029005200806
020202030401200806
020202030405200806
020202030407200806
020202031201200806
020202032001200806
020202032005200806
020202033901200806
020202034701200806
020202034705200806
020202035501200806
020202035505200806
020202036301200806
020202036305200806
020202037101200806
020202037105200806
020202037107200806
020202038001200806
020202038005200806
020202038007200806
020202039801200806
020202039805200806
020202040101200806
020202040105200806
020202041001200806
020202041005200806
020202042801200806
020202043601200806
020202043605200806
020202044401200806
020202044405200806
020202045201200806
020202045205200806
020202046001200806
020202046005200806
020202047905200806
020202048701200806
020202048705200806
020202049501200806
020202049505200806
020202050901200806
020202050905200806
020202051701200806
020202052501200806
020202053301200806
020202053305200806
020202054101200806
020202054105200806
020203001601200806
020203001605200806
020203002402200806
020203003201200806
020203003205200806
020203004001200806
020203005902200806
020203006701200806
020203006705200806
020203007501200806
020203007505200806
020203008301200806
020203008305200806
020203009101200806
020203009105200806
020203010501200806
020203011301200806
020203011305200806
020203012101200806
020203012105200806
020203013001200806
020203013005200806
020203014801200806
020203014805200806
020203015601200806
020203016401200806
020203016405200806
020203017205200806
020203018001200806
020203019901200806
020203020201200806
020203020205200806
020203021002200806
020203022901200806
020203022905200806
020203023702200806
020203024501200806
020203024505200806
020203025301200806
020203026101200806
020203027001200806
020203027005200806
020203028801200806
020203028805200806
020203029601200806
020203029605200806
020203030001200806
020203030005200806
020203030007200806
020203031801200806
020203031805200806
020203032601200806
020203033401200806
020203034201200806
020203035001200806
020203036901200806
020203037701200806
020203038501200806
020203039301200806
020203040701200806
020203040705200806
020203041501200806
020203041505200806
020203042301200806
020203043101200806
020203044001200806
020203045801200806
020203046601200806
020203046605200806
020203047401200806
020203047405200806
020203048201200806
020203049001200806
020203050401200806
020203051201200806
020203052001200806
020203053901200806
020203054701200806
020203054705200806
020203055501200806
020203056301200806
020203057101200806
020203058001200806
020203059801200806
020203059805200806
020203060101200806
020203061001200806
020203062801200806
020203063601200806
020203063605200806
020203063607200806
020203064401200806
020203065201200806
020203066001200806
020203067902200806
020203067905200806
020203067907200806
020203068701200806
020203069501200806
020203070901200806
020203070905200806
020203071701200806
020203071705200806
020203072501200806
020203073301200806
020203073305200806
020203074101200806
020203074105200806
020203075001200806
020203076801200806
020203076805200806
020203077601200806
020203077605200806
020203078401200806
020203078405200806
020203079201200806
020203080601200806
020203081401200806
020203081405200806
020203082201200806
020203083001200806
020203084901200806
020203085701200806
020203085705200806
020203086501200806
020203087301200806
020203087305200806
020203088101200806
020203088105200806
020203089001200806
020203089005200806
020203089007200806
020203090301200806
020203091101200806
020203092001200806
020203092005200806
020203093801200806
020203094601200806
020203095401200806
020203096201200806
020203097001200806
020203097005200806
020203097007200806
020203098901200806
020203099701200806
020203100401200806
020203100405200806
020203101201200806
020203101205200806
020203102001200806
020203103901200806
020203104701200806
020203104705200806
020203105501200806
020203106301200806
020203107102200806
020203108002200806
020203109801200806
020203109804200806
020203110101200806
020203110105200806
020203111001200806
020203111005200806
020203112801200806
020203112805200806
020203113601200806
020203113605200806
020203114401200806
020203114405200806
020203115201200806
020203116001200806
020203116005200806
020203117901200806
020203117905200806
020204001101200806
020204002001200806
020204003801200806
020204003805200806
020204004601200806
020204004605200806
020204005401200806
020204006201200806
020204007001200806
020204007005200806
020204008901200806
020204009701200806
020204009705200806
020204010001200806
020204011901200806
020204012701200806
020204012705200806
020204013501200806
020204013505200806
020204014301200806
020204014305200806
020204015101200806
020204016001200806
020204017801200806
020205001701200806
020205001705200806
020205002501200806
020205002505200806
020205003301200806
020205004101200806
020205004105200806
020205005001200806
020205005005200806
020205006801200806
020205006805200806
020205007601200806
020205008401200806
020205009201200806
020205010601200806
020205011401200806
020205011405200806
020205012201200806
020205013001200806
020205013005200806
020205014901200806
020205015701200806
020205016501200806
020205017301200806
020205018101200806
020205018105200806
020205019001200806
020205020301200806
020205021101200806
020205022001200806
020205022005200806
020205023801200806
020205023805200806
020205024601200806
020205024605200806
020205025401200806
020205025405200806
020205026201200806
020205027001200806
020205028901200806
020205029701200806
020205030001200806
020205030005200806
020205031901200806
020205032701200806
020206001201200806
020206002001200806
020206003901200806
020206004701200806
020206005501200806
020206005505200806
020206006301200806
020206007101200806
020206008001200806
020206009801200806
020206009805200806
020206010101200806
020206011001200806
020206011005200806
020206012801200806
020206013601200806
020206013607200806
020206014401200806
020206015201200806
020206015205200806
020206016001200806
020206016005200806
020206017901200806
020206017905200806
020206018701200806
020206018705200806
020206019501200806
020206020901200806
020206021701200806
020206021705200806
020206022501200806
020206022505200806
020206023301200806
020206023305200806
020206024101200806
020206024105200806
020206025001200806
020206025005200806
020206026801200806
020206026805200806
020206027601200806
020206027607200806
020206028401200806
020206029201200806
020206029205200806
020206030601200806
020206030605200806
020206031401200806
020206031405200806
020206032201200806
020206033001200806
020206033005200806
020206034901200806
020206034905200806
020206035701200806
020206036501200806
020206037301200806
020206037305200806
020206038101200806
020206038105200806
020206039001200806
020206039005200806
020206040301200806
020206041101200806
020206042001200806
020206043801200806
020206044601200806
020206045401200806
020206046201200806
020207001801200806
020207002601200806
020207003401200806
020207004201200806
020207005001200806
020207006901200806
020207007701200806
020207008501200806
020207008507200806
020207009301200806
020207009305200806
020207010701200806
020207011501200806
020207012301200806
020207012305200806
020207013101200806
020207014001200806
020207015801200806
020207016601200806
020207017401200806
020207018202200806
020207018205200806
020207019001200806
020207019005200806
020207020401200806
020207020405200806
020207021201200806
020207022001200806
020207023901200806
020207024701200806
020207025501200806
020207025505200806
020207026301200806
020207027101200806
020207027105200806
020207028001200806
020207029801200806
020207030101200806
020207031001200806
020207032801200806
020207033601200806
020207034401200806
020207035201200806
020207035207200806
020208001301200806
020208001305200806
020208002101200806
020208002105200806
020208003001200806
020208003005200806
020208004801200806
020208004805200806
020208005601200806
020208006401200806
020208006405200806
020208007201200806
020208007205200806
020208008001200806
020208008005200806
020208009901200806
020208010201200806
020208011001200806
020208011005200806
020208012901200806
020208012905200806
020208013701200806
020208013705200806
020208014501200806
020208014505200806
020208015301200806
020208015305200806
020208016101200806
020208016105200806
020208017001200806
020208018801200806
020208019601200806
020208020001200806
020208021801200806
020208022601200806
020208023401200806
020209001901200806
020209001905200806
020209002701200806
020209003501200806
020209004301200806
020209005101200806
020209005105200806
020209006001200806
020209006005200806
020209007801200806
020209007805200806
020209008601200806
020209009401200806
020209010801200806
020209010805200806
020209011601200806
020209012401200806
020209012405200806
020209013201200806
020209013205200806
020209014005200806
020209015901200806
020209015905200806
020209016701200806
020209016705200806
020209017501200806
020209018301200806
020209018305200806
020209019101200806
020209019105200806
020209021301200806
020209021305200806
020209022101200806
020209023001200806
020209023005200806
020209024801200806
020209025601200806
020209025605200806
020209026401200806
020209027201200806
020209027205200806
020209028001200806
020209029901200806
020209029905200806
020209030201200806
020209030205200806
020209031001200806
020209032901200806
020209032905200806
020209033701200806
020209033705200806
020209034501200806
020209035301200806
020210001401200806
020210002201200806
020210003001200806
020211001001200806
020211002801200806
020211003602200806
020211004401200806
020211005201200806
020211006001200806
020211007901200806
020211008701200806
020212001501200806
020212001505200806
020212002301200806
020212002305200806
020212003101200806
020212003105200806
020212004001200806
020212004005200806
020212005801200806
020212005805200806
020212006601200806
020212006605200806
020212007401200806
020212007405200806
020212008201200806
020212008205200806
020212009001200806
020212009005200806
020212010401200806
020212010405200806
020301001902200806
020301002701200806
020301002704200806
020301003501200806
020301003504200806
020301004302200806
020302001402200806
020302002202200806
020302003001200806
020302003004200806
020302004902200806
020302005705200806
020302006502200806
020302007302200806
020302008102200806
020401001201200806
020401001205200806
020401002001200806
020401003901200806
020401003905200806
020401004701200806
020401004705200806
020401005501200806
020401005505200806
020401006301200806
020401006305200806
020401007101200806
020401007105200806
020401008001200806
020401008005200806
020401009801200806
020401009805200806
020401010101200806
020401010105200806
020401011001200806
020401011005200806
020401012801200806
020401012805200806
020401013601200806
020401013605200806
020401014401200806
020401014405200806
020401015201200806
020401015205200806
020401016001200806
020401016005200806
020401017901200806
020401017905200806
020401018701200806
020401018705200806
020401019501200806
020401019505200806
020401020901200806
020401020905200806
020402001802200806
020402001804200806
020402002601200806
020402003401200806
020402003405200806
020402004201200806
020402004205200806
020402005001200806
020402005005200806
020402006901200806
020402006905200806
020402007701200806
020402007705200806
020402008501200806
020402008505200806
020402009301200806
020402009305200806
020402010701200806
020402010705200806
020402011501200806
020402012301200806
020402012305200806
020402013105200806
020403001301200806
020403001304200806
020403002101200806
020403002105200806
020403003002200806
020403004802200806
020403004804200806
020403005601200806
020403005605200806
020403006401200806
020403006405200806
020403007201200806
020403007205200806
020403008001200806
020403008005200806
020403009901200806
020403009905200806
020403010201200806
020403010205200806
020403011001200806
020403011005200806
020403012901200806
020403012905200806
020403013701200806
020403013705200806
020403014501200806
020403014505200806
020403015301200806
020403015305200806
020403015307200806
020403016102200806
020403017001200806
020403017005200806
020404001901200806
020404001905200806
020404002701200806
020404002705200806
020404003501200806
020404003505200806
020404004301200806
020404004305200806
020404005101200806
020404005105200806
020404006001200806
020404006005200806
020404007801200806
020404007805200806
020404008601200806
020404008605200806
020404009401200806
020404009405200806
020404010801200806
020404010805200806
020404011601200806
020404011605200806
020404012401200806
020404012405200806
020405001401200806
020405001405200806
020405002201200806
020405002205200806
020405003001200806
020405003005200806
020405004901200806
020405004905200806
020405005701200806
020405005705200806
020405006501200806
020405006505200806
020405007301200806
020405008101200806
020405008105200806
020405009005200806
020405010301200806
020405010305200806
020405011101200806
020405011105200806
020405012001200806
020405012005200806
020405013801200806
020405013805200806
020405014601200806
020405014605200806
020405015401200806
020405015405200806
020405016201200806
020405017001200806
020405017005200806
020405018901200806
020405018905200806
020406001001200806
020406001005200806
020406002802200806
020406003601200806
020406003605200806
020406004401200806
020406005201200806
020406006001200806
020406006005200806
020406007901200806
020406007905200806
020406008701200806
020406008705200806
020406009501200806
020406009505200806
020406010901200806
020406010905200806
020406011701200806
020406011705200806
020406012501200806
020406012505200806
020406013301200806
020406013305200806
020406014101200806
020406015001200806
020406015005200806
020406016801200806
020406016805200806
020406017601200806
020501001602200806
020501001604200806
020501002402200806
020501002404200806
020501003202200806
020501003204200806
020501003207200806
020501004001200806
020501004004200806
020501005901200806
020502001104200806
020502002001200806
020502003801200806
020502003804200806
020502004601200806
020502004604200806
020502005401200806
020502005404200806
020502006201200806
020502007001200806
020502007004200806
020502008901200806
020502008904200806
020502009702200806
020502010001200806
020502011901200806
020502011904200806
020502012701200806
020502012704200806
020502013501200806
020502013504200806
020502014301200806
020502014304200806
020502015101200806
020502016001200806
020502016004200806
020502017801200806
020502017804200806
020502018601200806
020502019402200806
020601001002200806
020601001004200806
020601002802200806
020601002804200806
020601003602200806
020601003604200806
020601004402200806
020601004404200806
020601005202200806
020601006002200806
020601006004200806
020601007902200806
020601007904200806
020601008702200806
020602001502200806
020602002302200806
020602003102200806
020602003104200806
020602004004200806
020603001002200806
020603001004200806
020603002902200806
020603003702200806
020603003704200806
020701001302200806
020701001304200806
020701002102200806
020701002105200806
020701003002200806
020701003004200806
020701004802200806
020701004804200806
020701005602200806
020701005604200806
020701006402200806
020701006404200806
020701007202200806
020701007204200806
020702001902200806
020702001904200806
020702002702200806
020702002704200806
020702003502200806
020702003504200806
020703001402200806
020703001404200806
020703002202200806
020703002204200806
020703003002200806
020703003004200806
020703004902200806
020703004904200806
020801001702200806
020801002502200806
020801002504200806
020801003302200806
020801003304200806
020801004102200806
020801004104200806
020801005002200806
020801005004200806
020801006802200806
020801006804200806
020801007602200806
020801007604200806
020801008402200806
020801008404200806
020801009202200806
020801009204200806
020802001202200806
020802001204200806
020802002002200806
020802002004200806
020802003902200806
020802003904200806
020802004705200806
020802005502200806
020802005504200806
020802006302200806
020802006304200806
020802007102200806
020802007104200806
020802008002200806
020802008004200806
020802009802200806
020802009804200806
020802010102200806
020802010104200806
020802011002200806
020802011004200806
020802012802200806
020802012804200806
020803001802200806
020803001804200806
020803002602200806
020803002604200806
020803003402200806
020803003404200806
020803004202200806
020803004204200806
020803005002200806
020803005004200806
020804001305200806
020804002102200806
020804002104200806
020804003002200806
020804003004200806
020804004805200806
020804005602200806
020804005604200806
020804006402200806
020804006404200806
020804007202200806
020804007204200806
020804008002200806
020804008004200806
020804009902200806
020804009904200806
020804010202200806
020804010204200806
020805001902200806
020805001904200806
020805002705200806
020805003502200806
020805003504200806
020805004302200806
020805004304200806
020806001402200806
020806001404200806
020806002202200806
020806002204200806
020806003002200806
020806003004200806
020807001002200806
020807001004200806
020807002802200806
020807002804200806
020807003602200806
020807003604200806
020807004402200806
020807004404200806
020808001502200806
020808001504200806
020808002302200806
020808002305200806
020808003102200806
020808003104200806
020808004002200806
020808004004200806
020809001002200806
020809001004200806
020809002902200806
020809002904200806
020809003702200806
020809003704200806
020901001001200806
020901001004200806
020901002901200806
020901002904200806
020901003701200806
020901003704200806
020901004501200806
020901004504200806
020901005301200806
020901005304200806
020901006101200806
020901006104200806
020902001601200806
020902001604200806
020903001101200806
020904001701200806
020904001704200806
020904002501200806
020904003301200806
020904003303200806
020904004101200806
020904005003200806
021001001004200806
021001002902200806
021001003705200806
021001004502200806
021001004504200806
021001005302200806
021001005304200806
021001006102200806
021001006104200806
021001007002200806
021001007004200806
021001008802200806
021001009602200806
021001009604200806
021001010002200806
021001010004200806
021001011802200806
021001011804200806
021001012602200806
021001012604200806
021001013402200806
021001013404200806
021001014202200806
021001014204200806
021001015002200806
021001015004200806
021001016902200806
021001016904200806
021001017702200806
021001018502200806
021001019302200806
021001019304200806
021001020702200806
021002001602200806
021002001604200806
021101001401200806
021101002201200806
021101002205200806
021101003001200806
021101003005200806
021101004901200806
021102001004200806
021102001006200806
021102002804200806
021102002806200806
021102003601200806
021102003605200806
021102004401200806
021102004405200806
021102005201200806
021102006001200806
021102006005200806
021103001502200806
021103001504200806
021103002302200806
021103002304200806
021103003102200806
021103003104200806
021103004002200806
021103004005200806
021103005802200806
021103005805200806
021103006602200806
021103006604200806
021103007402200806
021103007404200806
021103008202200806
021103008204200806
021103009002200806
021103009004200806
021104001001200806
021104001005200806
021104002901200806
021104002905200806
021104003701200806
021104004501200806
021104005301200806
021104006101200806
021104006105200806
021105001605200806
021105002401200806
021105002405200806
021105003201200806
021105003205200806
021105004001200806
021105004005200806
021105005901200806
021105006701200806
021105006705200806
021105007501200806
021105008301200806
021105008305200806
021105009103200806
021105010503200806
021105011301200806
021105011305200806
021105012101200806
021105012105200806
021105013001200806
021105013005200806
021105014804200806
021105015601200806
021106001101200806
021106002001200806
021106003801200806
021106004601200806
021106005401200806
021106006201200806
021106007001200806
021106008901200806
021106009701200806
021106010001200806
021106011901200806
021106012701200806
021106013501200806
021106014301200806
021106015101200806
021106015105200806
021106016001200806
021106017801200806
021106018601200806
021106019401200806
021106020801200806
021106021601200806
021106022401200806
021106023201200806
021106024001200806
021106025901200806
021106025905200806
021106026701200806
021106027501200806
021107001701200806
021107002501200806
021107002505200806
021107002507200806
021107003301200806
021107003307200806
021107004101200806
021107004105200806
021107004107200806
021107005001200806
021107006801200806
021107007601200806
021107008401200806
021107009206200806
021107010606200806
021107011401200806
021107012201200806
021107013001200806
021107014901200806
021107015701200806
021107015707200806
021107016501200806
021107017301200806
021107018101200806
021107019001200806
021107020301200806
021107020305200806
021107020307200806
021107021101200806
021107021105200806
021107021107200806
021107022001200806
021107023801200806
021107024601200806
021107024607200806
021107025401200806
021107026201200806
021107026207200806
021107027001200806
021107028901200806
021107029706200806
021107030006200806
021107031906200806
021107032701200806
021107033501200806
021107034301200806
021107035101200806
021107035105200806
021107036001200806
021108001201200806
021108001205200806
021108002001200806
021108003901200806
021108004701200806
021108004705200806
021108005501200806
021108006301200806
021108006305200806
021108007101200806
021108007105200806
021108008001200806
021108008005200806
021109001801200806
021109002601200806
021109003401200806
021109004201200806
021109004205200806
021109005001200806
021109006901200806
021109007701200806
021110001301200806
021110001305200806
021112001404200806
021112002204200806
021201001801200806
021201002601200806
021201002604200806
021201003401200806
021201003404200806
021201004201200806
021201005001200806
021202001301200806
021202002101200806
021202003001200806
021202004801200806
021202005601200806
021202006401200806
021301001101200806
021301002001200806
021301003801200806
021301004601200806
021301005401200806
021301006201200806
021301007001200806
021301008901200806
021301009701200806
021301010001200806
021301011901200806
021301012701200806
021301013501200806
021301014301200806
021301015101200806
021301016001200806
021301017801200806
021301018601200806
021301019401200806
021301020801200806
021301021601200806
021301022401200806
021301023201200806
021301024001200806
021301025901200806
021301026701200806
021301027501200806
021301028301200806
021301029101200806
021301030501200806
021301031301200806
021301032101200806
021301033001200806
021301034801200806
021301035601200806
021301036401200806
021301037201200806
021301038001200806
021301039901200806
021301040201200806
021301041001200806
021301042901200806
021301043701200806
021301044501200806
021301045301200806
021301046101200806
021301047001200806
021301048801200806
021301049601200806
021301050001200806
021301051801200806
021301052601200806
021301053401200806
021301054201200806
021301055001200806
021301056901200806
021301057701200806
021301058501200806
021301059301200806
021301060701200806
021301061501200806
021301062301200806
021301063101200806
021301064001200806
021301065801200806
021301066601200806
021301067401200806
021301068201200806
021301069001200806
021301070401200806
021301071201200806
021302001701200806
021302002501200806
021302003301200806
021302004101200806
021302005001200806
021302006801200806
021302007601200806
021302008401200806
021401001501200806
021401002301200806
021401003101200806
021401004001200806
021401004004200806
021401005801200806
021401005804200806
030101001301200806
030101002101200806
030101003001200806
030101004801200806
030101004805200806
030101005601200806
030101006401200806
030101007201200806
030101008001200806
030101009901200806
030101010202200806
030101011001200806
030101012901200806
030101013701200806
030101014504200806
030101015301200806
030101016101200806
030101017005200806
030102001902200806
030102002702200806
030102003502200806
030103001401200806
030103002201200806
030103003001200806
030103004901200806
030103005701200806
030103006501200806
030103007301200806
030103008101200806
030103009001200806
030103010301200806
030103011101200806
030103012001200806
030103013801200806
030103014601200806
030103015401200806
030103016201200806
030103017001200806
030103018901200806
030104001001200806
030104002801200806
030104003601200806
030104004401200806
030105001502200806
030105002302200806
030105003102200806
030105004002200806
030105005801200806
030105006602200806
030105006605200806
030105007403200806
030106001003200806
030106002901200806
030106003701200806
030106004501200806
030106005301200806
030106006101200806
030106007003200806
030106008803200806
030106009601200806
030106010001200806
030107001606200806
030107002402200806
030107003206200806
030107004002200806
030107005902200806
030107006702200806
030107007502200806
030107008301200806
030107009101200806
030107010502200806
030107011302200806
030107012102200806
030107013002200806
030108001101200806
030108002006200806
030108003806200806
030108003807200806
030108004606200806
030108005406200806
030108006206200806
030108007006200806
030108008906200806
030108009706200806
030108010006200806
030108011906200806
030108012706200806
030108013506200806
030108014301200806
030108015101200806
030108016001200806
030108017801200806
030109001703200806
030109002503200806
030110001201200806
030110002001200806
030110003901200806
030110004701200806
030110004705200806
030110005501200806
030110005505200806
030110006305200806
030110007105200806
030110008005200806
030110009805200806
030110010101200806
030110010105200806
030110011005200806
030110012801200806
030110012805200806
030110013601200806
030110014401200806
030110014405200806
030110015201200806
030110016004200806
030110017901200806
030110017905200806
030110018701200806
030111001806200806
030111002606200806
030112001302200806
030112002102200806
030112003002200806
030112004802200806
030112005606200806
030113001906200806
030201001702200806
030201001704200806
030201002502200806
030201002504200806
030201003304200806
030202001202200806
030202001204200806
030202002002200806
030202002004200806
030202003902200806
030202003904200806
030203001802200806
030203001804200806
030203002602200806
030203002604200806
030204001302200806
030204001304200806
030204002102200806
030204002104200806
030204003002200806
030204003004200806
030204004802200806
030204004804200806
030204005602200806
030204005604200806
030205001902200806
030205001904200806
030205002702200806
030205003504200806
030206001402200806
030206001404200806
030206002202200806
030206002204200806
030206003002200806
030206003004200806
030206004902200806
030206005702200806
030206005704200806
030207001002200806
030207001004200806
030207002804200806
030207003602200806
030301001003200806
030301002903200806
030301003703200806
030301004503200806
030301005303200806
030301006103200806
030301007003200806
030301008803200806
030301009603200806
030301010003200806
030301011803200806
030301012603200806
030301013403200806
030301014203200806
030301015003200806
030301016903200806
030301017703200806
030301018503200806
030301019303200806
030301020703200806
030301021503200806
030302001601200806
030302002401200806
030302003203200806
030302004003200806
030302005903200806
030302006703200806
030302007503200806
030302008303200806
030303001103200806
030303002003200806
030303003803200806
030303004603200806
030303005403200806
030303006203200806
030304001703200806
030304002503200806
030304003303200806
030304004103200806
030304005003200806
030304006803200806
030304007603200806
030304008403200806
030304009203200806
030304010603200806
030304011403200806
030304012203200806
030304013003200806
030304014903200806
030304015703200806
030304016503200806
030304017303200806
030304018103200806
030304019003200806
030304020303200806
030304021103200806
030304022003200806
030304023803200806
030304024603200806
030304025403200806
030304026203200806
030304027003200806
030304028903200806
030304029703200806
030305001202200806
030305002001200806
030305003902200806
030305004702200806
030305005502200806
030305006302200806
030305007102200806
030305008002200806
030305009802200806
030305010102200806
030305011002200806
030305012802200806
030306001803200806
030306002603200806
030306003403200806
030306004203200806
030306005003200806
030306006903200806
030306007703200806
030306008503200806
030306009303200806
030306010703200806
030306011503200806
030306012303200806
030306013103200806
030306014003200806
030306015803200806
030306016603200806
030306017403200806
030306018203200806
030306019003200806
030306020403200806
030306021203200806
030306022003200806
030306023903200806
030306024703200806
030306025503200806
030306026303200806
030306027103200806
030306028003200806
030306029803200806
030306030103200806
030307001301200806
030307002104200806
030307003001200806
030307004801200806
030307005601200806
030307006403200806
030307007203200806
030307008003200806
030307009903200806
030307010203200806
030307011003200806
030307012903200806
030308001901200806
030308002701200806
030308003501200806
030308004303200806
030308005103200806
030308006003200806
030308007803200806
030308008603200806
030308009403200806
030309001401200806
030309001405200806
030309002201200806
030309002205200806
030309003001200806
030309004901200806
030309004904200806
030309007301200806
030309008101200806
030309009001200806
030309011101200806
030309012001200806
030309012005200806
030309013803200806
030309014601200806
030309014605200806
030309015401200806
030309016201200806
030309017005200806
030309018901200806
030309018905200806
030309019703200806
030309020001200806
030309020003200806
030309021901200806
030309022701200806
030309022705200806
030309023501200806
030309023503200806
030309024303200806
030309025101200806
030309026001200806
030309028601200806
030309028603200806
030309029403200806
030309030801200806
030309030803200806
030309031603200806
030309032403200806
030309033203200806
030309034003200806
030309035903200806
030309036703200806
030309037503200806
030310001003200806
030310002803200806
030310003603200806
030310004403200806
030310005203200806
030311001503200806
030311002303200806
030311003103200806
030311004003200806
030311005803200806
030311006603200806
030311007403200806
030311008203200806
030311009003200806
030311010403200806
030311011203200806
030312001003200806
030312002905200806
030312003705200806
030312004505200806
030312005301200806
030312006102200806
030312007002200806
030313001603200806
030313002403200806
030313003203200806
030313004003200806
030313005903200806
030313006703200806
030313007503200806
030313008303200806
030314001101200806
030314002003200806
030314003803200806
030314004603200806
030314005403200806
030314006203200806
030314007003200806
030314008903200806
030314009703200806
030314010003200806
030314011901200806
030314011903200806
030314012703200806
030314013503200806
030314014303200806
030314015103200806
030315001703200806
030315002503200806
030315003303200806
030315004103200806
030315005003200806
030315006803200806
030316001203200806
030316002003200806
030316003903200806
030316004703200806
030316005503200806
030316006303200806
030316007103200806
030317001803200806
030317002603200806
030317003403200806
030317004203200806
030317005003200806
030317006903200806
030317007703200806
030317008503200806
030317009303200806
030317010703200806
030318001303200806
030318003003200806
030318004803200806
030318005603200806
030318006403200806
030318007203200806
030319001903200806
030401001406200806
030401002206200806
030401003006200806
030401004903200806
030401005703200806
030401006503200806
030401007306200806
030401008107200806
030401009006200806
030401010306200806
030401011103200806
030401012006200806
030401013806200806
030401014606200806
030401015407200806
030401016203200806
030401017007200806
030401018907200806
030401019707200806
030401020007200806
030401021906200806
030401022706200806
030401023506200806
030401024306200806
030401025106200806
030401026006200806
030401027806200806
030401028606200806
030401029406200806
030401030807200806
030402001006200806
030402002806200806
030402003606200806
030402004406200806
030402005206200806
030402006006200806
030402007906200806
030402008706200806
030402009506200806
030402010906200806
030402011706200806
030402012506200806
030402013306200806
030402014106200806
030402015006200806
030402016806200806
030402017606200806
030402018406200806
030402019206200806
030402020606200806
030402021406200806
030402022206200806
030402023006200806
030402024906200806
030402025706200806
030402026506200806
030402027306200806
030402028106200806
030402029006200806
030402030306200806
030402031106200806
030402032006200806
030402033806200806
030402034606200806
030402035406200806
030402036206200806
030402037006200806
030403001506200806
030403002306200806
030403003106200806
030403004006200806
030403005806200806
030403006606200806
030403007406200806
030403008206200806
030403009006200806
030403010406200806
030403011206200806
030403012006200806
030403013906200806
030403014706200806
030403015506200806
030403016306200806
030403017106200806
030403018006200806
030403019806200806
030403020106200806
030403021006200806
030404001006200806
030404002906200806
030404003706200806
030404004506200806
030404005306200806
030404006106200806
030404007006200806
030404008806200806
030404009606200806
030404010006200806
030404011806200806
030404012606200806
030404013406200806
030404014206200806
030404015006200806
030404016906200806
030405001606200806
030405002406200806
030405003206200806
030405004006200806
030405005906200806
030405006706200806
030405007506200806
030405008306200806
030405009106200806
030405010506200806
030405011306200806
030405012106200806
030405013006200806
030405014806200806
030405015606200806
030405016406200806
030405017206200806
030405018006200806
030405019906200806
030405020206200806
030405021006200806
030405022906200806
030405023706200806
030405024506200806
030406001106200806
030406002006200806
030406003806200806
030406004606200806
030406005406200806
030406006206200806
030406007006200806
030406008906200806
030406009706200806
030406010006200806
030406011906200806
030406012706200806
030406013506200806
030406014306200806
030406015106200806
030406016006200806
030406017806200806
030406018606200806
030406019406200806
030406020806200806
030406021606200806
030407001706200806
030407002506200806
030407003306200806
030407004106200806
030407005006200806
030408001207200806
030408002003200806
030408003903200806
030408004703200806
030408005506200806
030408005507200806
030408006303200806
030408007106200806
030408007107200806
030409001803200806
030409002603200806
030409003403200806
030410001303200806
030501001807200806
030501002606200806
030501003404200806
030501004204200806
030501005007200806
030501006906200806
030501006907200806
030501007707200806
030501008506200806
030501008507200806
030501009307200806
030501010706200806
030501010707200806
030501011506200806
030501011507200806
030501012307200806
030501013104200806
030501014004200806
030501015804200806
030501016606200806
030501017403200806
030501018206200806
030501018207200806
030501019004200806
030502001303200806
030502002103200806
030502003003200806
030502004803200806
030502005603200806
030601001101200806
030601002001200806
030601003801200806
030602001701200806
030602001704200806
030602002501200806
030602002505200806
030602003301200806
030602003305200806
030602004101200806
030602004104200806
030602005001200806
030602005004200806
030602006801200806
030602006804200806
030602007601200806
030602007604200806
030602008401200806
030602008404200806
030602009201200806
030602010601200806
030602010604200806
030602011401200806
030602011404200806
030602012201200806
030602012204200806
030602013001200806
030602013004200806
030602014901200806
030602014904200806
030602015701200806
030701001501200806
030701002301200806
030701003101200806
030701004001200806
030701005801200806
030702001001200806
030702002901200806
030702003701200806
030702004501200806
030702005301200806
030702006101200806
030702007001200806
030702008801200806
030702009601200806
030702010001200806
030702011801200806
030703001601200806
030703002401200806
030703003201200806
030704001101200806
030704002006200806
030704003801200806
030704004601200806
030704005406200806
030704006201200806
030704007001200806
030704008901200806
030801001903200806
030801002703200806
030801003503200806
030801004303200806
030802001404200806
030802002203200806
030802003003200806
030803001003200806
030803002803200806
030803003603200806
030804001503200806
030804002303200806
030901001204200806
030901002004200806
030901003904200806
030901004704200806
030901005504200806
030901006304200806
030901007104200806
030901008004200806
030901009804200806
030901010104200806
030902001801200806
030902002601200806
030902003401200806
030903001301200806
030903002101200806
030903003001200806
030903004801200806
030903005601200806
030903005605200806
030903006401200806
030903007201200806
030903008001200806
030903009905200806
030903010206200806
030903011006200806
030903012906200806
030903013706200806
030903014501200806
030903014505200806
030903015301200806
030904001905200806
030904002701200806
030904002705200806
030905001401200806
030905002201200806
030905003001200806
031001001202200806
031001002004200806
031001003903200806
031001004703200806
040101001501200806
040101001504200806
040101002301200806
040101002305200806
040101003101200806
040101004001200806
040101004004200806
040101005801200806
040101005804200806
040101006601200806
040101007401200806
040101008201200806
040101009001200806
040101010401200806
040101010404200806
040101011201200806
040101012001200806
040101013901200806
040102001003200806
040102002903200806
040102003703200806
040102004503200806
040102005303200806
040102006103200806
040102007003200806
040102008802200806
040102008803200806
040102009603200806
040102010003200806
040102011803200806
040102012603200806
040102013403200806
040102014203200806
040102015001200806
040102015003200806
040102016903200806
040201001903200806
040201002703200806
040201003503200806
040201004303200806
040201005103200806
040202001403200806
040202002203200806
040301001203200806
040301002003200806
040301003903200806
040301004703200806
040301005503200806
040301006303200806
040301007103200806
040301008003200806
040301009803200806
040301010103200806
040301011003200806
040301012803200806
040301013603200806
040301014403200806
040301015203200806
040301016003200806
040301017903200806
040301018703200806
040301019503200806
040301020903200806
040301021703200806
040301022503200806
040301023303200806
040301024103200806
040301025003200806
040301026803200806
040301027603200806
040301028403200806
040301029203200806
040301030603200806
040301031403200806
040301032203200806
040301033003200806
040301034903200806
040301035703200806
040301036503200806
040302001803200806
040302002603200806
040302003403200806
040302004203200806
040302005003200806
040302006903200806
040302007703200806
040302008503200806
040302009303200806
040302010703200806
040302011503200806
040302012303200806
040302013103200806
040303001303200806
040303002103200806
040303003003200806
040303004803200806
040303005603200806
040303006403200806
040303007203200806
040303008003200806
040303009903200806
040303010203200806
040303011003200806
040303012903200806
040303013703200806
040303014503200806
040303015303200806
040303016103200806
040303017003200806
040304001903200806
040304002703200806
040304003503200806
040304004303200806
040304005103200806
040304006003200806
040304007803200806
040304008603200806
040305001402200806
040305002202200806
040305003003200806
040305004903200806
040305005703200806
040305006503200806
040305007303200806
040305008102200806
040305009003200806
040305010303200806
040305011103200806
040305012003200806
040305013803200806
040305014603200806
040305015403200806
040305016203200806
040306001003200806
040306002803200806
040306003603200806
040306004403200806
040306005203200806
040306006003200806
040306007903200806
040306008703200806
040306009503200806
040307001503200806
040307002303200806
040307003103200806
040307004003200806
040307005803200806
040307006603200806
040307007403200806
040307008203200806
040307009003200806
040307010403200806
040307011203200806
040307012003200806
040307013903200806
040307014703200806
040308001003200806
040308002903200806
040308003703200806
040308004503200806
040308005303200806
040308006103200806
040308007003200806
040308008803200806
040308009603200806
040308010003200806
040401001602200806
040401001603200806
040401002401200806
040401002403200806
040401003202200806
040401003203200806
040401004003200806
040401005901200806
040401005903200806
040401006703200806
040401007501200806
040401008303200806
040401009101200806
040401010503200806
040401011303200806
040401012101200806
040401012103200806
040401013003200806
040401014803200806
040401015601200806
040401016403200806
040401017203200806
040401018003200806
040401019903200806
040401020203200806
040401021003200806
040401022903200806
040401023703200806
040401024501200806
040401025301200806
040401025304200806
040401026101200806
040401027001200806
040401028803200806
040401029601200806
040401030001200806
040401031801200806
040401031803200806
040401032603200806
040401033403200806
040401034201200806
040401034204200806
040401035003200806
040401036901200806
040401037703200806
040401038503200806
040401039301200806
040401040703200806
040401041502200806
040401041503200806
040402001103200806
040402002001200806
040402003801200806
040402003803200806
040402004603200806
040402005401200806
040402005404200806
040402006203200806
040402007003200806
040402008901200806
040402008903200806
040402009701200806
040402009704200806
040402010001200806
040402011903200806
040402012701200806
040402013503200806
040402014303200806
040402015103200806
040402016003200806
040402017803200806
040402018603200806
040402019403200806
040402020803200806
040402021603200806
040402022403200806
040402023203200806
040402024003200806
040402025903200806
040402026703200806
040402027503200806
040402028303200806
040402029103200806
040402030503200806
040402031303200806
040402032103200806
040402033003200806
040402034803200806
040402035603200806
040402036403200806
040402037203200806
040402038003200806
040402039903200806
040402040203200806
040402041003200806
040402042903200806
040402043703200806
040403001703200806
040403002503200806
040403003303200806
040403004103200806
040403005003200806
040403006803200806
040403007603200806
040403008403200806
040403009203200806
040403010603200806
040403011403200806
040403012203200806
040403013003200806
040403014903200806
040403015703200806
040403016503200806
040403017303200806
040403018103200806
040403019003200806
040403020303200806
040403021103200806
040501001001200806
040501002801200806
040501003603200806
040501004401200806
040501005201200806
040501006001200806
040501007901200806
040501008703200806
040501010901200806
040501011703200806
040501012503200806
040501013303200806
040501014101200806
040501015001200806
040501016801200806
040501017601200806
040501018401200806
040501019201200806
040502001503200806
040502002303200806
040503001003200806
040503002903200806
040503003703200806
040503004502200806
040503005301200806
040503007001200806
040503007003200806
040503008801200806
040503009601200806
040503010001200806
040503010003200806
040503011801200806
040503011803200806
040503012601200806
040503013401200806
040503014203200806
040503015001200806
040504001601200806
040504001603200806
040504002403200806
040504003201200806
040504003203200806
040504004003200806
040504005903200806
040504006703200806
040504007503200806
040504008303200806
040504009103200806
040504010501200806
040504010503200806
040504013001200806
040504014803200806
040504015603200806
040504016403200806
040504017203200806
040504018003200806
040504019901200806
040504019903200806
040504020202200806
040505001103200806
040505002001200806
040505003801200806
040505004601200806
040505005401200806
040505005403200806
040505006201200806
040505007001200806
040505008901200806
040505009706200806
040505010006200806
040505011906200806
040505012701200806
040505013503200806
040505014301200806
040505014303200806
040505015102200806
040505015103200806
040505016001200806
040505017801200806
040505017803200806
040505018603200806
040505019401200806
040505020801200806
040505021603200806
040505022403200806
040505023203200806
040505024001200806
040505025901200806
040505026701200806
040505028301200806
040505029101200806
040505030501200806
040505031303200806
040505032101200806
040505034803200806
040505035603200806
040505036401200806
040505037206200806
040601001303200806
040601002103200806
040601003003200806
040601004803200806
040601005603200806
040601006403200806
040601007203200806
040601008003200806
040601009903200806
040601010203200806
040601011003200806
040601012904200806
040601013703200806
040601014503200806
040601015303200806
040601016103200806
040601017003200806
040601018803200806
040601019603200806
040601020003200806
040601021803200806
040601022603200806
040601023403200806
040601024203200806
040601025003200806
040601026903200806
040601027703200806
040601028503200806
040601029303200806
040601030703200806
040601031503200806
040601032303200806
040601033103200806
040601034003200806
040601035803200806
040601036603200806
040601037403200806
040601038203200806
040601039003200806
040601040403200806
040601041203200806
040601042003200806
040601043903200806
040601044703200806
040601045503200806
040601046303200806
040601047103200806
040601048003200806
040601049803200806
040601050103200806
040601051003200806
040601052803200806
040601053603200806
040601054403200806
040601055203200806
040601056003200806
040601057903200806
040601058703200806
040601059503200806
040601060903200806
040601061703200806
040601062503200806
040601063303200806
040601064103200806
040601065003200806
040601066803200806
040601067603200806
040601068403200806
040601069203200806
040601070603200806
040601071403200806
040601072204200806
040601073003200806
040601074903200806
040601075703200806
040601076503200806
040601077303200806
040601078103200806
040601079003200806
040601080303200806
040601081103200806
040601082003200806
040601083803200806
040601084603200806
040601085403200806
040601086203200806
040601087003200806
040601088903200806
040601089703200806
040601090003200806
040601091903200806
040601092703200806
040601093503200806
040601094303200806
040601095103200806
040601096003200806
040601097803200806
040601098603200806
040601099403200806
040601100103200806
040601101003200806
040601102803200806
040601103603200806
040601104403200806
040601105203200806
040601106003200806
040601107903200806
040601108703200806
040601109503200806
040601110903200806
040601111703200806
040601112503200806
040601113303200806
040601114103200806
040601115003200806
040601116803200806
040601117603200806
040601118403200806
040601119203200806
040601120603200806
040601121403200806
040601122203200806
040602001903200806
040602002703200806
040602003503200806
040602004303200806
040602005103200806
040602006005200806
040602007803200806
040602008605200806
040602009401200806
040602010803200806
040602011603200806
040602012403200806
040602013201200806
040602014001200806
040602015903200806
040602016703200806
040602017504200806
040602018305200806
040602019103200806
040602020501200806
040602021303200806
040602022103200806
040602023003200806
040602024803200806
040602025603200806
040602026403200806
040602027203200806
040602028003200806
040602029901200806
040602030203200806
040602031003200806
040602032903200806
040602033703200806
040602034503200806
040602035303200806
040602036103200806
040602037003200806
040602038803200806
040602039603200806
040602040003200806
040602041803200806
040602042603200806
040602043403200806
040602044203200806
040602045003200806
040602046903200806
040602047703200806
040602048503200806
040602049303200806
040602050703200806
040602051503200806
040602052303200806
040602053103200806
040602054003200806
040602055803200806
040602056603200806
040602057403200806
040602058203200806
040602059003200806
040602060403200806
040603001403200806
040603002203200806
040603003003200806
040603004903200806
040603005703200806
040603006503200806
040603007303200806
040603008103200806
040603009003200806
040603010303200806
040603011103200806
040603012003200806
040603013803200806
040603014603200806
040604001003200806
040604002803200806
040604004403200806
040604005203200806
040604006003200806
040604007903200806
040604008703200806
040604009503200806
040604010903200806
040604011703200806
040604012503200806
040604013303200806
040604014103200806
040604015003200806
040604016803200806
040604017603200806
040604018403200806
040604019203200806
040604020603200806
040604021403200806
040604022203200806
040604023003200806
040604024903200806
040604025703200806
040604026503200806
040604027303200806
040604028103200806
040604029003200806
040604030303200806
040604031103200806
040604032003200806
040604033803200806
040605001503200806
040605002303200806
040605003103200806
040605004003200806
040605005803200806
040605006603200806
040605007403200806
040605008203200806
040605009003200806
040605010403200806
040605011203200806
040605012003200806
040605013903200806
040701001703200806
040701002505200806
040701003303200806
040701004103200806
040701005003200806
040701006803200806
040701007603200806
040701008403200806
040701009203200806
040701010603200806
040701011403200806
040701012203200806
040701013003200806
040701014903200806
040701015703200806
040701016503200806
040701017303200806
040701018103200806
040701019003200806
040701020303200806
040701021103200806
040701022003200806
040701023803200806
040701024601200806
040701024604200806
040701025401200806
040701025404200806
040701026205200806
040701027003200806
040701028903200806
040701029703200806
040701030003200806
040701031901200806
040701032701200806
040701033503200806
040701034303200806
040701035103200806
040702001203200806
040702002003200806
040702003903200806
040702004703200806
040702005501200806
040702006303200806
040702007103200806
040702008003200806
040702009803200806
040702010103200806
040702011003200806
040702012801200806
040702012804200806
040702013601200806
040702013603200806
040702014401200806
040702014403200806
040702015203200806
040702016001200806
040702017903200806
040702018703200806
040702019503200806
040702020903200806
040702021703200806
040702022502200806
040702022503200806
040702023303200806
040702024103200806
040702025003200806
040702026803200806
040702027603200806
040702028403200806
040702029203200806
040702030603200806
040702031401200806
040702032203200806
040702033003200806
040702034903200806
040702035703200806
040702036503200806
040702037301200806
040702038103200806
040702039001200806
040702040303200806
040702041103200806
040702042003200806
040702043803200806
040702044603200806
040702045403200806
040702046203200806
040702047003200806
040702048901200806
040702049701200806
040703001803200806
040703002603200806
040703003403200806
040703004203200806
040703005003200806
040703006903200806
040703007703200806
040703008502200806
040703009302200806
040703010702200806
040703011502200806
040703012303200806
040703013103200806
040703014003200806
040703015803200806
040703016603200806
040703017403200806
040703018203200806
040703019003200806
040703020403200806
040703021203200806
040703022003200806
040703023902200806
040703024703200806
040704001303200806
040704002103200806
040704003003200806
040704004803200806
040704005603200806
040704006403200806
040704007203200806
040704008003200806
040704009903200806
040704010203200806
040704011003200806
040704012903200806
040704013703200806
040704014503200806
040704015303200806
040704016103200806
040704017003200806
040704018803200806
040704019601200806
040704019604200806
040704020003200806
040704021801200806
040704021804200806
040704022603200806
040704023403200806
040704024203200806
040704025003200806
040704026903200806
040801001003200806
040801002903200806
040801003703200806
040801004503200806
040801005303200806
040801006103200806
040801007003200806
040801008803200806
040801009603200806
040801010003200806
040801011803200806
040801012601200806
040801012604200806
040801013401200806
040801013403200806
040801014203200806
040801015003200806
040801016903200806
040801017703200806
040801018503200806
040801019303200806
040801020703200806
040801021503200806
040801022303200806
040801023103200806
040802001603200806
040802002403200806
040802003203200806
040802004003200806
040802005903200806
040802006703200806
040802007503200806
040802008303200806
040802009103200806
040802010501200806
040802010503200806
040802011304200806
040802012103200806
040802013003200806
040802014803200806
040802015603200806
040802016401200806
040802016403200806
040802017201200806
040802017203200806
040802018001200806
040802018003200806
040802019901200806
040802019903200806
040802020201200806
040802020203200806
040802021003200806
040802022901200806
040802022903200806
040802023703200806
040802024501200806
040802024503200806
040802025303200806
040802026103200806
040802027003200806
040802028803200806
040802029601200806
040802029603200806
040802030001200806
040802030003200806
040802031803200806
040802032603200806
040802033403200806
040802034203200806
040802035003200806
040802036903200806
040802037703200806
040802038503200806
040802039303200806
040802040703200806
040802041503200806
040802042303200806
040802043103200806
040802044003200806
040802045803200806
040802046603200806
040802047403200806
040802048203200806
040802049003200806
040802050403200806
040802051203200806
040802052003200806
040802053903200806
040802054703200806
040802055503200806
040802056303200806
040802057103200806
040802058003200806
040802059803200806
040802060103200806
040802061003200806
040802062803200806
040802063603200806
040802064403200806
040803001103200806
040803002003200806
040803003803200806
040803004603200806
040803005403200806
040803006203200806
040803007003200806
040803008903200806
040803009703200806
040803010003200806
040803011903200806
040803012703200806
040803013503200806
040803014303200806
040803015103200806
040803016003200806
040803017803200806
040803018603200806
040803019403200806
040803020803200806
040803021603200806
040803022403200806
040803023203200806
040803024003200806
040803025903200806
040803026703200806
040803027503200806
040803028303200806
040803029103200806
040803030503200806
040803031303200806
040803032103200806
040803033003200806
040803034803200806
040803035603200806
040803036403200806
040803037203200806
040803038003200806
040803039903200806
040803040203200806
040803041003200806
040803042903200806
040803043703200806
040803044503200806
040803045303200806
040803046103200806
040803047003200806
040803048804200806
040803050003200806
040803051803200806
040803052603200806
040803053403200806
040803054203200806
040803055003200806
040803056903200806
040803057703200806
040803058503200806
040803059303200806
040803060703200806
040803061503200806
040803062303200806
040803063103200806
040803064003200806
040803065803200806
040803066603200806
040803067403200806
040803068203200806
040803069003200806
040803070403200806
040803071203200806
040803072003200806
040803073903200806
040803074703200806
040803075503200806
040803076303200806
040803077103200806
040803078003200806
040803079803200806
040803080103200806
040803081003200806
040803082803200806
040803083603200806
040803084403200806
040803085203200806
040803086003200806
040803087903200806
040803088703200806
040803089503200806
040803090903200806
040803091703200806
040804001703200806
040804002503200806
040804003303200806
040804004103200806
040804005003200806
040804006803200806
040804007603200806
040804008403200806
040804009203200806
040804010603200806
040804011403200806
040804012203200806
040804013003200806
040804014903200806
040804015703200806
040804016503200806
040804017303200806
040804018103200806
040804019003200806
040804020303200806
040804021104200806
040804022003200806
040804023803200806
040804024603200806
040804025403200806
040804026203200806
040804027003200806
040804028903200806
040804029703200806
040804030003200806
040804031903200806
040804032703200806
040804033503200806
040804034303200806
040804035101200806
040805001203200806
040805002003200806
040805003903200806
040805004703200806
040805005503200806
040805006303200806
040805007103200806
040805008003200806
040805009804200806
040805010103200806
040805011003200806
040805012803200806
040805013603200806
040805014403200806
040805015203200806
040805016003200806
040805017903200806
040805018703200806
040805019501200806
040805019503200806
040805020901200806
040805020903200806
040805021701200806
040805021703200806
040805022501200806
040805022503200806
040805023303200806
040805024101200806
040805024103200806
040805025001200806
040805025003200806
040805026801200806
040805026803200806
040805027601200806
040805027603200806
040805028401200806
040805028403200806
040805029201200806
040805029203200806
040805030603200806
040805031403200806
040805032203200806
040805033001200806
040805033003200806
040805034903200806
040805035703200806
040805036503200806
040805037303200806
040805038103200806
040805039003200806
040805040303200806
040805041103200806
040805042003200806
040805043803200806
040805044603200806
040805045403200806
040805046203200806
040805047003200806
040805048903200806
040805049703200806
040805050003200806
040805051903200806
040805052703200806
040805053503200806
040805054303200806
040805055103200806
040805056003200806
040805057803200806
040805058603200806
040805059403200806
040805060803200806
040805061603200806
040805062403200806
040805063203200806
040805064003200806
040805065903200806
040805066703200806
040805067503200806
040805068303200806
040805069103200806
040805070503200806
040805071303200806
040805072103200806
040805073003200806
040805074803200806
040805075603200806
040805076403200806
040805077203200806
040805078003200806
040805079903200806
040805080203200806
040805081003200806
040805082903200806
040805083703200806
040805084503200806
040805085303200806
040805086103200806
040805087003200806
040805088803200806
040805089603200806
040805090003200806
040805091803200806
040805092603200806
040806001803200806
040806002603200806
040806003403200806
040806004201200806
040806004203200806
040806005003200806
040806006903200806
040806007703200806
040806008501200806
040806008503200806
040806009303200806
040806010703200806
040806011503200806
040806012303200806
040806013103200806
040806014003200806
040806015801200806
040806015803200806
040806016603200806
040806017403200806
040806018203200806
040806019003200806
040806020403200806
040806021201200806
040806021203200806
040806022001200806
040806023903200806
040806024703200806
040806025503200806
040806026303200806
040806027103200806
040806028003200806
040806029803200806
040806030101200806
040806030103200806
040806031003200806
040806032803200806
040806033603200806
040806034403200806
040806035201200806
040806035203200806
040806036003200806
040806037903200806
040806038703200806
040806039503200806
040806040902200806
040806040903200806
040806041703200806
040806042501200806
040806042503200806
040806043303200806
040806044103200806
040806045001200806
040806045003200806
040806046803200806
040806047603200806
040806048403200806
040806049203200806
040806050603200806
040806051403200806
040806052203200806
040806053003200806
040806054903200806
040806055703200806
040806056503200806
040806057303200806
040806058103200806
040806059003200806
040806060303200806
040806061103200806
040806062003200806
040806063803200806
040806064603200806
040806065401200806
040806066203200806
040806067003200806
040806068901200806
040806069703200806
040806070003200806
040901001403200806
040901002203200806
040901003003200806
040901004903200806
040901005703200806
040901006503200806
040901007303200806
040901008103200806
040901009001200806
040901009003200806
040901010302200806
040901011102200806
040901012003200806
040901013803200806
040901014603200806
040901015401200806
040901016201200806
040901017003200806
040901017006200806
040901018903200806
040901019703200806
040901020003200806
040901021903200806
040901022703200806
040901023503200806
040901024303200806
040901025103200806
040901026003200806
040901027801200806
040901028603200806
040901029402200806
040901029403200806
040901030803200806
040901031603200806
040901032403200806
040901033203200806
040901034003200806
040901035901200806
040901035904200806
040901036703200806
040901037503200806
040901038301200806
040901038303200806
040901039103200806
040901040503200806
040901041303200806
040901042102200806
040901043003200806
040901044801200806
040901045603200806
040901046403200806
040901047203200806
040901048003200806
040901049903200806
040901050203200806
040901051003200806
040901052903200806
040901053703200806
040901054503200806
040901055303200806
040901056103200806
040901057003200806
040901058803200806
040902001001200806
040902001003200806
040902002801200806
040902002803200806
040902003601200806
040902003604200806
040902004403200806
040902005203200806
040902006001200806
040902007901200806
040902007903200806
040902008701200806
040902008703200806
040902009501200806
040902009503200806
040902010903200806
040902011701200806
040902012503200806
040902013303200806
040902014103200806
040902015003200806
040902016803200806
040902017601200806
040902017603200806
040902018401200806
040903001503200806
040903002303200806
040903003103200806
040903004003200806
040904001001200806
040904001003200806
040904002901200806
040904002904200806
040904003703200806
040904004503200806
040904005303200806
040904006101200806
040904006104200806
040904007001200806
040904007003200806
040904008801200806
040904008803200806
040904009603200806
040904010001200806
040904011803200806
040904012603200806
040904013403200806
040904014203200806
040904015003200806
040904016901200806
040904016903200806
040904017703200806
040904018503200806
040904019303200806
040904020703200806
040904021502200806
040904021503200806
040904022303200806
040904023103200806
040904024002200806
040904024003200806
040905001603200806
040905002403200806
040905003203200806
040905004003200806
040905005901200806
040905006701200806
040905007503200806
040905008302200806
040905008303200806
040905009103200806
040905010503200806
040905011303200806
040906001101200806
040906001103200806
040906002003200806
040906003803200806
040906004602200806
040906004603200806
040906005403200806
040906006201200806
040906007003200806
040906008902200806
040906009701200806
040906010003200806
040906011903200806
040906012703200806
040906013503200806
040906014303200806
040906015103200806
040906016003200806
040906017802200806
040906017803200806
040906018603200806
040906019403200806
040906020803200806
040906021603200806
040906022403200806
040906023203200806
040906024003200806
040906025903200806
040906026703200806
040906027503200806
040906028303200806
040907001703200806
040907002503200806
040907003303200806
040907004103200806
040907005003200806
040907006803200806
040907007603200806
040907008403200806
040907009203200806
040907010601200806
040907010603200806
040907011403200806
040907012201200806
040907012204200806
040907013003200806
040907014901200806
040907014903200806
040907015702200806
040907015703200806
040907016501200806
040907016504200806
040907017301200806
040907018101200806
040907018104200806
040907019003200806
040907020303200806
040907021103200806
040907022003200806
040907023803200806
040907024603200806
040907025403200806
040907026203200806
040907027003200806
040907028903200806
040907029703200806
040907030003200806
041001001401200806
041001001403200806
041001002201200806
041001003001200806
041001004901200806
041001004904200806
041001005703200806
041001006503200806
041001007303200806
041001008101200806
041001008103200806
041001009003200806
041001010301200806
041001011103200806
041001012003200806
041101001802200806
041101001803200806
041101002603200806
041101003403200806
041101004203200806
041101005003200806
041101006901200806
041101007701200806
041101007703200806
041101008503200806
041102001301200806
041102001303200806
041102002103200806
041102003003200806
041102004803200806
041102005603200806
041201001103200806
041201002003200806
041201003803200806
041201004603200806
041201005403200806
041201006201200806
041201006204200806
041201007003200806
041201008903200806
041201009703200806
041201010003200806
041201011903200806
041201012704200806
041201013503200806
041201014303200806
041202001703200806
041202002503200806
041202003303200806
041202004103200806
041202005003200806
041202006803200806
041202007603200806
041202008403200806
041203001203200806
041203002001200806
041203002004200806
041203003901200806
041203004703200806
041203005505200806
041203006305200806
041203007105200806
041203008003200806
041204001803200806
041204002603200806
041204003403200806
041204004203200806
041204005003200806
041204006903200806
041204007703200806
041204008503200806
041204009303200806
041204010703200806
041204011503200806
041204012303200806
041204013103200806
041204014001200806
041204014004200806
041204015803200806
041204016603200806
041204017403200806
041204018203200806
041204019003200806
041204020403200806
041204021203200806
041204022003200806
041205001303200806
041205002103200806
041205003003200806
041205004803200806
041205005603200806
041205006403200806
041205007203200806
041205008003200806
041205009903200806
041205010203200806
041205011003200806
041205012905200806
041205013703200806
041205014503200806
041205015303200806
041301001503200806
041301002301200806
041301003107200806
041301004007200806
041301005807200806
041301006603200806
041301007404200806
041301008203200806
041301009003200806
041303001603200806
041303002403200806
041303003203200806
041303004006200806
041303005903200806
041303006703200806
041303007503200806
041303008303200806
041304001101200806
041304002003200806
041304003803200806
041304004603200806
041304005403200806
041304006203200806
041304007003200806
041304008903200806
041304009703200806
041304010003200806
041304011903200806
041304012703200806
041304013503200806
041304014303200806
041304015101200806
041304015103200806
041304016003200806
041304017803200806
041304018603200806
041304019403200806
041304020803200806
041304021603200806
041304022403200806
041304023202200806
041304023203200806
041304024003200806
041401001901200806
041401002703200806
041401003503200806
041401004303200806
041401005103200806
041401006003200806
041401007803200806
041401008601200806
041401008603200806
041401009403200806
041401010803200806
041401011603200806
041401012403200806
041401013203200806
041401014003200806
041401015903200806
041401016703200806
041401017501200806
041401017503200806
041401018303200806
041401019103200806
041401020503200806
041401021301200806
041401021304200806
041401022101200806
041401023003200806
041401024803200806
041401025603200806
041401026403200806
041401027203200806
041401028003200806
041401029901200806
041401030201200806
041401031001200806
041401032903200806
041401033701200806
041402001401200806
041402002201200806
041402003001200806
041402004901200806
041402005701200806
041402006501200806
041402007301200806
041402008101200806
041402009001200806
041402010301200806
041402010303200806
041402011101200806
041402011103200806
041402012001200806
041402013801200806
041402014601200806
041402015401200806
041402016201200806
041402017001200806
041402018906200806
041402019703200806
041402020001200806
041402021901200806
041402022701200806
041402023501200806
041402024301200806
041402025101200806
041402026001200806
041402027801200806
041402028601200806
041402029401200806
041402030801200806
041402031601200806
041402032401200806
041402033206200806
041402034001200806
041402035901200806
041402036701200806
041402037501200806
041402038301200806
041402039101200806
041402040501200806
041501001203200806
041502001803200806
041502002603200806
041503001303200806
041504001902200806
041504001904200806
041504002703200806
041504003503200806
041504004301200806
041504005101200806
041601001603200806
041601002403200806
041601003203200806
041601004003200806
041601005903200806
041601006703200806
041601007503200806
041601008303200806
041601009103200806
041601010503200806
041601011303200806
041601012103200806
041601013003200806
041601014803200806
041601015603200806
041601016403200806
041601017203200806
041601018003200806
041601019903200806
041602001103200806
041602002003200806
041602003803200806
041602004603200806
041602005403200806
041602006203200806
041602007003200806
041602008903200806
041602009703200806
041602010003200806
041602011903200806
041602012703200806
041602013503200806
041602014303200806
041603001703200806
041603002503200806
041603003303200806
041603004103200806
041603005003200806
041603006803200806
041603007603200806
041603008403200806
041603009203200806
041603010603200806
041603011403200806
041603012203200806
041603013003200806
041604001203200806
041604002003200806
041604003903200806
041604004703200806
041604005503200806
041604006303200806
041604007103200806
041604008003200806
041604009803200806
041604010103200806
041604011003200806
041604012803200806
041604013603200806
041604014403200806
041604015203200806
041604016003200806
041605001803200806
041605002603200806
041605003403200806
041605004203200806
041605005003200806
041605006903200806
041605007703200806
041605008503200806
041606001303200806
041606002103200806
041606003003200806
041606004803200806
041606005603200806
041606006403200806
041606007203200806
041606008003200806
041606009903200806
041606010203200806
041607001903200806
041607002703200806
041607003503200806
041608001403200806
041608002203200806
041608003003200806
041608004903200806
041608005703200806
041608006503200806
041608007303200806
041608008103200806
041608009003200806
041608010303200806
041609001003200806
041609002803200806
041609003603200806
041609004403200806
041609005203200806
041609006003200806
041609007903200806
041609008703200806
041609009503200806
041609010903200806
041611001003200806
041611002903200806
041611003703200806
041611004503200806
041611005303200806
041612001603200806
041612002403200806
041612003203200806
041612004003200806
041612005903200806
041613001103200806
041613002003200806
041613003803200806
041613004603200806
041613005403200806
041613006203200806
041701001004200806
041701002804200806
041701003604200806
041701004404200806
041701005202200806
041701005204200806
041701006002200806
041701006004200806
041801001306200806
041801001307200806
041801002106200806
041801002107200806
041801003006200806
041801003007200806
041801004806200806
041801004807200806
041801005604200806
041801006407200806
041801007204200806
041801008006200806
041801008007200806
041801009907200806
041802001906200806
041802001907200806
041802002706200806
041802002707200806
041802003507200806
050101001702200806
050101002502200806
050101003302200806
050101004102200806
050101005002200806
050101006802200806
050102001202200806
050102002002200806
050103001801200806
050103002601200806
050103003401200806
050103004201200806
050103005001200806
050104001302200806
050104002102200806
050104003002200806
050104004802200806
050104005602200806
050104006402200806
050104007202200806
050105001902200806
050105002702200806
050106001404200806
050106002204200806
050106003004200806
050106004904200806
050107001002200806
050107002802200806
050107003604200806
050108001504200806
050108001507200806
050108002304200806
050108002307200806
050108003104200806
050108003107200806
050108004004200806
050108004007200806
050108005804200806
050108005807200806
050108006604200806
050108006607200806
050108007404200806
050108007407200806
050108008204200806
050108009004200806
050108009007200806
050201001004200806
050201002904200806
050301001403200806
050301001406200806
050301002203200806
050301002206200806
050302001003200806
050302002803200806
050303001504200806
050303002304200806
050303003104200806
050303004004200806
050303005804200806
050303005807200806
050303006604200806
050303007404200806
050303008204200806
050304001004200806
050304002904200806
050304003704200806
050304004504200806
050304005304200806
050304005307200806
050401001804200806
050401001807200806
050401002603200806
050401002606200806
050401003404200806
050401003407200806
050402001304200806
050402002104200806
050402003004200806
050402004804200806
050402005604200806
050403001904200806
050403002704200806
050501001103200806
050501002003200806
050501003803200806
050501004603200806
050501005403200806
050501006203200806
050501007003200806
050501008903200806
050501009703200806
050501009706200806
050501010003200806
050501010006200806
050501011903200806
050501011906200806
050501012703200806
050501012706200806
050502001705200806
050502002505200806
050502003305200806
050502004103200806
050502005003200806
050502006803200806
050502007603200806
050502008403200806
050502009203200806
050502010603200806
050502011403200806
050601001506200806
050601002306200806
050602001003200806
050602002903200806
050602003703200806
050602004503200806
060101001906200806
060101002706200806
060101003506200806
060101004306200806
060102001406200806
060103001006200806
060103002806200806
060104001506200806
060104002306200806
060104003106200806
060104004006200806
060104005806200806
060105001006200806
060105002906200806
060105003706200806
060105004506200806
060105005306200806
060105006106200806
060105007006200806
060105008806200806
060105009606200806
060105010006200806
060105011806200806
060105012606200806
060105013406200806
060105014206200806
060105015006200806
060105016906200806
060106001606200806
060106002406200806
060107001106200806
060107002006200806
060107003806200806
060107004606200806
060107005406200806
060107006206200806
060107007006200806
060107008906200806
060108001706200806
060108002506200806
060108003306200806
060109001206200806
060109002006200806
060109003906200806
060109004706200806
060109005506200806
060109006306200806
060109008006200806
060109009806200806
060109010106200806
060110001806200806
060110002606200806
060110003406200806
060110004206200806
060110005006200806
060110006906200806
060110007706200806
060110008506200806
060110009306200806
060110010706200806
060110011506200806
060110012306200806
060110013106200806
060110014006200806
060110015806200806
060110016606200806
060111001306200806
060111002106200806
060111003006200806
060111004806200806
060111005606200806
060111006406200806
060111007206200806
060111008006200806
060111009906200806
060111010206200806
060111011006200806
060112001906200806
060112002706200806
060112003506200806
060113001406200806
060113002206200806
060114001006200806
060114002806200806
060114003606200806
060114004406200806
060115001506200806
060115002306200806
060116001006200806
060116002906200806
060116003706200806
060117001606200806
060117002406200806
060117003206200806
060117004006200806
060117005906200806
060117006706200806
060117007506200806
060117008306200806
060117009106200806
060117010506200806
060117011306200806
060117012106200806
060117013006200806
060117014806200806
060118001106200806
060118002006200806
060118003806200806
060118004606200806
060118005406200806
060118006206200806
060118007006200806
060118008906200806
060118009706200806
060118010006200806
060118011906200806
060118012706200806
060118013506200806
060118014306200806
060118015106200806
060118016006200806
060118017806200806
060118018606200806
060118019406200806
060118020806200806
060118021606200806
060118022406200806
060118023206200806
060119001706200806
060119002506200806
060119003306200806
060119004106200806
060119005006200806
060119006806200806
060119007606200806
060119008406200806
060119009206200806
060119010606200806
060119011406200806
060119012206200806
060120001206200806
060120002006200806
060120003906200806
060120004706200806
060120005506200806
060120006306200806
060120007106200806
060120008006200806
060120009806200806
060120010106200806
060120011006200806
060120012806200806
060120013606200806
060120014406200806
060120015206200806
060120016006200806
060120017906200806
060121001806200806
060121002606200806
060121003406200806
060121004206200806
060121005006200806
060121006906200806
060121007706200806
060121008506200806
060121009306200806
060122001306200806
060122002106200806
060122003006200806
060122004806200806
060122005606200806
060122006406200806
060122007206200806
060123001906200806
060124001406200806
060124002206200806
060125001006200806
060125002806200806
060125003606200806
060126001506200806
060127001006200806
060127002906200806
060127003706200806
060127004506200806
060127005306200806
060128001606200806
060128002406200806
060129001106200806
060130001706200806
060130002506200806
060130003306200806
060130004106200806
060131001206200806
060131002006200806
060132001806200806
060132002606200806
060133001306200806
060133002106200806
060133003006200806
060133004806200806
060134001906200806
060135001406200806
060135002206200806
060135003006200806
060135004906200806
060135005706200806
060135006506200806
060135007306200806
060135008106200806
060135009006200806
060135010306200806
060135011106200806
060135012006200806
060135013806200806
060135014606200806
060136001006200806
060136002806200806
060136003606200806
060136004406200806
060136005206200806
060136006006200806
060136007906200806
060201001206200806
060201002006200806
060201003906200806
060201004706200806
060201005506200806
060201006306200806
060201007106200806
060201008006200806
060201009806200806
060201011006200806
060201012806200806
060201013606200806
060201014406200806
060201015206200806
060201016006200806
060301001604200806
060302001104200806
060302002004200806
060302003804200806
060302004604200806
060302005404200806
060302006204200806
060302007004200806
060302008904200806
060302009704200806
060302010004200806
060303001704200806
060303002504200806
060303003304200806
060303004104200806
060304001204200806
060305001804200806
060305002604200806
060305003404200806
060306001304200806
060307001904200806
060307002704200806
060307003504200806
060307004304200806
060307005104200806
060308001404200806
060308002204200806
060308003004200806
060308004904200806
060308005704200806
060308006504200806
060308007304200806
060308008104200806
060308009004200806
060308010304200806
060308011104200806
060308012004200806
060308013804200806
060308014604200806
060308015404200806
060308016204200806
060308017004200806
060308018904200806
060308019704200806
060308020004200806
060308021904200806
060308022704200806
070101001002200806
070101002902200806
070101003702200806
070101004502200806
070101005302200806
070101006102200806
070101007002200806
070101008802200806
070101009602200806
070101010002200806
070101011802200806
070101012602200806
070101013402200806
070101014202200806
070101015002200806
070101016902200806
070101017702200806
070102001602200806
070102002402200806
070102003202200806
070102004002200806
070102005902200806
070102006702200806
070102007502200806
070102008302200806
070102009102200806
070102010502200806
070102011302200806
070102012102200806
070102013002200806
070102014802200806
070102015602200806
070102016402200806
070102017202200806
070102018002200806
070102019902200806
070102020202200806
070102021002200806
070102022902200806
070102023702200806
070102024502200806
070102025302200806
070102026102200806
070102027002200806
070102028802200806
070102029602200806
070102030002200806
070102031802200806
070102032602200806
070102033402200806
070102034202200806
070102035002200806
070102036902200806
070102037702200806
070102038502200806
070102039302200806
070102040702200806
070102041502200806
070102042302200806
070102043102200806
070102044002200806
070102045802200806
070102046602200806
070102047402200806
070102048202200806
070102049002200806
070102050402200806
070102051202200806
070102052002200806
070102053902200806
070102054702200806
070102055502200806
070102056302200806
070103001106200806
070103002006200806
070103003806200806
070103004606200806
070103005406200806
070103006206200806
070103007006200806
070103008906200806
070103009706200806
070103010006200806
070103011906200806
070103012706200806
070103013506200806
070103014306200806
070103015107200806
070103016006200806
070103017806200806
070103018606200806
070103019406200806
070103020806200806
070103021606200806
070103022406200806
070103023206200806
070103024006200806
070103025906200806
070103026706200806
070103027506200806
070103028306200806
070103029106200806
070104001702200806
070104002502200806
070104003302200806
070104004102200806
070104005002200806
070104006802200806
070104007602200806
070104008402200806
070105001202200806
070105002002200806
070105004702200806
070106001802200806
070106002602200806
070106003402200806
070106004202200806
070107001302200806
070107002102200806
070107003002200806
070107004802200806
070107005602200806
070107006402200806
070107007202200806
070107008002200806
070107009902200806
070107010202200806
070107011002200806
070107012902200806
070107013702200806
070107014502200806
070108001907200806
070108002702200806
070108003502200806
070108004307200806
070108005102200806
070108006002200806
070108007802200806
070108008602200806
070108009407200806
070108010802200806
070109001402200806
070109002202200806
070109003002200806
070109004902200806
070109005702200806
070109006502200806
070109007302200806
070109008102200806
070109009002200806
070110001007200806
070110002807200806
070110003607200806
070110004407200806
070110005207200806
070110006007200806
070110007907200806
070110008707200806
070110009507200806
070110010907200806
070201001404200806
070201002204200806
070201003004200806
070201004904200806
070201005704200806
070201006504200806
070201007304200806
070201008104200806
070201009004200806
070201010304200806
070201011104200806
070201012004200806
070201013804200806
070201014604200806
070201015404200806
070201016204200806
070201017004200806
070201018904200806
070201019704200806
070201020004200806
070201021904200806
070202001002200806
070202002802200806
070202003602200806
070202004402200806
070202005202200806
070202006002200806
070203002304200806
070203003104200806
070203004004200806
070203005804200806
070203006604200806
070203007404200806
070203008204200806
070203009004200806
070203010404200806
070203011204200806
070203012004200806
070203013904200806
070203014704200806
070203015504200806
070203016304200806
070203017104200806
070203018004200806
070203019804200806
070203020104200806
070203021004200806
070203022804200806
070203023604200806
070203024404200806
070203025204200806
070203026004200806
070203027904200806
070203028704200806
070203029504200806
070203030904200806
070203031704200806
070203032504200806
070203033304200806
070203034104200806
070203035004200806
070203036804200806
070203037604200806
070203038404200806
070203039204200806
070203040604200806
070203041404200806
070203042204200806
070203043004200806
070203044904200806
070203045704200806
070203046504200806
070203047304200806
070203048104200806
070203049004200806
070203050304200806
070203051104200806
070203052004200806
070203053804200806
070203054604200806
070203055404200806
070203056204200806
070203057004200806
070203058904200806
070203059704200806
070203060004200806
070203061904200806
070203062704200806
070203063504200806
070203064304200806
070203065104200806
070203066004200806
070203067804200806
070203068604200806
070203069404200806
070203070804200806
070203071604200806
070203072404200806
070203073204200806
070203074004200806
070203075904200806
070203076704200806
070203077504200806
070203078304200806
070203079104200806
070203080504200806
070203081304200806
070203082104200806
070203083004200806
070203084804200806
070203085604200806
070203086404200806
070203087204200806
070203088004200806
070203089904200806
070203090204200806
070203091004200806
070203092904200806
070203093704200806
070203094504200806
070203095304200806
070203096104200806
070203097004200806
070203098804200806
070203099604200806
070203100304200806
070203101104200806
070203102004200806
070203103804200806
070203104604200806
070203105404200806
070203106204200806
070203107004200806
070203108904200806
070203109704200806
070203110004200806
070203111904200806
070203112704200806
070203113504200806
070203114304200806
070203115104200806
070203116004200806
070203117804200806
070203118604200806
070203119404200806
070203120804200806
070203121604200806
070203122404200806
070203123204200806
070203124004200806
070203125904200806
070203126704200806
070203127504200806
070203128304200806
070203129104200806
070204001004200806
070204002904200806
070204003704200806
070204004504200806
070204005304200806
070204006104200806
070204007004200806
070204008804200806
070204009604200806
070204010004200806
070204011804200806
070204012604200806
070204013404200806
070204014204200806
070204015004200806
070204016904200806
070204017704200806
070204018504200806
070204019304200806
070204020704200806
070204021504200806
070204022304200806
070204023104200806
070204024004200806
070204025804200806
070204026604200806
070204027404200806
070204028204200806
070204029004200806
070204030404200806
070204031204200806
070204032004200806
070204033904200806
070204034704200806
070204035504200806
070204036304200806
070204037104200806
070204038004200806
070204039804200806
070204040104200806
070204041004200806
070204042804200806
070204043604200806
070204044404200806
070204045204200806
070204046004200806
070204047904200806
070204048704200806
070204049504200806
070204050904200806
070204051704200806
070204052504200806
070204053304200806
070204054104200806
070204055004200806
070204056804200806
070204057604200806
070204058404200806
070204059204200806
070204060604200806
070205001604200806
070205002404200806
070205003204200806
070205004004200806
070205005904200806
070205006704200806
070205007504200806
070205008304200806
070205009104200806
070205010504200806
070205011304200806
070205012104200806
070205013004200806
070205014804200806
070205015604200806
070205016404200806
070205017204200806
070205018004200806
070205019904200806
070205020204200806
070205021004200806
070205022904200806
070205023704200806
070205024504200806
070205025304200806
070205026104200806
070205027004200806
070205028804200806
070205029604200806
070205030004200806
070205031804200806
070205032604200806
070205033404200806
070205034204200806
070205035004200806
070205036904200806
070205037704200806
070205038504200806
070205039304200806
070205040704200806
070205041504200806
070205042304200806
070205043104200806
070205044004200806
070205045804200806
070205046604200806
070205047404200806
070205048204200806
070205049004200806
070205050404200806
070205051204200806
070205052004200806
070205053904200806
070205054704200806
070205055504200806
070205056304200806
070205057104200806
070205058004200806
070205078404200806
070205079204200806
070206001104200806
070206001107200806
070206002004200806
070206003804200806
070207001707200806
070207002507200806
070207003307200806
070208001204200806
070208002004200806
070208003904200806
070209001804200806
070209002604200806
070209003404200806
070209004204200806
070210001307200806
070210002107200806
070210003007200806
070210004807200806
070210005607200806
070210006407200806
070210007207200806
070210008007200806
070210009907200806
070210010207200806
070211001904200806
070211002704200806
070211003504200806
070212001404200806
070212002204200806
070212003004200806
070212004904200806
070212005704200806
070212006504200806
070212006507200806
080101001201200806
080101002001200806
080101003904200806
080101004704200806
080201001604200806
080201002404200806
080201003204200806
080201004004200806
080201005904200806
080201006704200806
080201007504200806
080201008304200806
080201009104200806
080201010504200806
080201011304200806
080201012104200806
080201013004200806
080201014804200806
080201015604200806
080201016404200806
080201019904200806
080202001104200806
080202002004200806
080301001002200806
080301002802200806
080301003602200806
080301004402200806
080301005202200806
080301006002200806
080301007902200806
080301008702200806
080301009502200806
080301010902200806
080301011702200806
080301012502200806
080301013302200806
080301014102200806
