020101003801200806
020101009701200806
020101009707200806
020101009709200806
020101011901200806
020101011907200806
020101011909200806
020101012701200806
020101013501200806
020101014301200806
020101014307200806
020101014309200806
020101016001200806
020101016009200806
020101018601200806
020101018607200806
020101018609200806
020101020801200806
020101024001200806
020101024007200806
020101024009200806
020101025901200806
020101026701200806
020101026707200806
020101026709200806
020101030501200806
020101030507200806
020101030509200806
020101031301200806
020101031307200806
020101031309200806
020101032101200806
020101032107200806
020101032109200806
020101033001200806
020101033007200806
020101033009200806
020101040201200806
020101040207200806
020101040209200806
020101053401200806
020101055001200806
020101057701200806
020101057707200806
020904003301200806
020904003307200806
020904003309200806
020904005001200806
020904005007200806
020904005009200806
021105009101200806
021105010503200806
021105010507200806
021105010509200806
030106001003200806
030106001007200806
030106007001200806
030106007003200806
030106007007200806
030106008803200806
030109001703200806
030109001709200806
030109001713200806
030109002503200806
030109002509200806
030109002513200806
030301001003200806
030301001007200806
030301002903200806
030301002907200806
030301003703200806
030301003707200806
030301004503200806
030301004507200806
030301005303200806
030301005307200806
030301006103200806
030301006107200806
030301007003200806
030301007007200806
030301008803200806
030301008807200806
030301009603200806
030301009607200806
030301010003200806
030301010007200806
030301011803200806
030301011807200806
030301012603200806
030301012607200806
030301013403200806
030301013407200806
030301014203200806
030301014207200806
030301015003200806
030301015007200806
030301016903200806
030301016907200806
030301017703200806
030301017707200806
030301018503200806
030301018507200806
030301019303200806
030301019307200806
030301020703200806
030301020707200806
030301021506200806
030301021507200806
030302003203200806
030302003207200806
030302004003200806
030302004007200806
030302005903200806
030302005907200806
030302006703200806
030302006707200806
030302007503200806
030302007507200806
030302008303200806
030302008307200806
030303001107200806
030303001111200806
030303002003200806
030303002007200806
030303003803200806
030303003807200806
030303004603200806
030303004607200806
030303005403200806
030303005407200806
030303006203200806
030303006207200806
030304001703200806
030304001707200806
030304002503200806
030304002507200806
030304003303200806
030304004103200806
030304004107200806
030304005003200806
030304005007200806
030304006803200806
030304006807200806
030304007603200806
030304007607200806
030304008403200806
030304008407200806
030304009203200806
030304009207200806
030304010603200806
030304010607200806
030304011403200806
030304011407200806
030304012203200806
030304012207200806
030304013003200806
030304013007200806
030304014903200806
030304015703200806
030304015707200806
030304016503200806
030304016507200806
030304017303200806
030304017307200806
030304018103200806
030304019003200806
030304019007200806
030304020303200806
030304021103200806
030304022003200806
030304022007200806
030304023803200806
030304023807200806
030304024603200806
030304025403200806
030304025407200806
030304026203200806
030304027003200806
030304028903200806
030304029703200806
030304029707200806
030306001803200806
030306001807200806
030306002603200806
030306002607200806
030306003403200806
030306003407200806
030306004203200806
030306004207200806
030306005003200806
030306005007200806
030306006903200806
030306006907200806
030306007703200806
030306007707200806
030306008503200806
030306008507200806
030306009303200806
030306009307200806
030306010703200806
030306010707200806
030306011503200806
030306011507200806
030306012303200806
030306012307200806
030306013103200806
030306013107200806
030306014003200806
030306014007200806
030306015803200806
030306016603200806
030306016607200806
030306017403200806
030306017407200806
030306018203200806
030306018207200806
030306019003200806
030306019007200806
030306020403200806
030306020407200806
030306021203200806
030306021207200806
030306022001200806
030306022003200806
030306022007200806
030306023903200806
030306023907200806
030306024703200806
030306024707200806
030306025503200806
030306026303200806
030306026307200806
030306027103200806
030306027107200806
030306028003200806
030306028007200806
030306029803200806
030306029807200806
030306030103200806
030306030107200806
030307006403200806
030307006407200806
030307007203200806
030307007207200806
030307008003200806
030307008007200806
030307009903200806
030307009907200806
030307010203200806
030307010207200806
030307011003200806
030307011007200806
030307012903200806
030307012907200806
030308004303200806
030308004307200806
030308005103200806
030308005107200806
030308006003200806
030308006007200806
030308007803200806
030308007807200806
030308008603200806
030308008607200806
030308009403200806
030308009407200806
030309013803200806
030309013807200806
030309019703200806
030309019707200806
030309020003200806
030309020007200806
030309023503200806
030309023507200806
030309024303200806
030309024307200806
030309028603200806
030309028607200806
030309029403200806
030309029407200806
030309030803200806
030309030807200806
030309031603200806
030309031607200806
030309032403200806
030309032407200806
030309033203200806
030309033207200806
030309034003200806
030309034007200806
030309035903200806
030309035907200806
030309036703200806
030309036707200806
030309037503200806
030309037507200806
030310001002200806
030310001003200806
030310001007200806
030310002802200806
030310002803200806
030310002807200806
030310003602200806
030310003603200806
030310003607200806
030310004402200806
030310004403200806
030310004407200806
030310005202200806
030310005203200806
030310005207200806
030311001503200806
030311001507200806
030311002303200806
030311002307200806
030311003103200806
030311003107200806
030311004003200806
030311004007200806
030311005803200806
030311005807200806
030311006603200806
030311006607200806
030311007403200806
030311007407200806
030311008203200806
030311008207200806
030311009003200806
030311009007200806
030311010403200806
030311010407200806
030311011203200806
030311011207200806
030312001003200806
030312001007200806
030313001604200806
030313001607200806
030313002404200806
030313002407200806
030313003204200806
030313003207200806
030313004004200806
030313004007200806
030313005904200806
030313005907200806
030313006704200806
030313006707200806
030313007504200806
030313007507200806
030313008304200806
030313008307200806
030314002003200806
030314002007200806
030314003803200806
030314003807200806
030314004603200806
030314004607200806
030314005403200806
030314005407200806
030314006203200806
030314006207200806
030314007003200806
030314007007200806
030314008903200806
030314008907200806
030314009703200806
030314009707200806
030314010003200806
030314010007200806
030314011903200806
030314011907200806
030314012703200806
030314012707200806
030314013503200806
030314013507200806
030314014303200806
030314014307200806
030314015103200806
030314015107200806
030315001703200806
030315001707200806
030315002503200806
030315002507200806
030315003303200806
030315003307200806
030315004103200806
030315004107200806
030315005003200806
030315005007200806
030315006803200806
030315006807200806
030316001203200806
030316001207200806
030316002002200806
030316002003200806
030316002007200806
030316003907200806
030316004707200806
030316005507200806
030316006307200806
030316007107200806
030317001803200806
030317001805200806
030317001807200806
030317002603200806
030317002607200806
030317003403200806
030317003407200806
030317004203200806
030317004207200806
030317005003200806
030317005007200806
030317006903200806
030317006907200806
030317007705200806
030317007707200806
030317008505200806
030317008507200806
030317009305200806
030317009307200806
030317010707200806
030317010714200806
030318001303200806
030318001307200806
030318003003200806
030318003007200806
030318004803200806
030318004807200806
030318005603200806
030318005607200806
030318006403200806
030318006407200806
030318007207200806
030318007210200806
030319001903200806
030319001907200806
030319001908200806
030401004903200806
030401005703200806
030401006503200806
030401011103200806
030401011107200806
030401016203200806
030408002003200806
030408002007200806
030408003903200806
030408003907200806
030408004703200806
030408006303200806
030409001803200806
030409001807200806
030409002603200806
030409002607200806
030409003403200806
030409003407200806
030410001303200806
030410001307200806
030501017403200806
030501017407200806
030502001303200806
030502001307200806
030502002103200806
030502002107200806
030502003003200806
030502003007200806
030502004803200806
030502004807200806
030502005603200806
030502005607200806
030801001901200806
030801001903200806
030801001907200806
030801002703200806
030801002707200806
030801003501200806
030801003503200806
030801003507200806
030801004301200806
030801004303200806
030801004307200806
030802002203200806
030802002207200806
030802003003200806
030802003007200806
030803001003200806
030803001007200806
030803002803200806
030803002807200806
030803003601200806
030803003603200806
030803003607200806
030803003683200806
030804001501200806
030804001503200806
030804001507200806
030804002303200806
030804002307200806
031001003901200806
031001003902200806
031001003903200806
031001004701200806
031001004702200806
031001004703200806
040102001001200806
040102001007200806
040102002901200806
040102002907200806
040102003701200806
040102003707200806
040102004501200806
040102004507200806
040102004509200806
040102005301200806
040102005307200806
040102005309200806
040102006101200806
040102006107200806
040102006109200806
040102007001200806
040102007007200806
040102007009200806
040102008801200806
040102008807200806
040102008809200806
040102009601200806
040102009607200806
040102009609200806
040102010001200806
040102010007200806
040102011801200806
040102011807200806
040102012601200806
040102012607200806
040102013401200806
040102013405200806
040102014201200806
040102014207200806
040102014209200806
040102015001200806
040102015007200806
040102015009200806
040102016901200806
040102016907200806
040201001901200806
040201001907200806
040201002701200806
040201002707200806
040201003501200806
040201003507200806
040201003509200806
040201004301200806
040201004307200806
040201004309200806
040201005101200806
040201005107200806
040202001401200806
040202001407200806
040202002201200806
040202002207200806
040301001201200806
040301001207200806
040301002001200806
040301002007200806
040301003901200806
040301003907200806
040301004701200806
040301004707200806
040301005501200806
040301005507200806
040301006301200806
040301006307200806
040301007101200806
040301007107200806
040301008001200806
040301008007200806
040301009801200806
040301009807200806
040301010101200806
040301010107200806
040301011001200806
040301011007200806
040301012801200806
040301012807200806
040301013601200806
040301013607200806
040301014401200806
040301014407200806
040301015201200806
040301015207200806
040301016001200806
040301016007200806
040301017901200806
040301017907200806
040301018701200806
040301018707200806
040301019501200806
040301019507200806
040301020901200806
040301020907200806
040301021701200806
040301021707200806
040301022501200806
040301022507200806
040301023301200806
040301023307200806
040301024101200806
040301024107200806
040301025001200806
040301025007200806
040301026801200806
040301026807200806
040301027601200806
040301027607200806
040301028401200806
040301028407200806
040301029201200806
040301029207200806
040301030601200806
040301030607200806
040301031401200806
040301031407200806
040301032201200806
040301032207200806
040301033001200806
040301033007200806
040301034901200806
040301034907200806
040301035701200806
040301035707200806
040301036501200806
040301036507200806
040302001801200806
040302001807200806
040302002601200806
040302002607200806
040302003401200806
040302003407200806
040302004201200806
040302004207200806
040302005001200806
040302005007200806
040302006901200806
040302006907200806
040302007701200806
040302007707200806
040302008501200806
040302008507200806
040302009301200806
040302009307200806
040302010701200806
040302010707200806
040302011501200806
040302011507200806
040302012301200806
040302012307200806
040302013101200806
040302013107200806
040303001301200806
040303001307200806
040303002101200806
040303002107200806
040303003001200806
040303003007200806
040303004801200806
040303004807200806
040303005601200806
040303005607200806
040303006401200806
040303006407200806
040303007201200806
040303007207200806
040303008001200806
040303008007200806
040303009901200806
040303009907200806
040303010201200806
040303010207200806
040303011001200806
040303011007200806
040303012901200806
040303012907200806
040303013701200806
040303013707200806
040303014501200806
040303014507200806
040303015301200806
040303015307200806
040303016101200806
040303016107200806
040303017001200806
040303017007200806
040304001901200806
040304001907200806
040304002701200806
040304002707200806
040304003501200806
040304003507200806
040304004301200806
040304004307200806
040304005101200806
040304005107200806
040304006001200806
040304006007200806
040304007801200806
040304007807200806
040304008601200806
040304008607200806
040305003001200806
040305004901200806
040305005701200806
040305006501200806
040305007301200806
040305009001200806
040305010301200806
040305011101200806
040305012001200806
040305013801200806
040305014601200806
040305015401200806
040305016201200806
040306001001200806
040306001007200806
040306002801200806
040306002807200806
040306003601200806
040306003607200806
040306004401200806
040306004407200806
040306005201200806
040306005207200806
040306006001200806
040306006007200806
040306007901200806
040306007907200806
040306008701200806
040306008707200806
040306009501200806
040306009507200806
040307001501200806
040307002301200806
040307003101200806
040307004001200806
040307005801200806
040307006601200806
040307007401200806
040307008201200806
040307009001200806
040307010401200806
040307011201200806
040307012001200806
040307013901200806
040307013907200806
040307014701200806
040307014707200806
040308001001200806
040308002901200806
040308003701200806
040308004501200806
040308005301200806
040308006101200806
040308007001200806
040308008801200806
040308009601200806
040308010001200806
040401001601200806
040401001605200806
040401001609200806
040401002401200806
040401002407200806
040401002409200806
040401003201200806
040401003207200806
040401003209200806
040401004001200806
040401004007200806
040401005901200806
040401005907200806
040401006701200806
040401006707200806
040401008301200806
040401008307200806
040401010501200806
040401010507200806
040401011301200806
040401011307200806
040401012101200806
040401012107200806
040401012109200806
040401013001200806
040401013007200806
040401014801200806
040401014807200806
040401016401200806
040401016407200806
040401017201200806
040401017207200806
040401018001200806
040401018007200806
040401019901200806
040401019907200806
040401020201200806
040401020207200806
040401021001200806
040401021007200806
040401022901200806
040401022907200806
040401023701200806
040401023707200806
040401028801200806
040401028807200806
040401031801200806
040401031807200806
040401031809200806
040401032601200806
040401032607200806
040401033401200806
040401033407200806
040401035001200806
040401035007200806
040401037701200806
040401037707200806
040401038501200806
040401038507200806
040401040701200806
040401040707200806
040401041501200806
040401041507200806
040401041509200806
040402001101200806
040402001107200806
040402003801200806
040402003807200806
040402004601200806
040402004607200806
040402006201200806
040402006207200806
040402007001200806
040402007007200806
040402007009200806
040402008901200806
040402008907200806
040402008909200806
040402011901200806
040402011907200806
040402013501200806
040402013507200806
040402014301200806
040402014307200806
040402015101200806
040402016001200806
040402016007200806
040402017801200806
040402017807200806
040402018601200806
040402018607200806
040402019401200806
040402019407200806
040402020801200806
040402020807200806
040402021601200806
040402021607200806
040402022401200806
040402022407200806
040402023201200806
040402023207200806
040402024001200806
040402024007200806
040402025901200806
040402025907200806
040402026701200806
040402026707200806
040402026709200806
040402027501200806
040402027507200806
040402028301200806
040402028307200806
040402029101200806
040402029107200806
040402030501200806
040402030507200806
040402031301200806
040402031307200806
040402032101200806
040402032107200806
040402033001200806
040402033007200806
040402034801200806
040402034807200806
040402035601200806
040402035607200806
040402036401200806
040402036407200806
040402037201200806
040402037207200806
040402038001200806
040402038007200806
040402039901200806
040402039907200806
040402040201200806
040402040207200806
040402041001200806
040402041007200806
040402042901200806
040402042907200806
040402043701200806
040402043707200806
040403001701200806
040403001707200806
040403002501200806
040403002507200806
040403003301200806
040403003307200806
040403004101200806
040403004107200806
040403005001200806
040403005007200806
040403006801200806
040403007601200806
040403007607200806
040403008401200806
040403008407200806
040403009201200806
040403009207200806
040403010601200806
040403010607200806
040403011401200806
040403011407200806
040403012201200806
040403012207200806
040403013001200806
040403013007200806
040403014901200806
040403014907200806
040403015701200806
040403015707200806
040403016501200806
040403016507200806
040403017301200806
040403017307200806
040403018101200806
040403018107200806
040403019001200806
040403019007200806
040403020301200806
040403020307200806
040403021101200806
040403021107200806
040501003601200806
040501003609200806
040501008701200806
040501008709200806
040501011701200806
040501011709200806
040501012501200806
040501012509200806
040501013301200806
040501013309200806
040502001501200806
040502001509200806
040502002301200806
040502002309200806
040503001001200806
040503001009200806
040503002901200806
040503002909200806
040503003701200806
040503003709200806
040503007001200806
040503010001200806
040503010009200806
040503011801200806
040503014201200806
040503014209200806
040504001601200806
040504001609200806
040504002401200806
040504002409200806
040504003201200806
040504004001200806
040504004009200806
040504005901200806
040504005909200806
040504006701200806
040504006709200806
040504007501200806
040504007507200806
040504007509200806
040504008301200806
040504008309200806
040504009101200806
040504009109200806
040504010501200806
040504014801200806
040504014809200806
040504015601200806
040504015609200806
040504016401200806
040504016409200806
040504017201200806
040504017209200806
040504018001200806
040504019901200806
040505001101200806
040505001109200806
040505005401200806
040505013501200806
040505013509200806
040505014301200806
040505014309200806
040505015101200806
040505015107200806
040505015109200806
040505017801200806
040505018601200806
040505018609200806
040505021601200806
040505021609200806
040505022401200806
040505022409200806
040505023201200806
040505023209200806
040505031301200806
040505034801200806
040505034809200806
040505035601200806
040505035609200806
040601001301200806
040601001307200806
040601002101200806
040601002107200806
040601003001200806
040601003007200806
040601004801200806
040601004807200806
040601005601200806
040601005607200806
040601006401200806
040601006407200806
040601007201200806
040601007207200806
040601008001200806
040601009901200806
040601009907200806
040601010201200806
040601010207200806
040601011001200806
040601011007200806
040601013701200806
040601013707200806
040601014501200806
040601014507200806
040601015301200806
040601015307200806
040601016101200806
040601017001200806
040601017007200806
040601018801200806
040601018807200806
040601019601200806
040601019607200806
040601020001200806
040601020007200806
040601021801200806
040601021807200806
040601022601200806
040601022607200806
040601023401200806
040601023407200806
040601024201200806
040601024207200806
040601025001200806
040601025007200806
040601026901200806
040601026907200806
040601027701200806
040601027707200806
040601028501200806
040601028507200806
040601029301200806
040601029307200806
040601030701200806
040601030707200806
040601031501200806
040601031507200806
040601032301200806
040601032307200806
040601033101200806
040601033107200806
040601034001200806
040601034007200806
040601035801200806
040601035807200806
040601036601200806
040601036607200806
040601037401200806
040601037407200806
040601038201200806
040601038207200806
040601039001200806
040601039007200806
040601040401200806
040601040407200806
040601041201200806
040601041207200806
040601042001200806
040601042007200806
040601043901200806
040601043907200806
040601044701200806
040601044707200806
040601045501200806
040601045507200806
040601046301200806
040601046307200806
040601047101200806
040601047107200806
040601048001200806
040601048007200806
040601049801200806
040601049807200806
040601050101200806
040601050107200806
040601051001200806
040601051007200806
040601052801200806
040601052807200806
040601053601200806
040601053607200806
040601054401200806
040601054407200806
040601055201200806
040601055207200806
040601056001200806
040601057901200806
040601058701200806
040601059501200806
040601060901200806
040601061701200806
040601062501200806
040601063301200806
040601064101200806
040601064107200806
040601065001200806
040601066801200806
040601066807200806
040601067601200806
040601067607200806
040601068401200806
040601068407200806
040601069201200806
040601069207200806
040601070601200806
040601071401200806
040601071407200806
040601073001200806
040601073007200806
040601074901200806
040601075701200806
040601075707200806
040601076501200806
040601076507200806
040601077301200806
040601077307200806
040601078101200806
040601078107200806
040601079001200806
040601080301200806
040601080307200806
040601081101200806
040601082001200806
040601082007200806
040601083801200806
040601084601200806
040601085401200806
040601086201200806
040601087001200806
040601088901200806
040601089701200806
040601089707200806
040601090001200806
040601090007200806
040601091901200806
040601091907200806
040601092701200806
040601093501200806
040601094301200806
040601095101200806
040601096001200806
040601096003200806
040601096007200806
040601097801200806
040601097803200806
040601097807200806
040601098601200806
040601099401200806
040601100101200806
040601101001200806
040601102801200806
040601103601200806
040601104401200806
040601104407200806
040601105201200806
040601106001200806
040601107901200806
040601108701200806
040601109501200806
040601110901200806
040601111701200806
040601112501200806
040601113301200806
040601113307200806
040601114101200806
040601115001200806
040601115007200806
040601116801200806
040601117601200806
040601118401200806
040601119201200806
040601120601200806
040601121401200806
040601121407200806
040601122201200806
040601122207200806
040602001901200806
040602001907200806
040602002701200806
040602002707200806
040602003501200806
040602003507200806
040602004301200806
040602004307200806
040602005101200806
040602005107200806
040602007801200806
040602007807200806
040602010801200806
040602011601200806
040602011607200806
040602012401200806
040602012407200806
040602015901200806
040602015907200806
040602016701200806
040602016707200806
040602019101200806
040602019107200806
040602021301200806
040602022101200806
040602023001200806
040602024801200806
040602024807200806
040602025601200806
040602025607200806
040602026401200806
040602026407200806
040602027201200806
040602027207200806
040602028001200806
040602028007200806
040602030201200806
040602030207200806
040602031001200806
040602031007200806
040602032901200806
040602032907200806
040602033701200806
040602033707200806
040602034501200806
040602034507200806
040602035301200806
040602035307200806
040602036101200806
040602036107200806
040602037001200806
040602037007200806
040602038801200806
040602038807200806
040602039601200806
040602039607200806
040602040001200806
040602040007200806
040602041801200806
040602041807200806
040602042601200806
040602042607200806
040602043401200806
040602043407200806
040602044201200806
040602044207200806
040602045001200806
040602045005200806
040602046901200806
040602046907200806
040602047701200806
040602047707200806
040602048501200806
040602048507200806
040602049301200806
040602049307200806
040602050701200806
040602050707200806
040602051501200806
040602051507200806
040602052301200806
040602053101200806
040602053107200806
040602054001200806
040602054007200806
040602055801200806
040602055807200806
040602056601200806
040602056607200806
040602057401200806
040602057407200806
040602058201200806
040602058207200806
040602059001200806
040602059007200806
040602060401200806
040602060407200806
040603001401200806
040603002201200806
040603003001200806
040603004901200806
040603005701200806
040603005707200806
040603006501200806
040603007301200806
040603008101200806
040603008107200806
040603009001200806
040603009007200806
040603010301200806
040603010307200806
040603011101200806
040603011107200806
040603012001200806
040603012007200806
040603013801200806
040603013807200806
040603014601200806
040603014607200806
040604001001200806
040604001007200806
040604002801200806
040604002807200806
040604004401200806
040604004407200806
040604005201200806
040604005207200806
040604006001200806
040604006007200806
040604007901200806
040604007907200806
040604008701200806
040604009501200806
040604010901200806
040604010907200806
040604011701200806
040604011707200806
040604012501200806
040604012507200806
040604013301200806
040604014101200806
040604014107200806
040604015001200806
040604016801200806
040604017601200806
040604018401200806
040604019201200806
040604019207200806
040604020601200806
040604020607200806
040604021401200806
040604021407200806
040604022201200806
040604022207200806
040604023001200806
040604023007200806
040604024901200806
040604024907200806
040604025701200806
040604025707200806
040604026501200806
040604026507200806
040604027301200806
040604027307200806
040604028101200806
040604029001200806
040604029007200806
040604030301200806
040604030307200806
040604031101200806
040604031107200806
040604032001200806
040604032007200806
040604033801200806
040604033807200806
040605001501200806
040605001507200806
040605002301200806
040605002307200806
040605003101200806
040605003107200806
040605004001200806
040605004007200806
040605005801200806
040605005807200806
040605006601200806
040605006607200806
040605007401200806
040605007407200806
040605008201200806
040605008207200806
040605009001200806
040605009007200806
040605010401200806
040605010407200806
040605011201200806
040605012001200806
040605012007200806
040605013901200806
040605013907200806
040701001701200806
040701001707200806
040701003301200806
040701003307200806
040701004101200806
040701005001200806
040701005007200806
040701006801200806
040701006807200806
040701007601200806
040701008401200806
040701008407200806
040701009201200806
040701009207200806
040701010601200806
040701010607200806
040701011401200806
040701011407200806
040701012201200806
040701012207200806
040701013001200806
040701014901200806
040701015701200806
040701015707200806
040701016501200806
040701016507200806
040701017301200806
040701017307200806
040701018101200806
040701018107200806
040701019001200806
040701019007200806
040701020301200806
040701020307200806
040701021101200806
040701021107200806
040701022001200806
040701022007200806
040701023801200806
040701023807200806
040701027001200806
040701027007200806
040701028901200806
040701029701200806
040701029707200806
040701030001200806
040701033501200806
040701033507200806
040701034301200806
040701034307200806
040701035101200806
040701035107200806
040702001201200806
040702002001200806
040702003901200806
040702003907200806
040702004701200806
040702004707200806
040702006301200806
040702006307200806
040702007101200806
040702007107200806
040702008001200806
040702008007200806
040702009801200806
040702009807200806
040702010101200806
040702010107200806
040702011001200806
040702011007200806
040702011009200806
040702013601200806
040702013607200806
040702013609200806
040702014401200806
040702014407200806
040702014409200806
040702015201200806
040702015207200806
040702017901200806
040702017907200806
040702018701200806
040702018707200806
040702019501200806
040702019507200806
040702020901200806
040702020907200806
040702021701200806
040702021709200806
040702022501200806
040702022507200806
040702022509200806
040702023301200806
040702023307200806
040702024101200806
040702024107200806
040702025001200806
040702025007200806
040702026801200806
040702026807200806
040702027601200806
040702027607200806
040702027609200806
040702028401200806
040702028407200806
040702028409200806
040702029201200806
040702029207200806
040702030601200806
040702030607200806
040702032201200806
040702032207200806
040702032209200806
040702033001200806
040702034901200806
040702035701200806
040702036501200806
040702036507200806
040702038101200806
040702038107200806
040702040301200806
040702040307200806
040702041101200806
040702041107200806
040702042001200806
040702042007200806
040702043801200806
040702043807200806
040702044601200806
040702044607200806
040702045401200806
040702045407200806
040702046201200806
040702046207200806
040702047001200806
040702047007200806
040702047009200806
040703001801200806
040703001807200806
040703002601200806
040703002607200806
040703003401200806
040703003407200806
040703004201200806
040703004207200806
040703005001200806
040703005007200806
040703006901200806
040703006907200806
040703007701200806
040703007707200806
040703012301200806
040703012307200806
040703013101200806
040703013107200806
040703014001200806
040703014007200806
040703015801200806
040703015807200806
040703016601200806
040703016607200806
040703017401200806
040703017407200806
040703018201200806
040703018207200806
040703019001200806
040703019007200806
040703020401200806
040703021201200806
040703022001200806
040703024701200806
040704001301200806
040704001307200806
040704002101200806
040704002107200806
040704003001200806
040704003007200806
040704004801200806
040704004807200806
040704005601200806
040704005607200806
040704006401200806
040704006407200806
040704006409200806
040704007201200806
040704007207200806
040704007209200806
040704008001200806
040704008007200806
040704008009200806
040704009901200806
040704009907200806
040704009909200806
040704010201200806
040704010207200806
040704010209200806
040704011001200806
040704011007200806
040704011009200806
040704012901200806
040704012907200806
040704012909200806
040704013701200806
040704013707200806
040704014501200806
040704014507200806
040704015301200806
040704015307200806
040704016101200806
040704016107200806
040704017001200806
040704017007200806
040704017009200806
040704018801200806
040704018807200806
040704020001200806
040704020007200806
040704022601200806
040704022607200806
040704022609200806
040704023401200806
040704023407200806
040704024201200806
040704024207200806
040704025001200806
040704025007200806
040704026901200806
040704026907200806
040801001001200806
040801002901200806
040801003701200806
040801004501200806
040801005301200806
040801006101200806
040801007001200806
040801007007200806
040801008801200806
040801008807200806
040801009601200806
040801009607200806
040801010001200806
040801010007200806
040801011801200806
040801011807200806
040801013401200806
040801013407200806
040801014201200806
040801014207200806
040801015001200806
040801015007200806
040801016901200806
040801016907200806
040801017701200806
040801017707200806
040801018501200806
040801018507200806
040801019301200806
040801019307200806
040801020701200806
040801020707200806
040801021501200806
040801022301200806
040801022307200806
040801023101200806
040802001601200806
040802001607200806
040802002401200806
040802002407200806
040802003201200806
040802003207200806
040802004001200806
040802005901200806
040802006701200806
040802007501200806
040802008301200806
040802009101200806
040802010501200806
040802010507200806
040802012101200806
040802012107200806
040802013001200806
040802013007200806
040802014801200806
040802014807200806
040802015601200806
040802015607200806
040802016401200806
040802016407200806
040802017201200806
040802017207200806
040802018001200806
040802018007200806
040802019901200806
040802019907200806
040802020201200806
040802020207200806
040802021001200806
040802021007200806
040802022901200806
040802022907200806
040802023701200806
040802023707200806
040802024501200806
040802024507200806
040802025301200806
040802025307200806
040802026101200806
040802026107200806
040802027001200806
040802027007200806
040802028801200806
040802028807200806
040802029601200806
040802029607200806
040802030001200806
040802030007200806
040802031801200806
040802031807200806
040802032601200806
040802032607200806
040802032609200806
040802033401200806
040802033407200806
040802034201200806
040802034207200806
040802034209200806
040802035001200806
040802035007200806
040802036901200806
040802036907200806
040802037701200806
040802037707200806
040802038501200806
040802038507200806
040802039301200806
040802039307200806
040802040701200806
040802040707200806
040802041501200806
040802041507200806
040802042301200806
040802042307200806
040802043101200806
040802043107200806
040802044001200806
040802044007200806
040802044009200806
040802045801200806
040802045807200806
040802046601200806
040802046607200806
040802047401200806
040802047407200806
040802048201200806
040802048207200806
040802049001200806
040802049007200806
040802050401200806
040802050407200806
040802051201200806
040802051207200806
040802052001200806
040802052007200806
040802053901200806
040802053907200806
040802054701200806
040802054707200806
040802055501200806
040802055507200806
040802056301200806
040802056307200806
040802057101200806
040802057107200806
040802058001200806
040802058007200806
040802059801200806
040802059807200806
040802060101200806
040802060107200806
040802061001200806
040802061007200806
040802062801200806
040802062807200806
040802063601200806
040802063607200806
040802064401200806
040802064407200806
040803001101200806
040803001107200806
040803002001200806
040803002007200806
040803003801200806
040803003807200806
040803004601200806
040803005401200806
040803005407200806
040803006201200806
040803006207200806
040803007001200806
040803007007200806
040803008901200806
040803008907200806
040803009701200806
040803009707200806
040803010001200806
040803010007200806
040803011901200806
040803011907200806
040803012701200806
040803012707200806
040803013501200806
040803014301200806
040803015101200806
040803016001200806
040803017801200806
040803017807200806
040803018601200806
040803019401200806
040803020801200806
040803021601200806
040803022401200806
040803023201200806
040803023207200806
040803024001200806
040803024007200806
040803025901200806
040803025907200806
040803026701200806
040803026707200806
040803027501200806
040803027507200806
040803028301200806
040803028307200806
040803029101200806
040803029107200806
040803030501200806
040803030507200806
040803031301200806
040803031307200806
040803032101200806
040803032107200806
040803033001200806
040803033007200806
040803034801200806
040803034807200806
040803035601200806
040803036401200806
040803036407200806
040803037201200806
040803037207200806
040803038001200806
040803038007200806
040803039901200806
040803039907200806
040803040201200806
040803040207200806
040803041001200806
040803041007200806
040803042901200806
040803042907200806
040803043701200806
040803043707200806
040803044501200806
040803044507200806
040803045301200806
040803045307200806
040803046101200806
040803046107200806
040803047001200806
040803047007200806
040803050001200806
040803050007200806
040803051801200806
040803051807200806
040803052601200806
040803052607200806
040803053401200806
040803053407200806
040803054201200806
040803054207200806
040803055001200806
040803055007200806
040803056901200806
040803056907200806
040803057701200806
040803057707200806
040803058501200806
040803058507200806
040803059301200806
040803059307200806
040803060701200806
040803060707200806
040803061501200806
040803061507200806
040803062301200806
040803062307200806
040803063101200806
040803063107200806
040803064001200806
040803064007200806
040803065801200806
040803065807200806
040803066601200806
040803066607200806
040803067401200806
040803067407200806
040803068201200806
040803068207200806
040803069001200806
040803069007200806
040803070401200806
040803071201200806
040803071207200806
040803072001200806
040803072007200806
040803073901200806
040803073907200806
040803074701200806
040803074707200806
040803075501200806
040803075507200806
040803076301200806
040803076307200806
040803077101200806
040803077107200806
040803078001200806
040803079801200806
040803080101200806
040803080107200806
040803081001200806
040803081007200806
040803082801200806
040803082807200806
040803083601200806
040803083607200806
040803084401200806
040803084407200806
040803085201200806
040803085207200806
040803086001200806
040803086007200806
040803087901200806
040803087907200806
040803088701200806
040803088707200806
040803089501200806
040803089507200806
040803090901200806
040803090907200806
040803091701200806
040803091707200806
040804001701200806
040804001707200806
040804002501200806
040804002507200806
040804003301200806
040804003307200806
040804004101200806
040804004107200806
040804005001200806
040804006801200806
040804007601200806
040804008401200806
040804009201200806
040804010601200806
040804010607200806
040804011401200806
040804011407200806
040804012201200806
040804012207200806
040804013001200806
040804013007200806
040804014901200806
040804014907200806
040804015701200806
040804015707200806
040804016501200806
040804016507200806
040804017301200806
040804017307200806
040804018101200806
040804018107200806
040804019001200806
040804019007200806
040804020301200806
040804020307200806
040804022001200806
040804022007200806
040804023801200806
040804023807200806
040804024601200806
040804024607200806
040804025401200806
040804025407200806
040804026201200806
040804026207200806
040804027001200806
040804027007200806
040804028901200806
040804028907200806
040804029701200806
040804029707200806
040804030001200806
040804030007200806
040804031901200806
040804031907200806
040804032701200806
040804032707200806
040804033501200806
040804033507200806
040804034301200806
040804034307200806
040805001201200806
040805001207200806
040805002001200806
040805002007200806
040805003901200806
040805003907200806
040805004701200806
040805004707200806
040805005501200806
040805006301200806
040805007101200806
040805008001200806
040805008007200806
040805010101200806
040805010107200806
040805011001200806
040805011007200806
040805012801200806
040805012807200806
040805013601200806
040805013607200806
040805014401200806
040805014407200806
040805015201200806
040805015207200806
040805016001200806
040805016007200806
040805017901200806
040805017907200806
040805018701200806
040805018707200806
040805019501200806
040805019507200806
040805020901200806
040805020907200806
040805021701200806
040805021707200806
040805022501200806
040805022507200806
040805022509200806
040805023301200806
040805023307200806
040805024101200806
040805024107200806
040805025001200806
040805025007200806
040805026801200806
040805026807200806
040805026809200806
040805027601200806
040805027607200806
040805028401200806
040805028407200806
040805029201200806
040805029207200806
040805030601200806
040805030607200806
040805031401200806
040805031407200806
040805032201200806
040805032207200806
040805033001200806
040805033007200806
040805034901200806
040805034907200806
040805035701200806
040805035707200806
040805036501200806
040805036507200806
040805037301200806
040805037307200806
040805038101200806
040805038107200806
040805039001200806
040805039007200806
040805040301200806
040805041101200806
040805041107200806
040805042001200806
040805042007200806
040805043801200806
040805043807200806
040805044601200806
040805044607200806
040805045401200806
040805045407200806
040805046201200806
040805046207200806
040805047001200806
040805047007200806
040805048901200806
040805048907200806
040805049701200806
040805049707200806
040805050001200806
040805050007200806
040805051901200806
040805051907200806
040805052701200806
040805052707200806
040805053501200806
040805053507200806
040805054301200806
040805054307200806
040805055101200806
040805055107200806
040805056001200806
040805056007200806
040805057801200806
040805057807200806
040805058601200806
040805058607200806
040805059401200806
040805059407200806
040805060801200806
040805060807200806
040805061601200806
040805061607200806
040805062401200806
040805062407200806
040805063201200806
040805063207200806
040805064001200806
040805064007200806
040805065901200806
040805065907200806
040805066701200806
040805067501200806
040805067507200806
040805068301200806
040805068307200806
040805069101200806
040805069107200806
040805070501200806
040805070507200806
040805071301200806
040805071307200806
040805072101200806
040805072107200806
040805073001200806
040805073007200806
040805074801200806
040805074807200806
040805075601200806
040805075607200806
040805076401200806
040805076407200806
040805077201200806
040805077207200806
040805078001200806
040805078007200806
040805079901200806
040805079907200806
040805080201200806
040805080207200806
040805081001200806
040805081007200806
040805082901200806
040805082907200806
040805083701200806
040805083707200806
040805084501200806
040805084507200806
040805085301200806
040805085307200806
040805086101200806
040805086107200806
040805087001200806
040805087007200806
040805088801200806
040805088807200806
040805089601200806
040805089607200806
040805090001200806
040805091801200806
040805091807200806
040805092601200806
040805092607200806
040806001801200806
040806001807200806
040806002601200806
040806002607200806
040806003401200806
040806003407200806
040806004201200806
040806004207200806
040806004209200806
040806005001200806
040806005007200806
040806006901200806
040806006907200806
040806007701200806
040806007707200806
040806008501200806
040806008507200806
040806009301200806
040806009307200806
040806010701200806
040806010707200806
040806011501200806
040806011507200806
040806012301200806
040806012307200806
040806013101200806
040806013107200806
040806014001200806
040806014007200806
040806015801200806
040806015807200806
040806015809200806
040806016601200806
040806016607200806
040806017401200806
040806017407200806
040806018201200806
040806018207200806
040806019001200806
040806019007200806
040806020401200806
040806020407200806
040806021201200806
040806021207200806
040806023901200806
040806023907200806
040806024701200806
040806024707200806
040806025501200806
040806025507200806
040806026301200806
040806026307200806
040806027101200806
040806027107200806
040806028001200806
040806028007200806
040806029801200806
040806029807200806
040806030101200806
040806030107200806
040806031001200806
040806031007200806
040806032801200806
040806032807200806
040806033601200806
040806033607200806
040806034401200806
040806034407200806
040806035201200806
040806035207200806
040806036001200806
040806036007200806
040806037901200806
040806037907200806
040806038701200806
040806038707200806
040806039501200806
040806039507200806
040806040901200806
040806040907200806
040806041701200806
040806041707200806
040806042501200806
040806042507200806
040806042509200806
040806043301200806
040806043307200806
040806044101200806
040806044107200806
040806045001200806
040806045007200806
040806046801200806
040806046807200806
040806047601200806
040806047607200806
040806048401200806
040806048407200806
040806049201200806
040806049207200806
040806050601200806
040806050607200806
040806051401200806
040806051407200806
040806052201200806
040806052207200806
040806053001200806
040806053007200806
040806054901200806
040806054907200806
040806055701200806
040806055707200806
040806056501200806
040806056507200806
040806057301200806
040806057307200806
040806057309200806
040806058101200806
040806058107200806
040806059001200806
040806059007200806
040806060301200806
040806060307200806
040806061101200806
040806062001200806
040806062007200806
040806063801200806
040806063807200806
040806064601200806
040806064607200806
040806066201200806
040806066207200806
040806067001200806
040806067007200806
040806069701200806
040806069707200806
040806070001200806
040806070007200806
040901001401200806
040901001407200806
040901002201200806
040901002207200806
040901003001200806
040901003007200806
040901004901200806
040901004907200806
040901005701200806
040901005707200806
040901006501200806
040901006507200806
040901007301200806
040901007307200806
040901008101200806
040901008107200806
040901009001200806
040901009007200806
040901012001200806
040901012007200806
040901013801200806
040901013807200806
040901014601200806
040901014607200806
040901017001200806
040901017007200806
040901017009200806
040901018901200806
040901018907200806
040901019701200806
040901019707200806
040901020001200806
040901020007200806
040901021901200806
040901022701200806
040901022707200806
040901023501200806
040901023507200806
040901024301200806
040901024307200806
040901025101200806
040901025107200806
040901026001200806
040901026007200806
040901028601200806
040901028607200806
040901029401200806
040901029407200806
040901030801200806
040901030807200806
040901031601200806
040901031607200806
040901032401200806
040901032407200806
040901033201200806
040901033207200806
040901034001200806
040901034007200806
040901036701200806
040901036707200806
040901037501200806
040901037507200806
040901038301200806
040901038307200806
040901038309200806
040901039101200806
040901039107200806
040901040501200806
040901040507200806
040901041301200806
040901041307200806
040901043001200806
040901043007200806
040901043009200806
040901045601200806
040901045607200806
040901046401200806
040901046407200806
040901047201200806
040901047207200806
040901048001200806
040901048007200806
040901049901200806
040901050201200806
040901050207200806
040901051001200806
040901051007200806
040901052901200806
040901052907200806
040901053701200806
040901053707200806
040901054501200806
040901054507200806
040901055301200806
040901055307200806
040901056101200806
040901056107200806
040901057001200806
040901057007200806
040901058801200806
040901058807200806
040902001001200806
040902001007200806
040902001009200806
040902002801200806
040902002807200806
040902004401200806
040902004407200806
040902004409200806
040902005201200806
040902005207200806
040902007901200806
040902007907200806
040902007909200806
040902008701200806
040902008707200806
040902008709200806
040902009501200806
040902009507200806
040902009509200806
040902010901200806
040902010907200806
040902012501200806
040902012507200806
040902012509200806
040902013301200806
040902013307200806
040902014101200806
040902014107200806
040902015001200806
040902015007200806
040902015009200806
040902016801200806
040902016807200806
040902017601200806
040902017607200806
040902017609200806
040903001501200806
040903001509200806
040903002301200806
040903003101200806
040903004001200806
040904001001200806
040904001007200806
040904001009200806
040904003701200806
040904003707200806
040904004501200806
040904004507200806
040904005301200806
040904005307200806
040904007001200806
040904007007200806
040904007009200806
040904008801200806
040904008807200806
040904008809200806
040904009601200806
040904009607200806
040904011801200806
040904011807200806
040904012601200806
040904012607200806
040904013401200806
040904013407200806
040904014201200806
040904014207200806
040904014209200806
040904015001200806
040904015007200806
040904016901200806
040904016907200806
040904017701200806
040904017707200806
040904018501200806
040904018507200806
040904019301200806
040904019307200806
040904020701200806
040904020707200806
040904021501200806
040904021507200806
040904022301200806
040904023101200806
040904023107200806
040904024001200806
040904024009200806
040905001601200806
040905001607200806
040905002401200806
040905002407200806
040905003201200806
040905004001200806
040905004007200806
040905007501200806
040905007507200806
040905008301200806
040905008307200806
040905008309200806
040905009101200806
040905009107200806
040905010501200806
040905010507200806
040905011301200806
040905011307200806
040906001101200806
040906001107200806
040906001109200806
040906002001200806
040906003801200806
040906003809200806
040906004601200806
040906004607200806
040906004609200806
040906005401200806
040906005402200806
040906005409200806
040906007001200806
040906007002200806
040906007009200806
040906010001200806
040906010007200806
040906011901200806
040906011907200806
040906012701200806
040906012707200806
040906013501200806
040906013507200806
040906014301200806
040906014307200806
040906015101200806
040906015107200806
040906016001200806
040906016007200806
040906017801200806
040906017807200806
040906017809200806
040906018601200806
040906018609200806
040906019401200806
040906019407200806
040906020801200806
040906020807200806
040906020809200806
040906021601200806
040906021607200806
040906022401200806
040906022407200806
040906023201200806
040906023207200806
040906023209200806
040906024001200806
040906024007200806
040906024009200806
040906025901200806
040906025907200806
040906026701200806
040906026707200806
040906026709200806
040906027501200806
040906027507200806
040906027509200806
040906028301200806
040906028307200806
040907001701200806
040907001709200806
040907002501200806
040907003301200806
040907003309200806
040907004101200806
040907004109200806
040907005001200806
040907006801200806
040907006809200806
040907007601200806
040907007609200806
040907008401200806
040907008409200806
040907009201200806
040907009207200806
040907009209200806
040907010601200806
040907010607200806
040907010609200806
040907011401200806
040907011407200806
040907013001200806
040907013007200806
040907013009200806
040907014901200806
040907014907200806
040907014909200806
040907015701200806
040907015707200806
040907015709200806
040907019001200806
040907019009200806
040907020301200806
040907021101200806
040907021107200806
040907022001200806
040907022007200806
040907022009200806
040907023801200806
040907023807200806
040907024601200806
040907024607200806
040907025401200806
040907025407200806
040907026201200806
040907026207200806
040907026209200806
040907027001200806
040907028901200806
040907028907200806
040907029701200806
040907030001200806
041001001401200806
041001001407200806
041001001409200806
041001005701200806
041001006501200806
041001006507200806
041001007301200806
041001007307200806
041001008101200806
041001008107200806
041001008109200806
041001009001200806
041001011101200806
041001011107200806
041001011109200806
041001012001200806
041001012007200806
041101001801200806
041101001802200806
041101001809200806
041101002601200806
041101002602200806
041101003401200806
041101003402200806
041101004201200806
041101004202200806
041101005001200806
041101005002200806
041101007701200806
041101007702200806
041101007709200806
041101008501200806
041101008502200806
041102001301200806
041102001302200806
041102001309200806
041102002101200806
041102002102200806
041102003001200806
041102003002200806
041102004801200806
041102005601200806
041102005602200806
041201001101200806
041201001107200806
041201002001200806
041201002007200806
041201003801200806
041201003807200806
041201004601200806
041201004607200806
041201004609200806
041201005401200806
041201005407200806
041201007001200806
041201007007200806
041201008901200806
041201008907200806
041201009701200806
041201009707200806
041201010001200806
041201010007200806
041201011901200806
041201011907200806
041201013501200806
041201013507200806
041201014301200806
041201014307200806
041202001701200806
041202001707200806
041202002501200806
041202002507200806
041202003301200806
041202003307200806
041202004101200806
041202004107200806
041202005001200806
041202005007200806
041202006801200806
041202006807200806
041202007601200806
041202007607200806
041202008401200806
041202008407200806
041203001201200806
041203001207200806
041203004701200806
041203004707200806
041203008001200806
041203008007200806
041204001801200806
041204001807200806
041204002601200806
041204002607200806
041204003401200806
041204003407200806
041204004201200806
041204004207200806
041204005001200806
041204005007200806
041204006901200806
041204006907200806
041204007701200806
041204007707200806
041204008501200806
041204008507200806
041204009301200806
041204009307200806
041204010701200806
041204010707200806
041204011501200806
041204011507200806
041204012301200806
041204012307200806
041204013101200806
041204013107200806
041204015801200806
041204015807200806
041204016601200806
041204016607200806
041204017401200806
041204017407200806
041204018201200806
041204018207200806
041204019001200806
041204019007200806
041204020401200806
041204020407200806
041204021201200806
041204021207200806
041204022001200806
041204022007200806
041205001301200806
041205001307200806
041205002101200806
041205002107200806
041205003001200806
041205003007200806
041205004801200806
041205004807200806
041205005601200806
041205005607200806
041205006401200806
041205006407200806
041205007201200806
041205007207200806
041205008001200806
041205008007200806
041205009901200806
041205009907200806
041205010201200806
041205010207200806
041205011001200806
041205011007200806
041205013701200806
041205013707200806
041205014501200806
041205014507200806
041205015301200806
041205015307200806
041301001501200806
041301001507200806
041301006601200806
041301008201200806
041301008207200806
041301009001200806
041301009007200806
041303001601200806
041303001607200806
041303002401200806
041303003201200806
041303005901200806
041303005907200806
041303006701200806
041303007501200806
041303008301200806
041303008307200806
041304002001200806
041304002007200806
041304003801200806
041304004601200806
041304005401200806
041304006201200806
041304007001200806
041304008901200806
041304009701200806
041304009707200806
041304010001200806
041304010007200806
041304011901200806
041304011907200806
041304011909200806
041304012701200806
041304012707200806
041304012709200806
041304013501200806
041304013507200806
041304013509200806
041304014301200806
041304014307200806
041304015101200806
041304015107200806
041304015109200806
041304016001200806
041304016007200806
041304017801200806
041304017807200806
041304018601200806
041304018607200806
041304019401200806
041304019407200806
041304020801200806
041304020807200806
041304021601200806
041304021607200806
041304022401200806
041304022407200806
041304023201200806
041304023207200806
041304023209200806
041304024001200806
041304024007200806
041401002701200806
041401003501200806
041401004301200806
041401004307200806
041401005101200806
041401005107200806
041401006001200806
041401006007200806
041401007801200806
041401007807200806
041401008601200806
041401008607200806
041401009401200806
041401009407200806
041401010801200806
041401010807200806
041401011601200806
041401011607200806
041401012401200806
041401012407200806
041401013201200806
041401013207200806
041401014001200806
041401014007200806
041401015901200806
041401015907200806
041401016701200806
041401016707200806
041401017501200806
041401017507200806
041401018301200806
041401018307200806
041401019101200806
041401019107200806
041401020501200806
041401020507200806
041401023001200806
041401023007200806
041401024801200806
041401024807200806
041401025601200806
041401025607200806
041401026401200806
041401026407200806
041401027201200806
041401027207200806
041401028001200806
041401028007200806
041401032901200806
041401032907200806
041402010301200806
041402010307200806
041402010309200806
041402011101200806
041402011107200806
041402011109200806
041402019701200806
041402019707200806
041501001201200806
041501001207200806
041502001801200806
041502002601200806
041503001301200806
041503001307200806
041504002701200806
041504002707200806
041504003501200806
041504003507200806
041601001601200806
041601001607200806
041601002401200806
041601002407200806
041601003201200806
041601003207200806
041601004001200806
041601004007200806
041601005901200806
041601005907200806
041601006701200806
041601006707200806
041601007501200806
041601007507200806
041601008301200806
041601008307200806
041601009101200806
041601009107200806
041601010501200806
041601010507200806
041601011301200806
041601011307200806
041601012101200806
041601013001200806
041601014801200806
041601015601200806
041601015607200806
041601016401200806
041601016407200806
041601017201200806
041601017207200806
041601018001200806
041601018007200806
041601019901200806
041601019907200806
041602001101200806
041602001107200806
041602002001200806
041602002007200806
041602003801200806
041602004601200806
041602004607200806
041602005401200806
041602005407200806
041602006201200806
041602006207200806
041602007001200806
041602007007200806
041602008901200806
041602008907200806
041602009701200806
041602009707200806
041602010001200806
041602010007200806
041602011901200806
041602012701200806
041602013501200806
041602013507200806
041602014301200806
041602014307200806
041603001701200806
041603001707200806
041603002501200806
041603002507200806
041603003301200806
041603003307200806
041603004101200806
041603004107200806
041603005001200806
041603006801200806
041603006807200806
041603007601200806
041603008401200806
041603008407200806
041603009201200806
041603009207200806
041603010601200806
041603010607200806
041603011401200806
041603011407200806
041603012201200806
041603012207200806
041603013001200806
041603013007200806
041604001201200806
041604001207200806
041604002001200806
041604002007200806
041604003901200806
041604004701200806
041604005501200806
041604005507200806
041604006301200806
041604006307200806
041604007101200806
041604007107200806
041604008001200806
041604008007200806
041604009801200806
041604009807200806
041604010101200806
041604010107200806
041604011001200806
041604011007200806
041604012801200806
041604012807200806
041604013601200806
041604014401200806
041604014407200806
041604015201200806
041604016001200806
041604016007200806
041605001801200806
041605001807200806
041605002601200806
041605002607200806
041605003401200806
041605003407200806
041605004201200806
041605004207200806
041605005001200806
041605005007200806
041605006901200806
041605007701200806
041605007707200806
041605008501200806
041606001301200806
041606001307200806
041606002101200806
041606002107200806
041606003001200806
041606003007200806
041606004801200806
041606004807200806
041606005601200806
041606005607200806
041606006401200806
041606006407200806
041606007201200806
041606007207200806
041606008001200806
041606009901200806
041606009907200806
041606010201200806
041606010207200806
041607001901200806
041607001907200806
041607002701200806
041607002707200806
041607003501200806
041607003507200806
041608001401200806
041608001407200806
041608002201200806
041608002207200806
041608003001200806
041608003007200806
041608004901200806
041608004907200806
041608005701200806
041608005707200806
041608006501200806
041608006507200806
041608007301200806
041608007307200806
041608008101200806
041608008107200806
041608009001200806
041608009007200806
041608010301200806
041608010307200806
041609001001200806
041609001007200806
041609002801200806
041609002807200806
041609003601200806
041609003607200806
041609004401200806
041609004407200806
041609005201200806
041609005207200806
041609006001200806
041609006007200806
041609007901200806
041609007907200806
041609008701200806
041609008707200806
041609009501200806
041609010901200806
041609010907200806
041611001001200806
041611001007200806
041611002901200806
041611003701200806
041611003707200806
041611004501200806
041611004507200806
041611005301200806
041611005307200806
041612001601200806
041612001607200806
041612001609200806
041612002401200806
041612003201200806
041612004001200806
041612004009200806
041612005901200806
041612005909200806
041613001101200806
041613001107200806
041613002001200806
041613002007200806
041613003801200806
041613004601200806
041613005401200806
041613006201200806
050201001074200806
050201001075200806
050201001076200806
050201001077200806
050201001078200806
050201001079200806
050201002977200806
050201002978200806
050201002979200806
050201002980200806
050201002981200806
050201002982200806
050301001401200806
050301001403200806
050301001474200806
050301001475200806
050301001476200806
050301001477200806
050301001478200806
050301001479200806
050301001480200806
050301001481200806
050301001482200806
050301002201200806
050301002274200806
050301002275200806
050301002276200806
050301002277200806
050301002278200806
050301002279200806
050301002280200806
050301002281200806
050301002282200806
050302001001200806
050302002801200806
050303001574200806
050303001575200806
050303001576200806
050303001577200806
050303001578200806
050303001579200806
050303001580200806
050303001581200806
050303001582200806
050303002301200806
050303002374200806
050303002375200806
050303002376200806
050303002377200806
050303002378200806
050303002379200806
050303002380200806
050303002381200806
050303002382200806
050303003101200806
050303003174200806
050303003175200806
050303003176200806
050303003177200806
050303003178200806
050303003179200806
050303003180200806
050303003181200806
050303003182200806
050303004001200806
050303004074200806
050303004075200806
050303004076200806
050303004077200806
050303004078200806
050303004080200806
050303004081200806
050303004082200806
050303005801200806
050303005874200806
050303005875200806
050303005876200806
050303005877200806
050303005878200806
050303005879200806
050303005880200806
050303005881200806
050303005882200806
050303006601200806
050303006674200806
050303006675200806
050303006676200806
050303006677200806
050303006678200806
050303006679200806
050303006680200806
050303006681200806
050303006682200806
050303007401200806
050303007474200806
050303007475200806
050303007476200806
050303007477200806
050303007478200806
050303007479200806
050303007480200806
050303007481200806
050303007482200806
050303008201200806
050303008274200806
050303008275200806
050303008276200806
050303008277200806
050303008278200806
050303008279200806
050303008280200806
050303008281200806
050303008282200806
050501001103200806
050501001107200806
050501002003200806
050501002007200806
050501003803200806
050501003807200806
050501004603200806
050501004607200806
050501005403200806
050501005407200806
050501006203200806
050501006207200806
050501007003200806
050501007007200806
050501008903200806
050501008907200806
050501009701200806
050501009707200806
050501009709200806
050501010001200806
050501010007200806
050501010009200806
050501011901200806
050501011907200806
050501011909200806
050501012701200806
050501012707200806
050501012709200806
050502004101200806
050502004107200806
050502005001200806
050502005007200806
050502006801200806
050502007601200806
050502008401200806
050502009201200806
050502010601200806
050502011401200806
050502011407200806
050602001012200806
050602002912200806
050602003712200806
050602004503200806
050602004507200806
080201006765200806
080201007579200806
080201008375200806
080201009176200806
080201010574200806
080201011383200806
080201012181200806
080201013082200806
080201014877200806
080201015678200806
080201016480200806
