0101010044134004200807
0201010097131001200807
0201010097132001200807
0201010097132005200807
0201010119131001200807
0201010119132001200807
0201010119132005200807
0201010186132001200807
0201010186131001200807
0201010186132005200807
0201010240132001200807
0201010240131001200807
0201010240132005200807
0201010356132005200807
0201010356131001200807
0201010356132001200807
0201010534105005200807
0201010542121003200807
0201010542121004200807
0201010542121002200807
0201010542121001200807
0202010015145001200807
0202010023145001200807
0202010031145001200807
0202010040145001200807
0202010058145001200807
0202010066145001200807
0202010074145001200807
0202010082145001200807
0202010090145001200807
0202010104145001200807
0202010112145001200807
0202010120145001200807
0202010139145001200807
0202010147145001200807
0202010155145001200807
0202010163145001200807
0202010171145001200807
0202010180145001200807
0202010198145001200807
0202010201145001200807
0202010210145001200807
0202010228145001200807
0202010236145001200807
0202010244145001200807
0202010252145001200807
0202010260145001200807
0202010279145001200807
0202010287145001200807
0202010295145001200807
0202010309145001200807
0202010317145001200807
0202010325145001200807
0202010333145001200807
0202010341145001200807
0202010350145001200807
0202010368145001200807
0202010376145001200807
0202010392145001200807
0202010406145001200807
0202010414145001200807
0202010422145001200807
0202010430145001200807
0202010449145001200807
0202010457145001200807
0202010465145001200807
0202010473145001200807
0202010481145001200807
0202010490145001200807
0202010503145001200807
0202010511145001200807
0202010520145001200807
0202010538145001200807
0202010546145001200807
0202010554145001200807
0202010562145001200807
0202010570145001200807
0202010589145001200807
0202010597145001200807
0202010600145001200807
0202010619145001200807
0202010627145001200807
0202010635145001200807
0202010643145001200807
0202010651145001200807
0202010660145001200807
0202010678145001200807
0202010686145001200807
0202010694145001200807
0202010716145001200807
0202010724145001200807
0202010732145001200807
0202010740145001200807
0202010759145001200807
0202020010145002200807
0202020029145002200807
0202020037145002200807
0202020045145002200807
0202020053145002200807
0202020061145002200807
0202020088145002200807
0202020100145002200807
0202020118145002200807
0202020126145002200807
0202020134145002200807
0202020142145002200807
0202020150145002200807
0202020169145002200807
0202020177145002200807
0202020185145002200807
0202020193145002200807
0202020207145002200807
0202020215145002200807
0202020223145002200807
0202020231145002200807
0202020240145002200807
0202020258145002200807
0202020266145002200807
0202020274145002200807
0202020282145002200807
0202020290145002200807
0202020304145002200807
0202020312145002200807
0202020320145002200807
0202020339145002200807
0202020347145002200807
0202020355145002200807
0202020363145002200807
0202020371145002200807
0202020380145002200807
0202020398145002200807
0202020401145002200807
0202020410145002200807
0202020428145002200807
0202020436145002200807
0202020444145002200807
0202020452145002200807
0202020460145002200807
0202020479145002200807
0202020487145002200807
0202020495145002200807
0202020509145002200807
0202020517145002200807
0202020525145002200807
0202020533145002200807
0202020541145002200807
0202030016145003200807
0202030024145003200807
0202030032145003200807
0202030040145003200807
0202030059145003200807
0202030067145003200807
0202030075145003200807
0202030083145003200807
0202030105145003200807
0202030113145003200807
0202030121145003200807
0202030130145003200807
0202030148145003200807
0202030156145003200807
0202030164145003200807
0202030172145003200807
0202030180145003200807
0202030199145003200807
0202030202145003200807
0202030210145003200807
0202030229145003200807
0202030237145003200807
0202030253145003200807
0202030261145003200807
0202030270145003200807
0202030288145003200807
0202030296145003200807
0202030300145003200807
0202030318145003200807
0202030326145003200807
0202030334145003200807
0202030342145003200807
0202030350145003200807
0202030369145003200807
0202030377145003200807
0202030385145003200807
0202030393145003200807
0202030407145003200807
0202030415145003200807
0202030423145003200807
0202030431145003200807
0202030440145003200807
0202030458145003200807
0202030466145003200807
0202030474145003200807
0202030482145003200807
0202030490145003200807
0202030504145003200807
0202030512145003200807
0202030520145003200807
0202030539145003200807
0202030547145003200807
0202030555145003200807
0202030563145003200807
0202030571145003200807
0202030580145003200807
0202030598145003200807
0202030601145003200807
0202030610145003200807
0202030628145003200807
0202030636145003200807
0202030644145003200807
0202030652145003200807
0202030660145003200807
0202030679145003200807
0202030687145003200807
0202030695145003200807
0202030709145003200807
0202030717145003200807
0202030725145003200807
0202030733145003200807
0202030741145003200807
0202030750145003200807
0202030768145003200807
0202030776145003200807
0202030784145003200807
0202030792145003200807
0202030806145003200807
0202030814145003200807
0202030822145003200807
0202030830145003200807
0202030849145003200807
0202030857145003200807
0202030865145003200807
0202030873145003200807
0202030881145003200807
0202030890145003200807
0202030903145003200807
0202030911145003200807
0202030920145003200807
0202030938145003200807
0202030946145003200807
0202030954145003200807
0202030962145003200807
0202030970145003200807
0202030989145003200807
0202030997145003200807
0202031004145003200807
0202031012145003200807
0202031020145003200807
0202031039145003200807
0202031047145003200807
0202031055145003200807
0202031063145003200807
0202031071145003200807
0202031080145003200807
0202031098145003200807
0202031101145003200807
0202031110145003200807
0202031128145003200807
0202031136145003200807
0202031179145003200807
0202040011145004200807
0202040020145004200807
0202040038145004200807
0202040046145004200807
0202040054145004200807
0202040062145004200807
0202040070145004200807
0202040089145004200807
0202040097145004200807
0202040100145004200807
0202040119145004200807
0202040127145004200807
0202040135145004200807
0202040143145004200807
0202040151145004200807
0202040160145004200807
0202040178145004200807
0202050017145005200807
0202050025145005200807
0202050033145005200807
0202050041145005200807
0202050050145005200807
0202050068145005200807
0202050076145005200807
0202050084145005200807
0202050092145005200807
0202050106145005200807
0202050114145005200807
0202050122145005200807
0202050130145005200807
0202050149145005200807
0202050157145005200807
0202050165145005200807
0202050173145005200807
0202050181145005200807
0202050190145005200807
0202050203145005200807
0202050211145005200807
0202050220145005200807
0202050238145005200807
0202050246145005200807
0202050254145005200807
0202050262145005200807
0202050270145005200807
0202050289145005200807
0202050297145005200807
0202050300145005200807
0202050319145005200807
0202050327145005200807
0202060012151002200807
0202060012145006200807
0202060020151002200807
0202060020145006200807
0202060039145006200807
0202060039151002200807
0202060047145006200807
0202060047151002200807
0202060055151002200807
0202060055145006200807
0202060063151002200807
0202060063145006200807
0202060071145006200807
0202060071151002200807
0202060080145006200807
0202060080151002200807
0202060098151002200807
0202060098145006200807
0202060101151002200807
0202060101145006200807
0202060110151002200807
0202060110145006200807
0202060128145006200807
0202060128151002200807
0202060136145006200807
0202060136151002200807
0202060144151002200807
0202060144145006200807
0202060152151002200807
0202060152145006200807
0202060160151002200807
0202060160145006200807
0202060179151002200807
0202060179145006200807
0202060187145006200807
0202060187151002200807
0202060195145006200807
0202060195151002200807
0202060209145006200807
0202060209151002200807
0202060217151002200807
0202060217145006200807
0202060225145006200807
0202060225151002200807
0202060233145006200807
0202060233151002200807
0202060241151002200807
0202060241145006200807
0202060250151002200807
0202060250145006200807
0202060268151002200807
0202060268145006200807
0202060276145006200807
0202060276151002200807
0202060284145006200807
0202060284151002200807
0202060292151002200807
0202060292145006200807
0202060306145006200807
0202060306151002200807
0202060314145006200807
0202060314151002200807
0202060322145006200807
0202060322151002200807
0202060330151002200807
0202060330145006200807
0202060349145006200807
0202060349151002200807
0202060357145006200807
0202060357151002200807
0202060365145006200807
0202060365151002200807
0202060373145006200807
0202060373151002200807
0202060381151002200807
0202060381145006200807
0202060390145006200807
0202060390151002200807
0202060403151002200807
0202060403145006200807
0202060411145006200807
0202060411151002200807
0202060420151002200807
0202060420145006200807
0202060438151002200807
0202060438145006200807
0202060446145006200807
0202060446151002200807
0202060454145006200807
0202060454151002200807
0202060462145006200807
0202060462151002200807
0202070018145008200807
0202070026145008200807
0202070034145008200807
0202070042145008200807
0202070050145008200807
0202070069145008200807
0202070077145008200807
0202070085145008200807
0202070093145008200807
0202070107145008200807
0202070115145008200807
0202070123145008200807
0202070131145008200807
0202070140145008200807
0202070158145008200807
0202070166145008200807
0202070174145008200807
0202070182145008200807
0202070190145008200807
0202070212145008200807
0202070220145008200807
0202070239145008200807
0202070247145008200807
0202070255145008200807
0202070263145008200807
0202070271145008200807
0202070280145008200807
0202070298145008200807
0202070301145008200807
0202070310145008200807
0202070328145008200807
0202070336145008200807
0202070344145008200807
0202070352145008200807
0202080013145009200807
0202080021145009200807
0202080030145009200807
0202080048145009200807
0202080056145009200807
0202080064145009200807
0202080072145009200807
0202080080145009200807
0202080099145009200807
0202080102145009200807
0202080110145009200807
0202080129145009200807
0202080137145009200807
0202080145145009200807
0202080153145009200807
0202080161145009200807
0202080170145009200807
0202080188145009200807
0202080196145009200807
0202080200145009200807
0202080218145009200807
0202080226145009200807
0202080234145009200807
0202090019145010200807
0202090027145010200807
0202090035145010200807
0202090043145010200807
0202090051145010200807
0202090060145010200807
0202090078145010200807
0202090086145010200807
0202090094145010200807
0202090108145009200807
0202090116145010200807
0202090124145010200807
0202090132145010200807
0202090140145010200807
0202090159145010200807
0202090167145010200807
0202090183145010200807
0202090191145010200807
0202090213145010200807
0202090230145010200807
0202090248145010200807
0202090256145010200807
0202090264145010200807
0202090272145010200807
0202090280145010200807
0202090299145010200807
0202090302145010200807
0202090310145010200807
0202090329145010200807
0202090337145010200807
0202090345145010200807
0202090353145010200807
0202100014145011200807
0202100022145011200807
0202100030145011200807
0202110010145012200807
0202110028145012200807
0202110036145012200807
0202110044145012200807
0202110052145012200807
0202110060145012200807
0202110079145012200807
0202110087145012200807
0202120015145013200807
0202120015128002200807
0202120023128002200807
0202120023145013200807
0202120031145013200807
0202120031128002200807
0202120040128002200807
0202120040145013200807
0202120058128002200807
0202120058145013200807
0202120066145013200807
0202120066128002200807
0202120074145013200807
0202120074128002200807
0202120082128002200807
0202120082145013200807
0202120090145013200807
0202120090128002200807
0202120104145013200807
0202120104128002200807
0203010019120002200807
0203010027120002200807
0203010035120002200807
0203010043120002200807
0203020014120002200807
0203020014120001200807
0203020022120001200807
0203020030120001200807
0203020049120001200807
0203020057120001200807
0203020065120001200807
0203020073120001200807
0203020081120001200807
0204010012121001200807
0204010020121001200807
0204010039121001200807
0204010047121001200807
0204010055121001200807
0204010063121001200807
0204010071121001200807
0204010080121001200807
0204010098121001200807
0204010101121001200807
0204010110121001200807
0204010128121001200807
0204010136121001200807
0204010144121001200807
0204010152121001200807
0204010160121001200807
0204010179121001200807
0204010187101003200807
0204010187101002200807
0204010187121001200807
0204010195121001200807
0204010209121001200807
0204020018121001200807
0204020026121001200807
0204020034121001200807
0204020042121001200807
0204020050121001200807
0204020069121001200807
0204020077121001200807
0204020085121001200807
0204020093121001200807
0204020107121001200807
0204020115121001200807
0204020123121001200807
0204020131121001200807
0204030013121001200807
0204030021121001200807
0204030030121001200807
0204030048121001200807
0204030056121001200807
0204030064121001200807
0204030072121001200807
0204030080121001200807
0204030099121001200807
0204030102121001200807
0204030110121001200807
0204030129121001200807
0204030137121001200807
0204030145121001200807
0204030153121001200807
0204030161121001200807
0204030170121001200807
0204040019121001200807
0204040027121001200807
0204040035121001200807
0204040043121001200807
0204040051121001200807
0204040060121001200807
0204040078121001200807
0204040086121001200807
0204040094121001200807
0204040108121001200807
0204040116121001200807
0204040124121001200807
0204050014121001200807
0204050022121001200807
0204050030121001200807
0204050049121001200807
0204050057121001200807
0204050065121001200807
0204050073121001200807
0204050081121001200807
0204050090121001200807
0204050103121001200807
0204050111121001200807
0204050120121001200807
0204050138121001200807
0204050146121001200807
0204050154121001200807
0204050162121001200807
0204050170121001200807
0204050189121001200807
0204060010121001200807
0204060036121001200807
0204060044121001200807
0204060052121001200807
0204060060121001200807
0204060079121001200807
0204060087121001200807
0204060095121001200807
0204060109121001200807
0204060117121001200807
0204060125121001200807
0204060133121001200807
0204060141121001200807
0204060150121001200807
0204060168121001200807
0204060176121001200807
0205010016122003200807
0205010024122003200807
0205010032121002200807
0205010040121002200807
0205010059121002200807
0205020011121002200807
0205020020121002200807
0205020038121002200807
0205020046121002200807
0205020054121002200807
0205020062121002200807
0205020070121002200807
0205020089121002200807
0205020097121002200807
0205020100121002200807
0205020119121002200807
0205020127121002200807
0205020135121002200807
0205020143121002200807
0205020151121002200807
0205020160121002200807
0205020178121002200807
0205020186121002200807
0205020194121002200807
0206010010121003200807
0206010028121003200807
0206010036121003200807
0206010044121003200807
0206010052121003200807
0206010060121003200807
0206010079121003200807
0206010087121003200807
0206020015121003200807
0206020023121003200807
0206020031121003200807
0206020040121003200807
0206030010121003200807
0206030029121003200807
0206030037121003200807
0207010013121004200807
0207010021121004200807
0207010030121004200807
0207010048121004200807
0207010056121004200807
0207010064121004200807
0207010072121004200807
0207020019121004200807
0207020027121004200807
0207020035121004200807
0207030014121004200807
0207030022121004200807
0207030030121004200807
0207030049121004200807
0208010017151001200807
0208010025151001200807
0208010033151002200807
0208010041151001200807
0208010050151001200807
0208010068151001200807
0208010076151001200807
0208010084151002200807
0208020012151002200807
0208020020151001200807
0208020039151001200807
0208020047151001200807
0208020055151001200807
0208020063151001200807
0208020071151001200807
0208020080151001200807
0208020098151001200807
0208020101151001200807
0208020110151001200807
0208020128151001200807
0208030018151001200807
0208030026151001200807
0208030034151001200807
0208030042151002200807
0208040021151002200807
0208040030151001200807
0208040048151001200807
0208040056151001200807
0208040064151001200807
0208040072151001200807
0208050019151001200807
0208050027151001200807
0208050035151001200807
0208050043151002200807
0208060014151001200807
0208060022151001200807
0208070010151001200807
0208070028151001200807
0208070036151001200807
0208070044151001200807
0208080015151001200807
0208080040151001200807
0208090010151001200807
0208090029151001200807
0208090037151001200807
0209010010142001200807
0209010029142001200807
0209010037142001200807
0209010045142001200807
0209010053142001200807
0209010061142001200807
0209020016142003200807
0209030011142004200807
0209040017142002200807
0209040025142002200807
0209040033142002200807
0209040041142002200807
0209040050142002200807
0210010010121001200807
0210010029121001200807
0210010037121006200807
0210010045121001200807
0210010053121001200807
0210010061121001200807
0210010070121001200807
0210010088121001200807
0210010096121001200807
0210010100121001200807
0210010118121001200807
0210010126121001200807
0210010134121001200807
0210010142121001200807
0210010150121001200807
0210010169121001200807
0210010169121006200807
0210010177121001200807
0210010185121001200807
0210010193121001200807
0210010207121001200807
0210020016121001200807
0211010022121002200807
0211020010116005200807
0211020028116005200807
0211020036122003200807
0211020044122002200807
0211020060122001200807
0211030015126008200807
0211030023126008200807
0211030031126008200807
0211030040126008200807
0211030058126008200807
0211030066126008200807
0211030074126008200807
0211030082126008200807
0211030090126008200807
0211040037145009200807
0211040061121002200807
0211050024122004200807
0211050032122004200807
0211050040122004200807
0211050059122004200807
0211050067122004200807
0211050083122004200807
0211050091105006200807
0211050105105009200807
0211050148105006200807
0211050156122004200807
0211060011131001200807
0211060020131001200807
0211060038131001200807
0211060054131001200807
0211060062131001200807
0211060070131001200807
0211060089131001200807
0211060097131001200807
0211060100131001200807
0211060119131001200807
0211060127131001200807
0211060135131001200807
0211060143131001200807
0211060151131001200807
0211060160131001200807
0211060178131001200807
0211060186131001200807
0211060194131001200807
0211060208131001200807
0211060216131001200807
0211060224131001200807
0211060232131001200807
0211060240131001200807
0211060259131001200807
0211060267131001200807
0211060275131004200807
0211070017107004200807
0211070025107001200807
0211070025107002200807
0211070025107004200807
0211070033107001200807
0211070033107002200807
0211070041107002200807
0211070041107004200807
0211070041107001200807
0211070050107004200807
0211070068107004200807
0211070076107004200807
0211070084107004200807
0211070092107002200807
0211070092107001200807
0211070106107002200807
0211070114107004200807
0211070122107004200807
0211070130107004200807
0211070149107004200807
0211070157107004200807
0211070165107004200807
0211070173107004200807
0211070181107004200807
0211070190107004200807
0211070203107004200807
0211070203107001200807
0211070203107002200807
0211070211107002200807
0211070211107001200807
0211070211107004200807
0211070220107004200807
0211070238107004200807
0211070246107001200807
0211070246107002200807
0211070246107004200807
0211070254107004200807
0211070262107004200807
0211070270107004200807
0211070289107004200807
0211070297107002200807
0211070297107001200807
0211070300107002200807
0211070319107001200807
0211070319107002200807
0211070327107004200807
0211070335107004200807
0211070343107004200807
0211070351107004200807
0211080012133001200807
0211080020133001200807
0211080039133001200807
0211080047133001200807
0211080055133001200807
0211080063133001200807
0211080071133001200807
0211080080122001200807
0211090034130004200807
0211090042130004200807
0211090050130004200807
0211090069130004200807
0211090077130004200807
0211100013115002200807
0212010018128002200807
0212010026128002200807
0212010034128002200807
0212010042128002200807
0212010050128002200807
0212020013128003200807
0212020021128003200807
0212020030128003200807
0212020048128003200807
0212020056128003200807
0212020064128003200807
0213010011141001200807
0213010020141001200807
0213010038141001200807
0213010046141001200807
0213010054141001200807
0213010062141001200807
0213010070141001200807
0213010089141001200807
0213010097141001200807
0213010100141001200807
0213010119141001200807
0213010127141001200807
0213010135141001200807
0213010143141001200807
0213010151141001200807
0213010160141001200807
0213010178141001200807
0213010186141001200807
0213010194141001200807
0213010208141001200807
0213010216141001200807
0213010224141001200807
0213010232141001200807
0213010240141001200807
0213010259141001200807
0213010267141001200807
0213010275141001200807
0213010283141001200807
0213010291141001200807
0213010305141001200807
0213010313141001200807
0213010321141001200807
0213010330141001200807
0213010348141001200807
0213010356141001200807
0213010364141001200807
0213010372141001200807
0213010380141001200807
0213010399141001200807
0213010402141001200807
0213010410141001200807
0213010429141001200807
0213010437141001200807
0213010445141001200807
0213010453141001200807
0213010470141001200807
0213010488141001200807
0213010496141001200807
0213010500141001200807
0213010518141001200807
0213010526141001200807
0213010534141001200807
0213010542141001200807
0213010550141001200807
0213010569141001200807
0213010577141001200807
0213010585141001200807
0213010593141001200807
0213010607141001200807
0213010615141001200807
0213010623141001200807
0213010631141001200807
0213010640141001200807
0213010658141001200807
0213010666141001200807
0213010674141001200807
0213010682141001200807
0213010690141001200807
0213010704141001200807
0213010712141001200807
0213020017141003200807
0213020025141003200807
0213020033141003200807
0213020041141003200807
0213020050141003200807
0213020068141003200807
0213020076141003200807
0213020084141003200807
0214010023145005200807
0301010013111001200807
0301010021111001200807
0301010099119001200807
0301010102131001200807
0301020019108001200807
0301020027108001200807
0301030022103006200807
0301030030103003200807
0301030049103003200807
0301030049103004200807
0301030057103005200807
0301030057103002200807
0301030081103002200807
0301030090103003200807
0301030103103002200807
0301030111104003200807
0301030120104003200807
0301030138104003200807
0301030146104003200807
0301030154103001200807
0301030162103005200807
0301030162103003200807
0301050015133001200807
0301050031113001200807
0301050040113001200807
0301050066133001200807
0301050074113002200807
0301070016107005200807
0301070024135003200807
0301070032107001200807
0301070040115002200807
0301070067135001200807
0301070067135002200807
0301070067135004200807
0301070075135002200807
0301070083135003200807
0301070091135003200807
0301070105135003200807
0301070113107003200807
0301070121135003200807
0301070130135003200807
0301080011119001200807
0301080038115002200807
0301080046115001200807
0301080054115002200807
0301080062115002200807
0301080070115002200807
0301080089115002200807
0301080097115002200807
0301080100115002200807
0301080119115002200807
0301080127115002200807
0301080135115002200807
0301080160115002200807
0301080178115002200807
0301110018117002200807
0301110026117002200807
0301120056127001200807
0302010017126001200807
0302010025126001200807
0302010033126001200807
0302020012126002200807
0302020020126002200807
0302020039126002200807
0302030018126003200807
0302030026126003200807
0302040013126002200807
0302040013126007200807
0302040013126006200807
0302040013126004200807
0302040021126004200807
0302040030126004200807
0302040048126004200807
0302040056126004200807
0302050019126005200807
0302050027126005200807
0302050035126005200807
0302060014126007200807
0302060022126007200807
0302060030126007200807
0302060049126007200807
0302060057126007200807
0302070010126006200807
0302070028126006200807
0302070036126006200807
0303050012131002200807
0303050020131002200807
0303050039131002200807
0303050047131002200807
0303050055131002200807
0303050063131002200807
0303050071131002200807
0303050080131002200807
0303050098131002200807
0303050101131002200807
0303050110131002200807
0303050128131004200807
0303050136131002200807
0303050144131002200807
0303050152131002200807
0303050160131002200807
0303050179131002200807
0303050187131002200807
0303050195131002200807
0303050209131002200807
0303070013142001200807
0303170050115002200807
0303190019135003200807
0304010014132004200807
0304010022132004200807
0304010030132004200807
0304010049132004200807
0304010057132004200807
0304010065132004200807
0304010073132004200807
0304010081132004200807
0304010090132004200807
0304010103132004200807
0304010111132003200807
0304010111132001200807
0304010111132002200807
0304010111132004200807
0304010120132004200807
0304010138132004200807
0304010146132004200807
0304010154132004200807
0304010162132004200807
0304010170132004200807
0304010189132004200807
0304010197132004200807
0304010200132004200807
0304010219132004200807
0304010227132004200807
0304010235132004200807
0304010243132004200807
0304010260132004200807
0304010286132004200807
0304010294132004200807
0304010308132004200807
0304010316132004200807
0304010324132004200807
0304010332132004200807
0304020010132003200807
0304020028132003200807
0304020036132003200807
0304020044132003200807
0304020052132003200807
0304020060132003200807
0304020079132003200807
0304020087132003200807
0304020095132003200807
0304020109132003200807
0304020117132003200807
0304020125132003200807
0304020133132003200807
0304020141132003200807
0304020150132003200807
0304020168132003200807
0304020176132003200807
0304020184132003200807
0304020192132003200807
0304020206132003200807
0304020214132003200807
0304020222132003200807
0304020230132003200807
0304020249132003200807
0304020257132003200807
0304020265132003200807
0304020273132003200807
0304020281132003200807
0304020290132003200807
0304020303132003200807
0304020311132003200807
0304020320132003200807
0304020338132003200807
0304020346132003200807
0304020354132003200807
0304020362132003200807
0304020370132003200807
0304030015132003200807
0304030015132002200807
0304030023132003200807
0304030023132002200807
0304030031132002200807
0304030031132003200807
0304030040132002200807
0304030040132003200807
0304030058132002200807
0304030058132003200807
0304030066132003200807
0304030066132002200807
0304030074132002200807
0304030074132003200807
0304030082132002200807
0304030082132003200807
0304030090132003200807
0304030090132002200807
0304030104132003200807
0304030104132002200807
0304030112132003200807
0304030112132002200807
0304030120132002200807
0304030120132003200807
0304030139132002200807
0304030139132003200807
0304030147132003200807
0304030147132002200807
0304030155132003200807
0304030155132002200807
0304030163132002200807
0304030163132003200807
0304030171132002200807
0304030171132003200807
0304030180132003200807
0304030180132002200807
0304030198132002200807
0304030198132003200807
0304030201132002200807
0304030201132003200807
0304030210132003200807
0304030210132002200807
0304040010132003200807
0304040029132003200807
0304040037132003200807
0304040045132003200807
0304040053132003200807
0304040061132003200807
0304040070132003200807
0304040088132003200807
0304040096132003200807
0304040100132003200807
0304040118132003200807
0304040126132003200807
0304040134132003200807
0304040142132003200807
0304040150132003200807
0304040169132003200807
0304050016132003200807
0304050024132003200807
0304050032132003200807
0304050040132003200807
0304050067132003200807
0304050075132003200807
0304050113132003200807
0304050121132003200807
0304050130132003200807
0304050148132003200807
0304050164132003200807
0304050172132003200807
0304050180132003200807
0304050202132003200807
0304050210132003200807
0304050229132003200807
0304060011132003200807
0304060011132002200807
0304060038132003200807
0304060038132002200807
0304060046132003200807
0304060046132002200807
0304060054132003200807
0304060054132002200807
0304060062132003200807
0304060062132002200807
0304060070132002200807
0304060070132003200807
0304060089132003200807
0304060089132002200807
0304060097132002200807
0304060097132003200807
0304060100132002200807
0304060100132003200807
0304060119132002200807
0304060119132003200807
0304060127132003200807
0304060127132002200807
0304060135132002200807
0304060135132003200807
0304060151132003200807
0304060160132003200807
0304060178132003200807
0304060186132003200807
0304060194132003200807
0304060208132003200807
0304060216132003200807
0304070017132001200807
0304070017132002200807
0304070017132003200807
0304070025132002200807
0304070025132001200807
0304070025132003200807
0304070033132002200807
0304070033132003200807
0304070033132001200807
0304070041132003200807
0304070041132001200807
0304070041132002200807
0304070050132001200807
0304070050132003200807
0304080012132003200807
0304080012132001200807
0304080012132002200807
0304080020132002200807
0304080020132003200807
0304080020132001200807
0304080039132001200807
0304080039132002200807
0304080039132003200807
0304080047132003200807
0304080055132002200807
0304080055132001200807
0304080055132003200807
0304080063132003200807
0304080071132001200807
0304080071132002200807
0304080071132003200807
0304090018151001200807
0304090026151001200807
0304090034151001200807
0304090042151001200807
0304100013132003200807
0304100013132002200807
0304100013132001200807
0305010018130001200807
0305010026130001200807
0305010034130001200807
0305010042130001200807
0305010050130001200807
0305010069130001200807
0305010077130001200807
0305010085130001200807
0305010093130001200807
0305010107130001200807
0305010115130001200807
0305010123130001200807
0305010166130001200807
0306010011128001200807
0306010020128001200807
0306010038128001200807
0306020017128004200807
0306020025128004200807
0306020033128004200807
0306020041128003200807
0306020050128004200807
0306020068128004200807
0306020076128004200807
0306020084128004200807
0306020092128004200807
0306020106128004200807
0306020114128004200807
0306020122128004200807
0306020130128004200807
0306020149128004200807
0306020157128004200807
0309010012136002200807
0309010012136003200807
0309010020136002200807
0309010020136003200807
0309010039136001200807
0309010039136003200807
0309010039136002200807
0309010047136002200807
0309010047136001200807
0309010047136003200807
0309010055136002200807
0309010055136003200807
0309010055136001200807
0309010063136002200807
0309010063136001200807
0309010063136003200807
0309010071136002200807
0309010071136003200807
0309010080136003200807
0309010080136002200807
0309010098136003200807
0309010098136002200807
0309010101136002200807
0309010101136003200807
0309010101136001200807
0309030056142003200807
0309030064142003200807
0309030102130002200807
0309030110130002200807
0309030129130002200807
0309030137130002200807
0309050014134001200807
0309050022134001200807
0309050030134003200807
0403020026138002200807
0403020026105002200807
0403020026138005200807
0403020026138001200807
0403020131138005200807
0403020131138002200807
0403020131138001200807
0403020131105002200807
0405010010131003200807
0405010028131003200807
0405010036131003200807
0405010044131003200807
0405010052131003200807
0405010060131003200807
0405010079131003200807
0405010087131003200807
0405010109131003200807
0405010117131003200807
0405010125132005200807
0405010125132001200807
0405010125131003200807
0405010133132001200807
0405010133131003200807
0405010133132005200807
0405010141131003200807
0405010150131003200807
0405010168131003200807
0405010176131003200807
0405010184131003200807
0405010192131003200807
0405010206131003200807
0405020015131003200807
0405020023131003200807
0405030010132005200807
0405030010131003200807
0405030010132001200807
0405030029131003200807
0405030037131003200807
0405030045131003200807
0405030053131003200807
0405030070131003200807
0405030096131003200807
0405030100131003200807
0405030118131003200807
0405030126131003200807
0405030126132005200807
0405030126132001200807
0405030134131003200807
0405030142131003200807
0405030150131003200807
0405030169131003200807
0405030177131003200807
0405030185131003200807
0405030193131003200807
0405030207131003200807
0405030215131003200807
0405030223131003200807
0405030231131003200807
0405040016131003200807
0405040024132005200807
0405040024131003200807
0405040024132001200807
0405040040131003200807
0405040059131003200807
0405040067132001200807
0405040067132005200807
0405040067131003200807
0405040075132001200807
0405040075132005200807
0405040075131003200807
0405040083131003200807
0405040083132005200807
0405040083132001200807
0405040091132001200807
0405040091132005200807
0405040091131003200807
0405040105131003200807
0405040130131003200807
0405040148131003200807
0405040148132005200807
0405040148132001200807
0405040156132001200807
0405040156131003200807
0405040156132005200807
0405040164132005200807
0405040164131003200807
0405040164132001200807
0405040180131003200807
0405040199131003200807
0405040202131003200807
0405040210131003200807
0405050011131003200807
0405050020131003200807
0405050038131003200807
0405050046131003200807
0405050054131003200807
0405050062131003200807
0405050070131003200807
0405050089131003200807
0405050089132005200807
0405050089132001200807
0405050097131003200807
0405050100131003200807
0405050119131003200807
0405050127131003200807
0405050135131003200807
0405050143131003200807
0405050151131003200807
0405050160131003200807
0405050178131003200807
0405050186131003200807
0405050194131003200807
0405050208131003200807
0405050208132001200807
0405050208132005200807
0405050216131003200807
0405050224131003200807
0405050232131003200807
0405050240131003200807
0405050259131003200807
0405050267131003200807
0405050283131003200807
0405050291131003200807
0405050305131003200807
0405050313131003200807
0405050321131003200807
0405050356131003200807
0405050364131003200807
0405050372131003200807
0405050380131003200807
0405050399131003200807
0406010129116002200807
0406010617116002200807
0406010617116005200807
0406010722116002200807
0407030085121006200807
0407030093121006200807
0407030107121006200807
0407030115121006200807
0407030239121006200807
0409010189130002200807
0413010015140002200807
0413010015117002200807
0413010015140001200807
0413010031117002200807
0413010040117002200807
0413010058117002200807
0413010066140001200807
0413010066140002200807
0413010066117002200807
0413010074117002200807
0413010082140001200807
0413010082117002200807
0413010082140002200807
0413010090117002200807
0413010090140001200807
0413010090140002200807
0413010090140003200807
0413030016117001200807
0413030024117001200807
0413030032117001200807
0413030040117001200807
0413030040117002200807
0413030059117001200807
0413030067117001200807
0413030075117001200807
0413030083117001200807
0413040038127001200807
0413040054127001200807
0413040062127001200807
0413040070127001200807
0413040089127001200807
0414010019114006200807
0414020189114005200807
0415020018127001200807
0416010016132005200807
0416010024132005200807
0416010032132005200807
0416010040132005200807
0416010059132005200807
0416010067132005200807
0416010075132005200807
0416010083132005200807
0416010091132005200807
0416010105132005200807
0416010113132005200807
0416010121132005200807
0416010130132005200807
0416010148132005200807
0416010156132005200807
0416010164132005200807
0416010172132005200807
0416010180132005200807
0416010199132005200807
0416020011132005200807
0416020020132005200807
0416020038132005200807
0416020046132005200807
0416020054132005200807
0416020062132005200807
0416020070132005200807
0416020089132005200807
0416020097132005200807
0416020100132005200807
0416020119132005200807
0416020127132005200807
0416020135132005200807
0416020143132005200807
0416030017132005200807
0416030025132005200807
0416030033132005200807
0416030041132005200807
0416030050132005200807
0416030068132005200807
0416030076132005200807
0416030084132005200807
0416030092132005200807
0416030106132005200807
0416030114132005200807
0416030122132005200807
0416030130132005200807
0416040012132005200807
0416040020132005200807
0416040039132005200807
0416040047132005200807
0416040055132005200807
0416040063132005200807
0416040071132005200807
0416040080132005200807
0416040098132005200807
0416040101132005200807
0416040110132005200807
0416040128132005200807
0416040136132005200807
0416040144132005200807
0416040152132005200807
0416040160132005200807
0416050018132005200807
0416050026132005200807
0416050034132005200807
0416050042132005200807
0416050050132005200807
0416050069132005200807
0416050077132005200807
0416050085132005200807
0416060013132005200807
0416060021132005200807
0416060030132005200807
0416060048132005200807
0416060056132005200807
0416060064132005200807
0416060072132005200807
0416060080132005200807
0416060099132005200807
0416060102132005200807
0416070027132005200807
0416070035132005200807
0416080014132005200807
0416080022132005200807
0416080030132005200807
0416080049132005200807
0416080057132005200807
0416080065132005200807
0416080073132005200807
0416080081132005200807
0416080090132005200807
0416080103132005200807
0416090010132005200807
0416090028132005200807
0416090036132005200807
0416090044132005200807
0416090052132005200807
0416090060132005200807
0416090079132005200807
0416090087132005200807
0416090095132005200807
0416090109132005200807
0416110010132005200807
0416110029132005200807
0416110037132005200807
0416110045132005200807
0416110053132005200807
0416120016132005200807
0416120024132005200807
0416120032132005200807
0416120040132005200807
0416120059132005200807
0416130011132005200807
0416130020132005200807
0416130038132005200807
0416130046132005200807
0416130054132005200807
0416130062132005200807
0418010013150002200807
0418010021150002200807
0418010030150001200807
0418010048130003200807
0418010064130003200807
0418010080130003200807
0418010099130003200807
0418020019130003200807
0418020027130003200807
0418020035130003200807
0501010017128001200807
0501070028145003200807
0501080031145008200807
0506010023149014200807
0601010019125001200807
0601010027125001200807
0601010035125001200807
0601010043125001200807
0601020014125001200807
0601030010125001200807
0601030028125001200807
0601040015125001200807
0601040023125001200807
0601040031125001200807
0601040040125001200807
0601040058125001200807
0601050010125001200807
0601050029125001200807
0601050037125001200807
0601050045125001200807
0601050053125001200807
0601050061125001200807
0601050070125001200807
0601050088125001200807
0601050096125001200807
0601050100125001200807
0601050118125001200807
0601050126125001200807
0601050134125001200807
0601050142125001200807
0601050150125001200807
0601050169125001200807
0601060016125001200807
0601060024125001200807
0601070011125001200807
0601070020125001200807
0601070038125001200807
0601070046125001200807
0601070054125001200807
0601070062125001200807
0601070070125001200807
0601070089125001200807
0601080017125001200807
0601080025125001200807
0601080033125001200807
0601090012125001200807
0601090020125001200807
0601090039125001200807
0601090047125001200807
0601090055125001200807
0601090063125001200807
0601090080125001200807
0601090098125001200807
0601090101125001200807
0601100018125001200807
0601100026125001200807
0601100034125001200807
0601100042125001200807
0601100050125001200807
0601100069125001200807
0601100077125001200807
0601100085125001200807
0601100093125001200807
0601100107125001200807
0601100115125001200807
0601100123125001200807
0601100131125001200807
0601100140125001200807
0601100158125001200807
0601100166125001200807
0601110013125001200807
0601110021125001200807
0601110030125001200807
0601110048125001200807
0601110056125001200807
0601110064125001200807
0601110072125001200807
0601110080125001200807
0601110099125001200807
0601110102125001200807
0601110110125001200807
0601120019125001200807
0601120027125001200807
0601120035125001200807
0601130014125001200807
0601130022125001200807
0601140010125001200807
0601140028125001200807
0601140036125001200807
0601140044125001200807
0601150015125001200807
0601150023125001200807
0601160010125001200807
0601160029125001200807
0601160037125001200807
0601170016125001200807
0601170024125001200807
0601170032125001200807
0601170040125001200807
0601170059125001200807
0601170067125001200807
0601170075125001200807
0601170083125001200807
0601170091125001200807
0601170105125001200807
0601170113125001200807
0601170121125001200807
0601170130125001200807
0601170148125001200807
0601180011125001200807
0601180020125001200807
0601180038125001200807
0601180046125001200807
0601180054125001200807
0601180062125001200807
0601180070125001200807
0601180089125001200807
0601180097125001200807
0601180100125001200807
0601180119125001200807
0601180127125001200807
0601180135125001200807
0601180143125001200807
0601180151125001200807
0601180160125001200807
0601180178125001200807
0601180186125001200807
0601180194125001200807
0601180208125001200807
0601180216125001200807
0601180224125001200807
0601180232125001200807
0601190017125001200807
0601190025125001200807
0601190033125001200807
0601190041125001200807
0601190050125001200807
0601190068125001200807
0601190076125001200807
0601190084125001200807
0601190092125001200807
0601190106125001200807
0601190114125001200807
0601190122125001200807
0601200012125001200807
0601200020125001200807
0601200039125001200807
0601200047125001200807
0601200055125001200807
0601200063125001200807
0601200071125001200807
0601200080125001200807
0601200098125001200807
0601200101125001200807
0601200110125001200807
0601200128125001200807
0601200136125001200807
0601200144125001200807
0601200152125001200807
0601200160125001200807
0601200179125001200807
0601210018125001200807
0601210026125001200807
0601210034125001200807
0601210042125001200807
0601210050125001200807
0601210069125001200807
0601210077125001200807
0601210085125001200807
0601210093125001200807
0601220013125001200807
0601220021125001200807
0601220030125001200807
0601220048125001200807
0601220056125001200807
0601220064125001200807
0601220072125001200807
0601230019125001200807
0601240014125001200807
0601240022125001200807
0601250010125001200807
0601250028125001200807
0601250036125001200807
0601260015125001200807
0601270010125001200807
0601270029125001200807
0601270037125001200807
0601270045125001200807
0601270053125001200807
0601280016125001200807
0601280024125001200807
0601290011125001200807
0601300017125001200807
0601300025125001200807
0601300033125001200807
0601300041125001200807
0601310012125001200807
0601310020125001200807
0601320018125001200807
0601320026125001200807
0601330013125001200807
0601330021125001200807
0601330030125001200807
0601330048125001200807
0601340019125001200807
0601350014125001200807
0601350022125001200807
0601350030125001200807
0601350049125001200807
0601350057125001200807
0601350065125001200807
0601350073125001200807
0601350081125001200807
0601350090125001200807
0601350103125001200807
0601350111125001200807
0601350120125001200807
0601350138125001200807
0601350146125001200807
0601360010125001200807
0601360028125001200807
0601360036125001200807
0601360044125001200807
0601360052125001200807
0601360060125001200807
0601360079125001200807
0602010012125004200807
0602010020125004200807
0602010039125004200807
0602010047125004200807
0602010055125004200807
0602010063125004200807
0602010071125004200807
0602010080125004200807
0602010098125004200807
0602010110125004200807
0602010128125004200807
0602010136125004200807
0602010144125004200807
0602010152125004200807
0602010160125004200807
0603010016125006200807
0603020011125006200807
0603020020125006200807
0603020038125006200807
0603020046125006200807
0603020054125006200807
0603020062125006200807
0603020070125006200807
0603020089125006200807
0603020097125006200807
0603020100125006200807
0603030017125006200807
0603030025125006200807
0603030033125006200807
0603030041125006200807
0603040012125006200807
0603050018125006200807
0603050026125006200807
0603050034125006200807
0603060013125006200807
0603070019125006200807
0603070027125006200807
0603070035125006200807
0603070043125006200807
0603070051125006200807
0603080014125006200807
0603080022125006200807
0603080030125006200807
0603080049125006200807
0603080057125006200807
0603080065125006200807
0603080073125006200807
0603080081125006200807
0603080090125006200807
0603080103125006200807
0603080111125006200807
0603080120125006200807
0603080138125006200807
0603080146125006200807
0603080154125006200807
0603080162125006200807
0603080170125006200807
0603080189125005200807
0603080197125006200807
0603080200125006200807
0603080219125006200807
0603080227125006200807
0701010010123001200807
0701010029123001200807
0701010037123001200807
0701010045123001200807
0701010053123001200807
0701010061123001200807
0701010070123001200807
0701010088123001200807
0701010096123001200807
0701010100123001200807
0701010118123001200807
0701010126123001200807
0701010134123001200807
0701010142123001200807
0701010150123001200807
0701010169123001200807
0701010177123001200807
0701020016123002200807
0701020024123002200807
0701020032123002200807
0701020040123002200807
0701020059123002200807
0701020067123002200807
0701020075123002200807
0701020083123002200807
0701020091123002200807
0701020105123002200807
0701020113123002200807
0701020121123002200807
0701020130123002200807
0701020148123002200807
0701020156123002200807
0701020164123002200807
0701020172123002200807
0701020180123002200807
0701020199123002200807
0701020202123002200807
0701020210123002200807
0701020229123002200807
0701020237123002200807
0701020245123002200807
0701020253123002200807
0701020261123002200807
0701020270123002200807
0701020288123002200807
0701020296123002200807
0701020300123002200807
0701020318123002200807
0701020326123002200807
0701020334123002200807
0701020342123002200807
0701020350123002200807
0701020369123002200807
0701020377123002200807
0701020385123002200807
0701020393123002200807
0701020407123002200807
0701020415123002200807
0701020423123002200807
0701020431123002200807
0701020440123002200807
0701020458123002200807
0701020466123002200807
0701020474123002200807
0701020482123002200807
0701020490123002200807
0701020504123002200807
0701020512123002200807
0701020520123002200807
0701020539123002200807
0701020547123002200807
0701020555123002200807
0701020563123002200807
0701030011123003200807
0701030020123003200807
0701030038123003200807
0701030046123003200807
0701030054123003200807
0701030062123003200807
0701030070123003200807
0701030089123003200807
0701030097123003200807
0701030100123003200807
0701030119123003200807
0701030127123003200807
0701030135123003200807
0701030143123003200807
0701030151123003200807
0701030160123003200807
0701030178123003200807
0701030186123003200807
0701030194123003200807
0701030208123003200807
0701030216123003200807
0701030224123003200807
0701030232123003200807
0701030240123003200807
0701030259123003200807
0701030267123003200807
0701030275123003200807
0701030283123003200807
0701030291123003200807
0701040017123004200807
0701040025123004200807
0701040033123004200807
0701040041123004200807
0701040050123004200807
0701040068123004200807
0701040076123012200807
0701040084123012200807
0701040092123004200807
0701040106123004200807
0701040114123004200807
0701040122123004200807
0701040130123004200807
0701050020123005200807
0701050047123005200807
0701060026123006200807
0701060034123006200807
0701060042123006200807
0701070013123007200807
0701070021123007200807
0701070030123007200807
0701070048123007200807
0701070056123007200807
0701070064123007200807
0701070072123007200807
0701070080123007200807
0701070099123007200807
0701070102123007200807
0701070110123007200807
0701070129123007200807
0701070137123007200807
0701070145123007200807
0701080019123008200807
0701080019123007200807
0701080027123008200807
0701080035123008200807
0701080043123008200807
0701080051123008200807
0701080060123008200807
0701080078123008200807
0701080086123008200807
0701080094123008200807
0701080108123008200807
0701090014123009200807
0701090022123009200807
0701090030123009200807
0701090049123009200807
0701090057123009200807
0701090065123009200807
0701090073123009200807
0701090081123009200807
0701090090123009200807
0701100010123010200807
0701100028123010200807
0701100036123010200807
0701100044123010200807
0701100052123010200807
0701100060123010200807
0701100079123010200807
0701100087123010200807
0701100095123010200807
0701100109123010200807
0702070041131002200807
0702070050131002200807
0702100013130001200807
0702100021130001200807
0702100030130001200807
0702100048130001200807
0702100056130001200807
0702100064130001200807
0702100072130001200807
0702100080130001200807
0702100099130001200807
0702100102130001200807
0803010010104004200807
0803010010104005200807
0803010028104004200807
0803010028104005200807
0803010036104005200807
0803010044104004200807
0803010044104005200807
0803010052104004200807
0803010052104005200807
0803010060104005200807
0803010079104004200807
0803010079104005200807
0803010087104005200807
0803010087104004200807
0803010095104005200807
0803010095104004200807
0803010109104005200807
0803010109104004200807
0803010117104005200807
0803010117104004200807
0803010125104004200807
0803010125104005200807
0803010133104005200807
0803010141104005200807
