0201010038001200807
0201010038004200807
0201010097004200807
0201010119004200807
0201010127001200807
0201010127004200807
0201010135001200807
0201010135004200807
0201010143005200807
0201010160008200807
0201010186004200807
0201010208001200807
0201010240004200807
0201010259001200807
0201010267001200807
0201010305001200807
0201010313001200807
0201010313008200807
0201010321001200807
0201010330001200807
0201010402001200807
0201010534001200807
0201010534006200807
0201010534004200807
0201010577004200807
0201010577001200807
0201010577006200807
0202030024009200807
0202031071009200807
0203010027005200807
0204020018005200807
0204030048005200807
0205010016005200807
0205010024005200807
0205010032005200807
0205020011005200807
0205020038005200807
0205020054005200807
0205020070005200807
0205020089005200807
0205020119005200807
0205020127005200807
0205020135005200807
0205020160005200807
0205020178005200807
0205020194005200807
0206010010005200807
0206010028005200807
0206010036005200807
0206010044005200807
0206010060005200807
0206010079005200807
0206020031005200807
0206020040005200807
0206030010005200807
0206030037005200807
0207010013005200807
0207010021005200807
0207010030005200807
0207010048005200807
0207010056005200807
0207020019005200807
0207020027005200807
0207020035005200807
0207030014005200807
0207030022005200807
0207030030005200807
0208010025005200807
0208010033005200807
0208010041005200807
0208010050005200807
0208010068005200807
0208010076005200807
0208010084005200807
0208010092005200807
0208020012005200807
0208020020005200807
0208020039005200807
0208020055005200807
0208020063005200807
0208020071005200807
0208020080005200807
0208020098005200807
0208020101005200807
0208020110005200807
0208020128005200807
0208030018005200807
0208030026005200807
0208030034005200807
0208030042005200807
0208030050005200807
0208040021005200807
0208040030005200807
0208040056005200807
0208040064005200807
0208040072005200807
0208040080005200807
0208040099005200807
0208040102005200807
0208050019005200807
0208050035005200807
0208050043005200807
0208060014005200807
0208060022005200807
0208060030005200807
0208070010005200807
0208070028005200807
0208070036005200807
0208070044005200807
0208080015005200807
0208080023005200807
0208080031005200807
0208080040005200807
0208090010005200807
0208090029005200807
0208090037005200807
0209010010005200807
0209010029005200807
0209010037005200807
0209010045005200807
0209040033004200807
0209040033001200807
0209040050005200807
0209040050001200807
0209040050004200807
0210010010005200807
0210010045005200807
0210010053005200807
0210010061005200807
0210010070005200807
0210010096005200807
0210010100005200807
0210010118005200807
0210010126005200807
0210010134005200807
0210010142005200807
0210010150005200807
0210010193005200807
0210020016005200807
0211020010006200807
0211020028001200807
0211020028006200807
0211030015005200807
0211030023005200807
0211030031005200807
0211030040005200807
0211030058005200807
0211030066005200807
0211030074005200807
0211030082005200807
0211030090005200807
0211050091001200807
0211050091005200807
0211050091006200807
0211050105005200807
0211050148006200807
0301010013012200807
0301010021012200807
0301010030012200807
0301010048012200807
0301010056012200807
0301010064012200807
0301010072012200807
0301010080012200807
0301010099012200807
0301010110012200807
0301010129012200807
0301010137012200807
0301010145005200807
0301010153012200807
0301050074008200807
0301050074007200807
0301060070008200807
0301060088008200807
0301090017007200807
0301090025007200807
0301120056006200807
0302010017005200807
0302010025005200807
0302010033005200807
0302020012005200807
0302020020005200807
0302020039005200807
0302030018005200807
0302030026005200807
0302040013005200807
0302040021005200807
0302040030005200807
0302040048005200807
0302040056005200807
0302050019005200807
0302050027005200807
0302050035005200807
0302060014005200807
0302060022005200807
0302060030005200807
0302060049005200807
0302060057005200807
0302070010005200807
0302070028005200807
0302070036005200807
0303010010004200807
0303010029004200807
0303010037004200807
0303010045004200807
0303010053004200807
0303010061004200807
0303010070004200807
0303010088004200807
0303010096004200807
0303010100004200807
0303010118004200807
0303010126004200807
0303010134004200807
0303010142004200807
0303010150004200807
0303010169004200807
0303010177004200807
0303010185004200807
0303010193004200807
0303010207004200807
0303010215007200807
0303010215003200807
0303020032004200807
0303020040004200807
0303020059004200807
0303020067004200807
0303020075004200807
0303020083004200807
0303030011007200807
0303030020004200807
0303030038011200807
0303030038004200807
0303030046004200807
0303030054004200807
0303030062004200807
0303040017004200807
0303040025004200807
0303040033004200807
0303040041004200807
0303040050004200807
0303040068004200807
0303040076004200807
0303040084004200807
0303040092004200807
0303040106004200807
0303040114004200807
0303040122004200807
0303040130004200807
0303040149004200807
0303040157004200807
0303040165004200807
0303040165011200807
0303040173004200807
0303040181004200807
0303040190004200807
0303040203004200807
0303040211004200807
0303040220004200807
0303040238004200807
0303040246004200807
0303040254004200807
0303040262004200807
0303040270004200807
0303040289004200807
0303040297004200807
0303060018004200807
0303060026011200807
0303060026004200807
0303060034004200807
0303060042011200807
0303060042004200807
0303060050004200807
0303060069004200807
0303060085004200807
0303060093004200807
0303060093011200807
0303060107011200807
0303060107004200807
0303060115004200807
0303060123004200807
0303060131004200807
0303060140004200807
0303060158004200807
0303060166004200807
0303060174004200807
0303060182004200807
0303060182011200807
0303060190004200807
0303060204004200807
0303060212004200807
0303060220004200807
0303060239004200807
0303060247004200807
0303060255004200807
0303060263004200807
0303060271004200807
0303060280011200807
0303060298004200807
0303060301004200807
0303070064004200807
0303070072004200807
0303070080004200807
0303070099004200807
0303070102004200807
0303070110004200807
0303070129004200807
0303080043004200807
0303080051011200807
0303080051004200807
0303080060004200807
0303080078004200807
0303080086004200807
0303080094004200807
0303090138004200807
0303090197004200807
0303090200004200807
0303090235004200807
0303090243004200807
0303090286004200807
0303090294004200807
0303090316004200807
0303090324004200807
0303090332004200807
0303090340004200807
0303090359004200807
0303090367004200807
0303090375004200807
0303100010004200807
0303100028004200807
0303100036004200807
0303100044004200807
0303100052004200807
0303110015004200807
0303110023004200807
0303110031004200807
0303110040004200807
0303110058004200807
0303110066004200807
0303110074004200807
0303110082004200807
0303110090004200807
0303110104004200807
0303110112004200807
0303130016008200807
0303130016003200807
0303130016007200807
0303130024007200807
0303130024008200807
0303130024003200807
0303130032003200807
0303130032008200807
0303130032007200807
0303130040003200807
0303130040007200807
0303130040008200807
0303130059007200807
0303130059003200807
0303130059008200807
0303130067007200807
0303130067008200807
0303130067003200807
0303130075003200807
0303130075008200807
0303130075007200807
0303130083007200807
0303130083003200807
0303140020004200807
0303140038004200807
0303140046004200807
0303140046011200807
0303140054004200807
0303140054011200807
0303140062004200807
0303140070004200807
0303140089004200807
0303140089011200807
0303140097004200807
0303140100004200807
0303140119004200807
0303140127004200807
0303140135004200807
0303140135011200807
0303140143004200807
0303140151004200807
0303150017004200807
0303150025004200807
0303150033004200807
0303150041004200807
0303150050004200807
0303150068004200807
0303160012004200807
0303160020004200807
0303160039004200807
0303160047004200807
0303160055004200807
0303160063004200807
0303160071004200807
0303170018008200807
0303170034007200807
0303170042007200807
0303170050007200807
0303170069007200807
0303170077007200807
0303170077003200807
0303170077008200807
0303170085007200807
0303170085008200807
0303170093003200807
0303170093007200807
0303170093008200807
0303170107007200807
0303180013008200807
0303180013004200807
0303180030004200807
0303180048004200807
0303180056004200807
0303180064004200807
0303180072007200807
0303190019007200807
0303190019008200807
0304010014009200807
0304010022009200807
0304010030009200807
0304010049006200807
0304010057006200807
0304010065006200807
0304010073009200807
0304010090009200807
0304010103009200807
0304010111007200807
0304010111006200807
0304010120009200807
0304010138009200807
0304010146009200807
0304010162006200807
0304010162004200807
0304010170001200807
0304010219006200807
0304010219009200807
0304010227006200807
0304010227009200807
0304010235009200807
0304010243009200807
0304010243006200807
0304010260009200807
0304010286009200807
0304010294009200807
0304010324006200807
0304010324001200807
0304010324004200807
0304010332006200807
0304010332001200807
0304020010009200807
0304020028009200807
0304020036009200807
0304020044009200807
0304020052009200807
0304020060009200807
0304020079009200807
0304020087009200807
0304020095009200807
0304020109009200807
0304020117009200807
0304020125009200807
0304020133009200807
0304020141009200807
0304020150009200807
0304020168009200807
0304020176009200807
0304020184009200807
0304020192009200807
0304020206009200807
0304020214009200807
0304020222009200807
0304020230009200807
0304020249009200807
0304020257009200807
0304020265009200807
0304020273009200807
0304020281009200807
0304020290009200807
0304020303009200807
0304020311009200807
0304020320009200807
0304020338009200807
0304020346009200807
0304020354009200807
0304020362009200807
0304020370009200807
0304030015009200807
0304030023009200807
0304030031009200807
0304030040009200807
0304030058009200807
0304030066009200807
0304030074009200807
0304030082009200807
0304030090009200807
0304030104009200807
0304030112009200807
0304030120009200807
0304030139009200807
0304030147009200807
0304030155009200807
0304030163009200807
0304030171009200807
0304030180009200807
0304030198009200807
0304030201009200807
0304030210009200807
0304040010009200807
0304040029009200807
0304040037009200807
0304040045009200807
0304040053009200807
0304040061009200807
0304040070009200807
0304040088009200807
0304040096009200807
0304040100009200807
0304040118009200807
0304040126009200807
0304040134009200807
0304040142009200807
0304040150009200807
0304040169009200807
0304050016009200807
0304050024009200807
0304050032009200807
0304050040009200807
0304050067009200807
0304050075009200807
0304050113009200807
0304050121009200807
0304050130009200807
0304050148009200807
0304050164009200807
0304050172009200807
0304050180009200807
0304050202009200807
0304050210009200807
0304050229009200807
0304060011009200807
0304060038009200807
0304060046009200807
0304060054009200807
0304060062009200807
0304060070009200807
0304060089009200807
0304060097009200807
0304060100009200807
0304060119009200807
0304060127009200807
0304060135009200807
0304060151009200807
0304060160009200807
0304060178009200807
0304060186009200807
0304060194009200807
0304060208009200807
0304060216009200807
0304070017009200807
0304070025009200807
0304070033009200807
0304070041009200807
0304070050009200807
0304080020006200807
0304080039006200807
0304080039004200807
0304080047006200807
0304080055009200807
0304080063006200807
0304080071009200807
0304090018006200807
0304090018004200807
0304090026006200807
0304090034006200807
0304100013004200807
0305010026009200807
0305010069009200807
0305010085009200807
0305010107009200807
0305010115009200807
0305010131005200807
0305010166009200807
0305010174007200807
0305010182009200807
0305020013004200807
0305020021004200807
0305020030011200807
0305020030004200807
0305020048004200807
0305020056004200807
0308010019004200807
0308010019011200807
0308010027004200807
0308010027011200807
0308010035004200807
0308010043004200807
0308020022004200807
0308020022011200807
0308020030011200807
0308020030004200807
0308030010011200807
0308030010004200807
0308030028004200807
0308030028011200807
0308030036011200807
0308030036004200807
0308040015011200807
0308040015004200807
0308040023004200807
0309010020001200807
0309010039001200807
0310010020005200807
0310010039004200807
0310010039010200807
0310010047004200807
0310010047010200807
0401010031001200807
0401010058009200807
0401010066001200807
0401010074001200807
0401010090001200807
0401010112001200807
0401010120001200807
0401010139001200807
0401020010001200807
0401020010004200807
0401020029004200807
0401020029001200807
0401020037004200807
0401020037001200807
0401020045004200807
0401020045001200807
0401020053001200807
0401020053004200807
0401020061001200807
0401020061004200807
0401020070001200807
0401020070004200807
0401020088002200807
0401020088004200807
0401020088001200807
0401020096004200807
0401020096001200807
0401020100001200807
0401020100004200807
0401020118004200807
0401020118001200807
0401020126004200807
0401020126001200807
0401020134001200807
0401020142001200807
0401020142004200807
0401020150004200807
0401020150001200807
0401020169001200807
0401020169004200807
0402010019001200807
0402010019004200807
0402010027001200807
0402010027004200807
0402010035002200807
0402010035004200807
0402010035001200807
0402010043001200807
0402010043004200807
0402010051004200807
0402010051001200807
0402020014001200807
0402020014004200807
0402020022001200807
0402020022004200807
0403010012001200807
0403010012004200807
0403010020004200807
0403010020001200807
0403010039001200807
0403010039004200807
0403010047004200807
0403010047001200807
0403010055004200807
0403010055001200807
0403010063001200807
0403010063004200807
0403010071004200807
0403010071001200807
0403010080004200807
0403010080001200807
0403010098004200807
0403010098001200807
0403010101001200807
0403010101004200807
0403010110001200807
0403010110004200807
0403010128004200807
0403010128001200807
0403010136004200807
0403010136001200807
0403010144004200807
0403010144001200807
0403010152001200807
0403010152004200807
0403010160004200807
0403010160001200807
0403010179001200807
0403010179004200807
0403010187001200807
0403010187004200807
0403010195004200807
0403010195001200807
0403010209001200807
0403010209004200807
0403010217004200807
0403010217001200807
0403010225004200807
0403010225001200807
0403010233004200807
0403010233001200807
0403010241004200807
0403010241001200807
0403010250001200807
0403010250004200807
0403010268004200807
0403010268001200807
0403010276004200807
0403010276001200807
0403010284004200807
0403010284001200807
0403010292004200807
0403010292001200807
0403010306001200807
0403010306004200807
0403010314004200807
0403010314001200807
0403010322004200807
0403010322006200807
0403010322001200807
0403010330004200807
0403010330001200807
0403010349001200807
0403010349004200807
0403010357004200807
0403010357001200807
0403010365001200807
0403010365004200807
0403020018001200807
0403020018006200807
0403020026006200807
0403020026001200807
0403020034006200807
0403020034001200807
0403020042001200807
0403020042006200807
0403020050006200807
0403020050001200807
0403020069001200807
0403020069006200807
0403020077001200807
0403020085001200807
0403020093001200807
0403020107001200807
0403020115001200807
0403020123002200807
0403020123001200807
0403020123004200807
0403020131006200807
0403020131001200807
0403030013004200807
0403030013001200807
0403030021004200807
0403030021001200807
0403030030001200807
0403030030004200807
0403030048004200807
0403030048001200807
0403030056004200807
0403030056001200807
0403030056006200807
0403030064001200807
0403030064004200807
0403030064006200807
0403030072001200807
0403030072006200807
0403030072004200807
0403030080004200807
0403030080001200807
0403030099006200807
0403030099001200807
0403030099004200807
0403030102001200807
0403030102006200807
0403030102004200807
0403030110001200807
0403030110004200807
0403030129001200807
0403030129004200807
0403030137004200807
0403030137001200807
0403030137006200807
0403030145004200807
0403030145001200807
0403030153004200807
0403030153001200807
0403030161004200807
0403030161001200807
0403030170001200807
0403030170004200807
0403040019006200807
0403040019004200807
0403040019001200807
0403040027004200807
0403040027006200807
0403040027001200807
0403040035004200807
0403040035006200807
0403040035001200807
0403040043004200807
0403040043001200807
0403040043006200807
0403040051001200807
0403040051004200807
0403040060006200807
0403040060004200807
0403040060001200807
0403040078004200807
0403040078006200807
0403040078001200807
0403040086006200807
0403040086001200807
0403040086004200807
0403050014001200807
0403050022001200807
0403050030004200807
0403050030006200807
0403050030001200807
0403050049006200807
0403050049004200807
0403050049001200807
0403050057004200807
0403050057001200807
0403050057006200807
0403050065006200807
0403050065004200807
0403050065001200807
0403050073001200807
0403050073006200807
0403050073004200807
0403050081001200807
0403050090006200807
0403050090004200807
0403050090001200807
0403050103006200807
0403050103001200807
0403050103004200807
0403050111006200807
0403050111001200807
0403050111004200807
0403050120001200807
0403050120004200807
0403050120006200807
0403050138001200807
0403050138006200807
0403050138004200807
0403050146004200807
0403050146006200807
0403050146001200807
0403050154006200807
0403050154004200807
0403050154001200807
0403050162004200807
0403050162006200807
0403050162001200807
0403060010006200807
0403060010001200807
0403060028001200807
0403060028006200807
0403060036006200807
0403060036001200807
0403060036004200807
0403060044001200807
0403060044006200807
0403060044004200807
0403060052004200807
0403060052006200807
0403060052001200807
0403060060004200807
0403060060001200807
0403060060006200807
0403060079004200807
0403060079006200807
0403060079001200807
0403060087004200807
0403060087001200807
0403060087006200807
0403060095004200807
0403060095006200807
0403060095001200807
0403070015001200807
0403070015004200807
0403070015006200807
0403070023006200807
0403070023001200807
0403070031001200807
0403070031004200807
0403070040001200807
0403070040006200807
0403070058006200807
0403070058001200807
0403070066006200807
0403070066001200807
0403070074006200807
0403070074001200807
0403070082006200807
0403070082001200807
0403070090001200807
0403070090006200807
0403070104006200807
0403070104001200807
0403070112001200807
0403070112006200807
0403070120001200807
0403070120006200807
0403070139006200807
0403070139001200807
0403070147006200807
0403070147001200807
0403080010004200807
0403080010001200807
0403080010006200807
0403080029006200807
0403080029001200807
0403080029004200807
0403080037004200807
0403080037001200807
0403080037006200807
0403080045006200807
0403080045004200807
0403080045001200807
0403080053001200807
0403080053006200807
0403080053004200807
0403080061001200807
0403080061004200807
0403080061006200807
0403080070001200807
0403080070004200807
0403080070006200807
0403080088004200807
0403080088001200807
0403080088006200807
0403080096006200807
0403080096004200807
0403080096001200807
0403080100006200807
0403080100001200807
0403080100004200807
0404010016004200807
0404010016002200807
0404010016001200807
0404010024002200807
0404010024001200807
0404010032002200807
0404010032004200807
0404010032001200807
0404010040001200807
0404010040004200807
0404010059004200807
0404010059001200807
0404010067004200807
0404010067001200807
0404010083001200807
0404010083004200807
0404010105001200807
0404010105004200807
0404010113004200807
0404010113001200807
0404010121004200807
0404010121001200807
0404010130001200807
0404010130004200807
0404010148004200807
0404010148001200807
0404010164001200807
0404010164004200807
0404010172004200807
0404010172001200807
0404010180001200807
0404010180004200807
0404010199001200807
0404010199004200807
0404010202004200807
0404010202001200807
0404010210001200807
0404010210004200807
0404010229001200807
0404010229004200807
0404010229002200807
0404010237001200807
0404010288004200807
0404010288001200807
0404010318001200807
0404010326001200807
0404010326004200807
0404010334004200807
0404010334001200807
0404010350001200807
0404010350002200807
0404010350004200807
0404010377004200807
0404010377001200807
0404010385001200807
0404010385004200807
0404010407001200807
0404010407004200807
0404010415002200807
0404010415004200807
0404010415001200807
0404020011001200807
0404020011004200807
0404020038004200807
0404020038001200807
0404020046004200807
0404020046001200807
0404020062001200807
0404020062004200807
0404020070004200807
0404020070001200807
0404020089001200807
0404020089004200807
0404020119001200807
0404020119004200807
0404020135001200807
0404020135004200807
0404020143001200807
0404020143004200807
0404020151004200807
0404020151001200807
0404020160001200807
0404020160004200807
0404020178004200807
0404020178001200807
0404020186004200807
0404020186001200807
0404020194004200807
0404020194001200807
0404020208004200807
0404020208001200807
0404020216001200807
0404020216004200807
0404020224004200807
0404020224001200807
0404020232001200807
0404020232004200807
0404020240001200807
0404020240004200807
0404020259001200807
0404020259004200807
0404020267001200807
0404020267004200807
0404020275001200807
0404020275004200807
0404020283004200807
0404020283001200807
0404020291001200807
0404020291004200807
0404020305001200807
0404020305004200807
0404020313001200807
0404020313004200807
0404020321001200807
0404020321004200807
0404020330004200807
0404020330001200807
0404020330002200807
0404020348001200807
0404020348004200807
0404020356004200807
0404020356001200807
0404020364004200807
0404020364001200807
0404020372004200807
0404020372001200807
0404020380004200807
0404020380001200807
0404020399004200807
0404020399001200807
0404020402004200807
0404020402001200807
0404020410004200807
0404020410001200807
0404020429001200807
0404020429004200807
0404020437001200807
0404020437004200807
0404030017004200807
0404030017001200807
0404030025004200807
0404030025001200807
0404030033001200807
0404030041001200807
0404030041004200807
0404030050001200807
0404030068001200807
0404030076001200807
0404030076004200807
0404030084004200807
0404030084001200807
0404030092004200807
0404030092001200807
0404030106004200807
0404030106001200807
0404030114001200807
0404030114004200807
0404030122001200807
0404030122004200807
0404030130001200807
0404030130004200807
0404030149004200807
0404030149001200807
0404030157004200807
0404030157001200807
0404030165001200807
0404030165004200807
0404030173004200807
0404030173001200807
0404030181004200807
0404030181001200807
0404030190001200807
0404030190004200807
0404030203004200807
0404030203001200807
0404030211001200807
0404030211004200807
0405010010004200807
0405010028004200807
0405010036004200807
0405010052001200807
0405010060001200807
0405010087004200807
0405010087001200807
0405010117004200807
0405010117001200807
0405010125004200807
0405010133001200807
0405010133004200807
0405010150001200807
0405010150004200807
0405010176004200807
0405020015004200807
0405020023004200807
0405030010001200807
0405030010004200807
0405030029004200807
0405030045002200807
0405030045001200807
0405030053001200807
0405030070001200807
0405030070004200807
0405030096004200807
0405030118004200807
0405030134001200807
0405030142002200807
0405030150001200807
0405030169002200807
0405030169004200807
0405030177002200807
0405030177004200807
0405030185002200807
0405030185004200807
0405030193002200807
0405030193001200807
0405030193004200807
0405030207004200807
0405040016004200807
0405040024004200807
0405040040004200807
0405040059004200807
0405040067004200807
0405040075004200807
0405040083004200807
0405040083001200807
0405040091004200807
0405040091001200807
0405040105001200807
0405040105004200807
0405040130001200807
0405040148001200807
0405040148004200807
0405040156001200807
0405040156004200807
0405040164004200807
0405040164001200807
0405040180001200807
0405040180004200807
0405040202002200807
0405040202004200807
0405050011004200807
0405050020001200807
0405050020002200807
0405050046004200807
0405050054004200807
0405050097002200807
0405050097004200807
0405050097001200807
0405050100001200807
0405050100004200807
0405050100002200807
0405050119004200807
0405050119002200807
0405050119001200807
0405050127002200807
0405050127001200807
0405050135001200807
0405050135004200807
0405050135002200807
0405050143004200807
0405050143001200807
0405050151001200807
0405050151004200807
0405050160001200807
0405050186001200807
0405050186004200807
0405050194002200807
0405050194001200807
0405050216004200807
0405050224004200807
0405050232004200807
0405050232001200807
0405050259001200807
0405050267001200807
0405050313004200807
0405050313001200807
0405050321004200807
0405050356001200807
0405050356002200807
0405050356004200807
0405050372001200807
0405050372002200807
0405050380001200807
0405050380004200807
0405050399004200807
0406010013001200807
0406010013006200807
0406010013004200807
0406010021001200807
0406010021006200807
0406010021004200807
0406010030001200807
0406010030006200807
0406010030004200807
0406010048004200807
0406010048006200807
0406010048001200807
0406010056001200807
0406010056004200807
0406010056006200807
0406010064006200807
0406010064001200807
0406010064004200807
0406010072001200807
0406010072004200807
0406010072006200807
0406010080004200807
0406010080006200807
0406010080001200807
0406010099004200807
0406010099006200807
0406010099001200807
0406010102001200807
0406010102004200807
0406010110004200807
0406010110001200807
0406010137001200807
0406010137006200807
0406010137004200807
0406010145001200807
0406010145006200807
0406010145004200807
0406010153006200807
0406010153004200807
0406010153001200807
0406010161006200807
0406010161001200807
0406010161004200807
0406010170006200807
0406010170001200807
0406010170004200807
0406010188006200807
0406010188001200807
0406010188004200807
0406010196006200807
0406010196001200807
0406010196004200807
0406010200006200807
0406010200001200807
0406010200004200807
0406010218001200807
0406010218004200807
0406010218006200807
0406010226001200807
0406010226004200807
0406010226006200807
0406010234001200807
0406010234004200807
0406010234006200807
0406010242004200807
0406010242006200807
0406010242001200807
0406010250001200807
0406010250004200807
0406010250006200807
0406010269004200807
0406010269001200807
0406010269006200807
0406010277006200807
0406010277001200807
0406010277004200807
0406010285004200807
0406010285001200807
0406010285006200807
0406010293006200807
0406010293001200807
0406010293004200807
0406010307004200807
0406010307001200807
0406010307006200807
0406010315001200807
0406010315006200807
0406010315004200807
0406010323004200807
0406010323001200807
0406010323006200807
0406010331001200807
0406010331004200807
0406010331006200807
0406010340004200807
0406010340001200807
0406010340006200807
0406010358004200807
0406010358006200807
0406010358001200807
0406010366006200807
0406010366001200807
0406010366004200807
0406010374004200807
0406010374006200807
0406010374001200807
0406010382004200807
0406010382006200807
0406010382001200807
0406010390001200807
0406010390006200807
0406010390004200807
0406010404001200807
0406010404006200807
0406010404004200807
0406010412001200807
0406010412004200807
0406010420006200807
0406010420004200807
0406010420001200807
0406010439004200807
0406010439001200807
0406010439006200807
0406010447001200807
0406010447004200807
0406010447006200807
0406010455006200807
0406010455001200807
0406010455004200807
0406010463001200807
0406010463006200807
0406010463004200807
0406010471004200807
0406010471006200807
0406010471001200807
0406010480006200807
0406010480004200807
0406010480001200807
0406010498001200807
0406010498006200807
0406010498004200807
0406010501001200807
0406010501006200807
0406010501004200807
0406010510001200807
0406010510004200807
0406010528004200807
0406010528006200807
0406010528001200807
0406010536006200807
0406010536001200807
0406010536004200807
0406010544001200807
0406010544006200807
0406010544004200807
0406010552001200807
0406010552004200807
0406010552006200807
0406010560006200807
0406010560004200807
0406010579001200807
0406010579004200807
0406010587004200807
0406010587006200807
0406010595001200807
0406010595004200807
0406010609001200807
0406010609004200807
0406010617004200807
0406010617001200807
0406010625004200807
0406010625001200807
0406010633006200807
0406010633004200807
0406010633001200807
0406010641004200807
0406010641006200807
0406010650006200807
0406010650004200807
0406010668006200807
0406010668004200807
0406010676006200807
0406010676004200807
0406010684004200807
0406010692004200807
0406010692001200807
0406010706001200807
0406010706004200807
0406010714001200807
0406010714004200807
0406010714006200807
0406010730004200807
0406010730001200807
0406010730006200807
0406010749004200807
0406010757001200807
0406010757004200807
0406010757006200807
0406010765006200807
0406010765001200807
0406010765004200807
0406010773004200807
0406010781004200807
0406010781001200807
0406010790004200807
0406010803001200807
0406010803004200807
0406010811001200807
0406010811004200807
0406010820004200807
0406010820001200807
0406010838004200807
0406010838001200807
0406010838006200807
0406010846001200807
0406010846006200807
0406010846004200807
0406010854004200807
0406010862004200807
0406010862006200807
0406010870004200807
0406010889001200807
0406010889004200807
0406010889006200807
0406010897006200807
0406010897004200807
0406010897001200807
0406010900001200807
0406010900004200807
0406010919004200807
0406010919006200807
0406010927001200807
0406010927006200807
0406010927004200807
0406010935004200807
0406010935001200807
0406010943001200807
0406010943006200807
0406010943004200807
0406010951004200807
0406010951001200807
0406010951006200807
0406010960004200807
0406010978004200807
0406010986001200807
0406010986006200807
0406010986004200807
0406010994004200807
0406010994001200807
0406010994006200807
0406011001004200807
0406011010004200807
0406011028004200807
0406011036004200807
0406011044004200807
0406011052004200807
0406011060004200807
0406011079004200807
0406011087004200807
0406011095004200807
0406011109004200807
0406011109006200807
0406011117004200807
0406011125006200807
0406011125004200807
0406011133004200807
0406011133006200807
0406011141004200807
0406011150004200807
0406011168004200807
0406011176004200807
0406011184004200807
0406011192004200807
0406011206004200807
0406011206006200807
0406011206001200807
0406011214001200807
0406011214004200807
0406011214006200807
0406011222004200807
0406011222006200807
0406011222001200807
0406020019001200807
0406020019004200807
0406020027001200807
0406020027004200807
0406020035004200807
0406020035001200807
0406020043004200807
0406020043001200807
0406020051004200807
0406020051006200807
0406020051001200807
0406020078004200807
0406020078001200807
0406020108004200807
0406020108001200807
0406020116004200807
0406020116001200807
0406020124004200807
0406020124001200807
0406020159001200807
0406020167004200807
0406020167001200807
0406020191004200807
0406020191001200807
0406020205001200807
0406020213004200807
0406020213001200807
0406020221004200807
0406020221001200807
0406020230001200807
0406020230004200807
0406020248001200807
0406020248004200807
0406020256001200807
0406020256004200807
0406020264001200807
0406020264004200807
0406020272001200807
0406020272004200807
0406020280004200807
0406020280001200807
0406020302004200807
0406020302001200807
0406020310004200807
0406020310001200807
0406020329001200807
0406020329004200807
0406020337001200807
0406020337004200807
0406020345001200807
0406020345004200807
0406020353001200807
0406020353004200807
0406020361001200807
0406020361004200807
0406020370004200807
0406020370001200807
0406020388004200807
0406020388001200807
0406020396004200807
0406020396001200807
0406020400001200807
0406020400004200807
0406020418004200807
0406020418001200807
0406020426004200807
0406020426001200807
0406020434004200807
0406020434001200807
0406020442001200807
0406020442004200807
0406020450001200807
0406020450004200807
0406020469004200807
0406020469001200807
0406020477004200807
0406020477001200807
0406020485001200807
0406020485004200807
0406020493004200807
0406020493001200807
0406020507001200807
0406020507004200807
0406020515004200807
0406020515001200807
0406020523004200807
0406020523001200807
0406020531001200807
0406020531004200807
0406020540001200807
0406020540004200807
0406020558001200807
0406020558004200807
0406020566001200807
0406020566004200807
0406020566002200807
0406020574001200807
0406020574004200807
0406020574002200807
0406020582001200807
0406020582004200807
0406020582006200807
0406020590001200807
0406020590004200807
0406020604004200807
0406020604001200807
0406030014001200807
0406030014006200807
0406030022006200807
0406030022001200807
0406030030006200807
0406030030001200807
0406030049001200807
0406030049006200807
0406030049004200807
0406030057001200807
0406030057004200807
0406030057006200807
0406030065001200807
0406030065006200807
0406030073001200807
0406030073006200807
0406030081001200807
0406030081006200807
0406030090001200807
0406030090004200807
0406030090006200807
0406030103006200807
0406030103004200807
0406030103001200807
0406030111006200807
0406030111001200807
0406030120006200807
0406030120001200807
0406030138001200807
0406030138004200807
0406030138006200807
0406030146006200807
0406030146001200807
0406040010004200807
0406040028001200807
0406040028006200807
0406040028004200807
0406040044006200807
0406040044004200807
0406040044001200807
0406040052006200807
0406040052004200807
0406040052001200807
0406040060004200807
0406040060001200807
0406040060006200807
0406040079004200807
0406040087001200807
0406040087006200807
0406040087004200807
0406040095001200807
0406040095006200807
0406040095004200807
0406040109004200807
0406040109006200807
0406040117004200807
0406040125006200807
0406040125004200807
0406040133006200807
0406040133001200807
0406040133004200807
0406040141006200807
0406040141004200807
0406040150001200807
0406040150006200807
0406040150004200807
0406040168004200807
0406040168006200807
0406040168001200807
0406040176006200807
0406040176004200807
0406040176001200807
0406040184004200807
0406040184001200807
0406040192001200807
0406040192004200807
0406040206001200807
0406040206004200807
0406040214004200807
0406040214001200807
0406040222004200807
0406040222001200807
0406040230004200807
0406040230001200807
0406040249004200807
0406040249001200807
0406040257001200807
0406040257004200807
0406040265004200807
0406040265001200807
0406040265006200807
0406040273004200807
0406040273001200807
0406040281004200807
0406040281001200807
0406040290004200807
0406040290001200807
0406040303001200807
0406040303004200807
0406040311001200807
0406040311004200807
0406040320004200807
0406040320001200807
0406040338004200807
0406040338001200807
0406050015004200807
0406050015006200807
0406050023004200807
0406050023006200807
0406050031006200807
0406050031004200807
0406050040006200807
0406050040001200807
0406050040004200807
0406050058004200807
0406050058006200807
0406050066004200807
0406050066006200807
0406050074004200807
0406050074006200807
0406050082004200807
0406050082006200807
0406050090004200807
0406050090001200807
0406050104004200807
0406050104006200807
0406050112001200807
0406050112004200807
0406050112006200807
0406050120004200807
0406050120006200807
0406050139006200807
0406050139004200807
0407010017004200807
0407010017006200807
0407010017001200807
0407010033004200807
0407010033001200807
0407010041001200807
0407010041004200807
0407010050001200807
0407010050004200807
0407010068001200807
0407010068004200807
0407010076001200807
0407010076004200807
0407010084004200807
0407010084001200807
0407010092004200807
0407010092001200807
0407010106004200807
0407010106001200807
0407010114004200807
0407010114001200807
0407010122004200807
0407010122001200807
0407010130004200807
0407010130001200807
0407010149004200807
0407010149001200807
0407010157004200807
0407010157001200807
0407010165001200807
0407010165004200807
0407010173001200807
0407010173004200807
0407010173006200807
0407010181006200807
0407010181004200807
0407010181001200807
0407010190004200807
0407010190001200807
0407010203001200807
0407010203004200807
0407010211001200807
0407010211004200807
0407010220001200807
0407010220004200807
0407010238001200807
0407010238004200807
0407010262001200807
0407010270001200807
0407010270004200807
0407010289001200807
0407010289004200807
0407010297001200807
0407010297004200807
0407010300004200807
0407010300001200807
0407010319001200807
0407010335004200807
0407010335001200807
0407010343004200807
0407010343001200807
0407010351001200807
0407010351004200807
0407020012001200807
0407020012004200807
0407020020001200807
0407020020004200807
0407020039001200807
0407020039004200807
0407020047001200807
0407020047004200807
0407020055001200807
0407020063004200807
0407020063001200807
0407020071001200807
0407020071004200807
0407020080001200807
0407020080004200807
0407020098001200807
0407020098004200807
0407020101004200807
0407020101001200807
0407020110004200807
0407020110001200807
0407020136004200807
0407020136001200807
0407020144001200807
0407020144004200807
0407020152001200807
0407020152004200807
0407020179001200807
0407020179004200807
0407020187004200807
0407020187001200807
0407020195004200807
0407020195001200807
0407020209001200807
0407020209004200807
0407020217004200807
0407020217001200807
0407020225002200807
0407020225004200807
0407020225001200807
0407020233001200807
0407020233004200807
0407020241004200807
0407020241001200807
0407020250004200807
0407020250001200807
0407020268001200807
0407020268004200807
0407020276001200807
0407020276002200807
0407020276004200807
0407020284001200807
0407020284002200807
0407020284004200807
0407020292004200807
0407020292001200807
0407020306004200807
0407020306001200807
0407020322001200807
0407020322004200807
0407020330004200807
0407020330001200807
0407020349001200807
0407020349004200807
0407020357001200807
0407020357004200807
0407020365004200807
0407020365001200807
0407020381001200807
0407020381004200807
0407020403004200807
0407020403001200807
0407020411001200807
0407020411004200807
0407020420004200807
0407020420001200807
0407020438004200807
0407020438001200807
0407020446004200807
0407020446001200807
0407020454004200807
0407020454001200807
0407020462004200807
0407020462001200807
0407020470004200807
0407020470001200807
0407030018004200807
0407030018001200807
0407030026004200807
0407030026002200807
0407030026001200807
0407030034002200807
0407030034004200807
0407030034001200807
0407030042001200807
0407030042004200807
0407030050004200807
0407030050001200807
0407030069001200807
0407030069002200807
0407030069004200807
0407030077001200807
0407030077004200807
0407030123001200807
0407030123004200807
0407030131004200807
0407030131001200807
0407030140001200807
0407030140004200807
0407030158001200807
0407030158004200807
0407030166001200807
0407030166004200807
0407030174004200807
0407030174001200807
0407030182004200807
0407030182001200807
0407030190001200807
0407030190004200807
0407030204001200807
0407030204004200807
0407030212001200807
0407030212004200807
0407030220004200807
0407030220001200807
0407030247001200807
0407030247004200807
0407040013004200807
0407040013001200807
0407040021004200807
0407040021001200807
0407040030001200807
0407040030004200807
0407040048004200807
0407040048001200807
0407040056001200807
0407040056004200807
0407040064002200807
0407040064001200807
0407040064004200807
0407040072004200807
0407040072001200807
0407040080001200807
0407040080004200807
0407040080002200807
0407040099001200807
0407040099004200807
0407040099002200807
0407040102002200807
0407040102004200807
0407040102001200807
0407040110004200807
0407040110001200807
0407040110002200807
0407040129001200807
0407040129004200807
0407040129002200807
0407040137001200807
0407040137004200807
0407040145001200807
0407040145004200807
0407040153001200807
0407040153004200807
0407040161004200807
0407040161001200807
0407040170004200807
0407040170001200807
0407040188004200807
0407040188001200807
0407040200004200807
0407040200001200807
0407040226004200807
0407040226002200807
0407040226001200807
0407040234001200807
0407040234004200807
0407040242001200807
0407040242004200807
0407040250004200807
0407040250001200807
0407040269001200807
0407040269004200807
0408010010004200807
0408010010006200807
0408010010001200807
0408010029001200807
0408010029004200807
0408010037004200807
0408010037006200807
0408010037001200807
0408010045004200807
0408010045006200807
0408010045001200807
0408010053001200807
0408010053004200807
0408010053006200807
0408010061004200807
0408010061001200807
0408010070001200807
0408010070004200807
0408010088004200807
0408010088006200807
0408010088001200807
0408010096001200807
0408010096004200807
0408010100001200807
0408010100004200807
0408010118004200807
0408010118001200807
0408010134004200807
0408010134001200807
0408010142001200807
0408010142004200807
0408010150004200807
0408010150001200807
0408010169001200807
0408010169004200807
0408010177004200807
0408010177001200807
0408010185001200807
0408010185004200807
0408010193001200807
0408010193004200807
0408010207004200807
0408010207001200807
0408010215001200807
0408010215004200807
0408010223001200807
0408010223004200807
0408010231001200807
0408020016001200807
0408020016004200807
0408020024001200807
0408020024004200807
0408020032004200807
0408020032001200807
0408020040001200807
0408020040004200807
0408020059004200807
0408020059001200807
0408020067001200807
0408020067004200807
0408020067006200807
0408020075001200807
0408020075004200807
0408020083004200807
0408020083001200807
0408020083006200807
0408020091001200807
0408020091004200807
0408020105004200807
0408020105001200807
0408020121004200807
0408020121001200807
0408020130001200807
0408020130004200807
0408020148001200807
0408020148004200807
0408020156004200807
0408020164004200807
0408020172004200807
0408020180004200807
0408020199004200807
0408020202004200807
0408020210004200807
0408020229004200807
0408020237001200807
0408020237004200807
0408020245001200807
0408020245004200807
0408020253001200807
0408020253004200807
0408020261004200807
0408020261001200807
0408020270001200807
0408020270004200807
0408020288006200807
0408020288004200807
0408020288001200807
0408020296004200807
0408020296001200807
0408020300004200807
0408020300001200807
0408020318004200807
0408020318001200807
0408020318006200807
0408020326001200807
0408020326004200807
0408020334001200807
0408020334004200807
0408020342001200807
0408020342004200807
0408020350001200807
0408020350004200807
0408020369004200807
0408020369001200807
0408020377001200807
0408020377004200807
0408020385004200807
0408020385001200807
0408020393001200807
0408020393004200807
0408020407001200807
0408020407004200807
0408020415004200807
0408020415001200807
0408020423001200807
0408020423004200807
0408020431001200807
0408020431004200807
0408020440004200807
0408020440001200807
0408020458004200807
0408020458001200807
0408020466004200807
0408020466001200807
0408020474001200807
0408020474004200807
0408020482004200807
0408020482001200807
0408020490001200807
0408020490004200807
0408020504001200807
0408020504004200807
0408020512004200807
0408020512001200807
0408020520004200807
0408020520001200807
0408020539001200807
0408020539004200807
0408020547004200807
0408020547001200807
0408020555001200807
0408020555004200807
0408020563001200807
0408020563004200807
0408020571004200807
0408020571001200807
0408020580004200807
0408020580001200807
0408020598001200807
0408020598004200807
0408020601004200807
0408020601001200807
0408020610001200807
0408020610004200807
0408020628004200807
0408020628001200807
0408020636001200807
0408020636004200807
0408020644006200807
0408020644001200807
0408020644004200807
0408030011001200807
0408030011004200807
0408030020004200807
0408030020001200807
0408030020006200807
0408030038004200807
0408030038001200807
0408030038006200807
0408030046004200807
0408030046001200807
0408030054004200807
0408030054001200807
0408030054006200807
0408030062001200807
0408030062004200807
0408030062006200807
0408030070004200807
0408030070001200807
0408030089004200807
0408030089001200807
0408030089006200807
0408030097004200807
0408030097001200807
0408030100001200807
0408030100004200807
0408030119001200807
0408030119004200807
0408030127001200807
0408030127006200807
0408030127004200807
0408030135006200807
0408030135001200807
0408030135004200807
0408030143004200807
0408030143001200807
0408030143006200807
0408030151001200807
0408030151004200807
0408030160004200807
0408030160001200807
0408030178001200807
0408030178006200807
0408030178004200807
0408030186004200807
0408030186001200807
0408030194001200807
0408030194004200807
0408030208004200807
0408030208001200807
0408030216004200807
0408030216001200807
0408030224001200807
0408030224004200807
0408030232004200807
0408030232001200807
0408030240001200807
0408030240004200807
0408030240006200807
0408030259001200807
0408030259004200807
0408030267001200807
0408030267004200807
0408030275001200807
0408030275004200807
0408030283004200807
0408030283001200807
0408030291001200807
0408030291004200807
0408030305004200807
0408030305001200807
0408030313004200807
0408030313001200807
0408030321001200807
0408030321004200807
0408030330004200807
0408030330001200807
0408030348004200807
0408030348001200807
0408030356006200807
0408030356004200807
0408030356001200807
0408030364001200807
0408030364006200807
0408030364004200807
0408030372004200807
0408030372001200807
0408030380001200807
0408030380004200807
0408030399004200807
0408030399001200807
0408030402004200807
0408030402001200807
0408030410001200807
0408030410004200807
0408030429004200807
0408030429001200807
0408030437001200807
0408030437004200807
0408030445001200807
0408030445004200807
0408030453001200807
0408030453003200807
0408030461001200807
0408030461004200807
0408030470004200807
0408030470001200807
0408030500004200807
0408030500006200807
0408030500001200807
0408030518001200807
0408030518004200807
0408030526001200807
0408030526004200807
0408030534001200807
0408030534004200807
0408030542004200807
0408030542001200807
0408030550006200807
0408030550001200807
0408030550004200807
0408030569004200807
0408030569006200807
0408030569001200807
0408030577001200807
0408030577004200807
0408030585004200807
0408030585001200807
0408030593001200807
0408030593004200807
0408030607001200807
0408030607004200807
0408030615006200807
0408030615001200807
0408030615004200807
0408030623006200807
0408030623001200807
0408030623004200807
0408030631001200807
0408030631004200807
0408030640003200807
0408030640001200807
0408030658004200807
0408030658001200807
0408030666004200807
0408030666001200807
0408030674001200807
0408030674004200807
0408030682001200807
0408030682004200807
0408030690004200807
0408030690001200807
0408030704004200807
0408030704001200807
0408030712004200807
0408030712001200807
0408030720001200807
0408030720004200807
0408030739004200807
0408030739001200807
0408030747001200807
0408030747004200807
0408030755004200807
0408030755001200807
0408030763004200807
0408030763001200807
0408030771006200807
0408030771004200807
0408030771001200807
0408030780001200807
0408030780004200807
0408030798006200807
0408030798004200807
0408030798001200807
0408030801001200807
0408030801004200807
0408030810004200807
0408030810001200807
0408030828001200807
0408030828004200807
0408030836001200807
0408030836004200807
0408030844004200807
0408030844001200807
0408030852004200807
0408030852001200807
0408030860004200807
0408030860001200807
0408030879004200807
0408030879001200807
0408030887004200807
0408030887001200807
0408030895001200807
0408030895004200807
0408030909001200807
0408030909004200807
0408030917004200807
0408030917001200807
0408040017001200807
0408040025001200807
0408040033004200807
0408040033001200807
0408040041006200807
0408040041004200807
0408040041001200807
0408040050001200807
0408040050004200807
0408040068001200807
0408040068004200807
0408040068006200807
0408040076006200807
0408040076001200807
0408040076004200807
0408040084001200807
0408040084004200807
0408040092001200807
0408040092006200807
0408040092004200807
0408040106004200807
0408040106001200807
0408040114004200807
0408040114006200807
0408040114001200807
0408040122004200807
0408040122001200807
0408040130001200807
0408040130004200807
0408040149004200807
0408040149001200807
0408040157006200807
0408040157001200807
0408040157004200807
0408040165001200807
0408040165004200807
0408040165006200807
0408040173004200807
0408040173001200807
0408040181004200807
0408040181001200807
0408040190001200807
0408040190004200807
0408040203001200807
0408040203004200807
0408040220006200807
0408040220001200807
0408040238006200807
0408040238004200807
0408040238001200807
0408040246004200807
0408040246001200807
0408040254001200807
0408040254006200807
0408040254004200807
0408040262004200807
0408040262001200807
0408040270001200807
0408040270004200807
0408040289001200807
0408040289006200807
0408040289004200807
0408040297001200807
0408040297004200807
0408040300001200807
0408040300004200807
0408040319001200807
0408040319006200807
0408040319004200807
0408040327001200807
0408040327004200807
0408040335004200807
0408040335001200807
0408040343004200807
0408040343001200807
0408050012001200807
0408050012004200807
0408050020004200807
0408050020001200807
0408050039004200807
0408050039002200807
0408050039001200807
0408050047001200807
0408050047006200807
0408050047004200807
0408050055001200807
0408050055006200807
0408050055004200807
0408050063006200807
0408050063001200807
0408050063004200807
0408050071006200807
0408050071004200807
0408050071001200807
0408050080001200807
0408050080004200807
0408050101004200807
0408050101001200807
0408050110001200807
0408050110004200807
0408050128001200807
0408050128004200807
0408050136001200807
0408050136004200807
0408050144004200807
0408050144001200807
0408050152004200807
0408050152001200807
0408050160006200807
0408050160001200807
0408050160004200807
0408050179004200807
0408050179001200807
0408050187006200807
0408050187004200807
0408050187001200807
0408050195004200807
0408050209004200807
0408050217004200807
0408050225004200807
0408050233004200807
0408050241004200807
0408050250004200807
0408050268001200807
0408050268004200807
0408050276004200807
0408050276001200807
0408050284001200807
0408050284004200807
0408050292001200807
0408050292004200807
0408050306001200807
0408050306004200807
0408050314004200807
0408050314001200807
0408050322001200807
0408050322004200807
0408050330001200807
0408050330004200807
0408050349004200807
0408050349001200807
0408050349006200807
0408050357001200807
0408050357004200807
0408050365001200807
0408050365004200807
0408050373001200807
0408050373004200807
0408050381004200807
0408050381001200807
0408050390001200807
0408050390004200807
0408050403001200807
0408050403004200807
0408050411001200807
0408050411004200807
0408050420001200807
0408050420004200807
0408050438001200807
0408050438004200807
0408050446004200807
0408050446001200807
0408050454001200807
0408050454004200807
0408050462001200807
0408050462004200807
0408050470001200807
0408050470004200807
0408050489004200807
0408050489001200807
0408050497004200807
0408050497001200807
0408050500004200807
0408050500001200807
0408050519004200807
0408050519001200807
0408050527001200807
0408050527004200807
0408050535001200807
0408050535004200807
0408050543006200807
0408050543004200807
0408050543001200807
0408050551004200807
0408050551001200807
0408050560004200807
0408050560001200807
0408050578004200807
0408050578001200807
0408050586001200807
0408050586004200807
0408050594001200807
0408050594004200807
0408050608004200807
0408050608001200807
0408050616004200807
0408050616001200807
0408050624001200807
0408050624004200807
0408050632004200807
0408050632001200807
0408050640001200807
0408050640004200807
0408050659001200807
0408050659004200807
0408050667004200807
0408050667001200807
0408050675004200807
0408050675001200807
0408050683004200807
0408050683001200807
0408050691004200807
0408050691001200807
0408050705001200807
0408050705004200807
0408050713004200807
0408050713001200807
0408050721001200807
0408050721004200807
0408050730004200807
0408050730001200807
0408050748004200807
0408050748001200807
0408050756001200807
0408050756004200807
0408050756006200807
0408050764001200807
0408050764002200807
0408050764004200807
0408050772004200807
0408050772001200807
0408050772006200807
0408050780004200807
0408050780001200807
0408050799001200807
0408050799004200807
0408050802004200807
0408050802001200807
0408050810001200807
0408050810004200807
0408050829001200807
0408050829004200807
0408050837001200807
0408050837004200807
0408050845001200807
0408050845004200807
0408050853001200807
0408050853006200807
0408050853004200807
0408050861004200807
0408050861001200807
0408050870004200807
0408050870001200807
0408050888004200807
0408050888001200807
0408050888006200807
0408050896004200807
0408050896001200807
0408050896002200807
0408050900001200807
0408050900004200807
0408050918002200807
0408050918001200807
0408050918004200807
0408050926004200807
0408050926001200807
0408060018004200807
0408060018001200807
0408060026004200807
0408060026001200807
0408060026006200807
0408060034006200807
0408060034004200807
0408060034001200807
0408060042004200807
0408060042001200807
0408060050001200807
0408060050004200807
0408060069002200807
0408060069004200807
0408060069006200807
0408060069001200807
0408060077004200807
0408060077001200807
0408060077006200807
0408060085001200807
0408060085004200807
0408060093001200807
0408060093004200807
0408060107001200807
0408060107004200807
0408060107006200807
0408060115001200807
0408060115004200807
0408060115006200807
0408060123004200807
0408060123001200807
0408060123002200807
0408060131004200807
0408060131001200807
0408060140002200807
0408060140001200807
0408060140004200807
0408060158004200807
0408060158001200807
0408060166001200807
0408060174001200807
0408060174004200807
0408060182004200807
0408060182001200807
0408060190001200807
0408060190004200807
0408060190002200807
0408060204004200807
0408060204001200807
0408060212001200807
0408060212004200807
0408060239006200807
0408060239001200807
0408060239004200807
0408060247004200807
0408060247001200807
0408060255004200807
0408060255006200807
0408060255001200807
0408060263006200807
0408060263004200807
0408060263001200807
0408060271001200807
0408060271004200807
0408060280004200807
0408060280001200807
0408060298006200807
0408060298004200807
0408060298001200807
0408060301001200807
0408060301004200807
0408060310004200807
0408060310001200807
0408060328001200807
0408060336001200807
0408060336004200807
0408060344004200807
0408060344001200807
0408060352001200807
0408060352004200807
0408060360001200807
0408060360004200807
0408060379001200807
0408060379004200807
0408060387001200807
0408060387004200807
0408060395001200807
0408060409004200807
0408060409002200807
0408060409001200807
0408060417004200807
0408060417001200807
0408060417002200807
0408060425001200807
0408060425004200807
0408060433001200807
0408060433004200807
0408060441002200807
0408060441004200807
0408060441001200807
0408060450001200807
0408060450004200807
0408060450002200807
0408060468001200807
0408060468004200807
0408060476004200807
0408060476001200807
0408060476002200807
0408060484002200807
0408060484004200807
0408060484001200807
0408060492004200807
0408060492006200807
0408060492001200807
0408060506006200807
0408060506004200807
0408060506001200807
0408060514006200807
0408060514004200807
0408060514001200807
0408060522004200807
0408060522001200807
0408060522006200807
0408060530001200807
0408060530006200807
0408060530004200807
0408060549001200807
0408060557004200807
0408060557001200807
0408060565001200807
0408060565004200807
0408060573004200807
0408060573002200807
0408060573001200807
0408060581001200807
0408060581004200807
0408060590002200807
0408060590004200807
0408060590001200807
0408060603004200807
0408060603001200807
0408060611001200807
0408060611004200807
0408060620001200807
0408060620004200807
0408060620006200807
0408060620002200807
0408060638004200807
0408060638001200807
0408060646004200807
0408060646001200807
0408060646006200807
0408060662001200807
0408060662004200807
0408060670002200807
0408060670004200807
0408060670001200807
0408060697001200807
0408060697004200807
0408060700001200807
0408060700004200807
0409010014001200807
0409010014004200807
0409010022004200807
0409010022001200807
0409010030001200807
0409010030004200807
0409010049004200807
0409010049001200807
0409010057004200807
0409010057001200807
0409010065001200807
0409010065004200807
0409010073004200807
0409010073001200807
0409010081001200807
0409010081004200807
0409010090001200807
0409010090004200807
0409010103001200807
0409010111001200807
0409010120001200807
0409010120004200807
0409010138004200807
0409010138001200807
0409010146001200807
0409010146004200807
0409010154001200807
0409010162001200807
0409010170001200807
0409010170004200807
0409010189004200807
0409010189001200807
0409010197004200807
0409010197001200807
0409010200004200807
0409010200001200807
0409010219004200807
0409010219001200807
0409010227001200807
0409010227004200807
0409010235004200807
0409010235001200807
0409010243004200807
0409010243001200807
0409010251004200807
0409010251001200807
0409010260004200807
0409010260001200807
0409010278001200807
0409010286004200807
0409010286001200807
0409010294001200807
0409010294004200807
0409010308001200807
0409010308004200807
0409010316004200807
0409010316001200807
0409010324004200807
0409010324001200807
0409010332004200807
0409010332001200807
0409010340004200807
0409010340001200807
0409010367001200807
0409010367004200807
0409010375004200807
0409010375001200807
0409010383004200807
0409010383001200807
0409010391001200807
0409010391004200807
0409010405004200807
0409010405001200807
0409010413004200807
0409010413001200807
0409010421001200807
0409010430001200807
0409010430004200807
0409010448001200807
0409010456004200807
0409010456001200807
0409010464004200807
0409010464001200807
0409010472001200807
0409010472004200807
0409010480001200807
0409010480004200807
0409010499002200807
0409010499004200807
0409010499001200807
0409010502001200807
0409010502004200807
0409010510004200807
0409010510001200807
0409010529004200807
0409010529001200807
0409010537001200807
0409010537004200807
0409010545001200807
0409010545004200807
0409010553001200807
0409010553004200807
0409010561004200807
0409010561001200807
0409010570004200807
0409010570001200807
0409010588004200807
0409010588001200807
0409020010001200807
0409020010004200807
0409020028004200807
0409020028001200807
0409020044004200807
0409020044001200807
0409020052001200807
0409020052004200807
0409020060001200807
0409020079004200807
0409020079001200807
0409020087001200807
0409020087004200807
0409020095004200807
0409020095001200807
0409020109001200807
0409020109004200807
0409020117001200807
0409020125004200807
0409020125001200807
0409020133001200807
0409020133004200807
0409020141001200807
0409020141004200807
0409020150001200807
0409020150004200807
0409020168004200807
0409020168001200807
0409020176001200807
0409020184001200807
0409030015004200807
0409030015001200807
0409030023001200807
0409030023004200807
0409030023002200807
0409030031004200807
0409030031001200807
0409030040002200807
0409030040004200807
0409030040001200807
0409040010004200807
0409040010001200807
0409040037004200807
0409040037001200807
0409040045004200807
0409040045001200807
0409040053001200807
0409040053004200807
0409040070004200807
0409040070001200807
0409040088001200807
0409040088004200807
0409040096001200807
0409040096004200807
0409040100001200807
0409040118004200807
0409040118001200807
0409040126004200807
0409040126001200807
0409040134002200807
0409040134001200807
0409040134004200807
0409040142001200807
0409040142002200807
0409040142004200807
0409040150001200807
0409040150004200807
0409040169001200807
0409040169004200807
0409040177001200807
0409040177004200807
0409040185001200807
0409040185004200807
0409040193004200807
0409040193001200807
0409040207004200807
0409040207001200807
0409040215001200807
0409040215004200807
0409040215002200807
0409040223001200807
0409040223004200807
0409040231001200807
0409040231002200807
0409040231004200807
0409040240002200807
0409040240004200807
0409050016004200807
0409050016001200807
0409050024004200807
0409050024001200807
0409050032001200807
0409050032002200807
0409050032004200807
0409050040001200807
0409050040004200807
0409050040002200807
0409050059001200807
0409050067001200807
0409050075004200807
0409050075001200807
0409050083001200807
0409050083004200807
0409050083002200807
0409050091001200807
0409050091004200807
0409050105004200807
0409050105001200807
0409050113004200807
0409050113001200807
0409060011004200807
0409060011001200807
0409060020001200807
0409060020004200807
0409060020002200807
0409060038004200807
0409060038001200807
0409060038002200807
0409060046001200807
0409060046004200807
0409060046002200807
0409060054001200807
0409060054004200807
0409060062001200807
0409060070001200807
0409060089001200807
0409060097001200807
0409060100002200807
0409060100001200807
0409060100004200807
0409060119002200807
0409060119004200807
0409060119001200807
0409060127001200807
0409060127004200807
0409060135004200807
0409060135002200807
0409060135001200807
0409060143004200807
0409060143001200807
0409060151004200807
0409060151001200807
0409060160001200807
0409060160004200807
0409060178001200807
0409060178004200807
0409060178002200807
0409060186004200807
0409060186001200807
0409060186002200807
0409060194001200807
0409060194004200807
0409060194002200807
0409060208002200807
0409060208001200807
0409060208004200807
0409060216004200807
0409060216002200807
0409060216001200807
0409060224001200807
0409060224004200807
0409060232001200807
0409060240001200807
0409060259004200807
0409060259001200807
0409060267001200807
0409060275001200807
0409060283004200807
0409060283001200807
0409070017004200807
0409070017001200807
0409070025004200807
0409070025001200807
0409070033004200807
0409070033001200807
0409070041004200807
0409070041001200807
0409070050001200807
0409070050004200807
0409070050002200807
0409070068001200807
0409070068004200807
0409070076001200807
0409070076004200807
0409070084004200807
0409070084001200807
0409070092001200807
0409070106004200807
0409070106001200807
0409070114001200807
0409070114004200807
0409070130001200807
0409070149001200807
0409070157002200807
0409070157001200807
0409070173001200807
0409070190001200807
0409070203004200807
0409070203001200807
0409070211001200807
0409070211004200807
0409070220001200807
0409070238001200807
0409070238004200807
0409070246001200807
0409070246004200807
0409070254004200807
0409070254001200807
0409070262001200807
0409070262004200807
0409070270001200807
0409070270004200807
0409070270002200807
0409070289001200807
0409070289004200807
0409070297001200807
0409070297004200807
0409070300001200807
0409070300004200807
0410010014001200807
0410010014004200807
0410010057004200807
0410010057001200807
0410010065002200807
0410010065001200807
0410010065004200807
0410010073001200807
0410010073004200807
0410010081004200807
0410010081001200807
0410010090004200807
0410010090001200807
0410010111004200807
0410010120004200807
0410010120001200807
0411010018001200807
0411010026010200807
0411010026004200807
0411010034004200807
0411010034010200807
0411010042010200807
0411010042004200807
0411010050001200807
0411010050004200807
0411010077001200807
0411010077004200807
0411010085004200807
0411010085001200807
0411020013001200807
0411020013004200807
0411020021001200807
0411020021004200807
0411020030001200807
0411020030004200807
0411020048004200807
0411020048001200807
0411020056004200807
0411020056001200807
0412010011004200807
0412010011001200807
0412010020004200807
0412010020001200807
0412010038001200807
0412010038004200807
0412010046004200807
0412010046001200807
0412010054001200807
0412010054004200807
0412010070001200807
0412010070004200807
0412010089004200807
0412010089001200807
0412010097001200807
0412010097004200807
0412010100004200807
0412010100001200807
0412010119004200807
0412010119001200807
0412010127001200807
0412010135004200807
0412010135001200807
0412010143004200807
0412010143001200807
0412020017004200807
0412020017001200807
0412020025001200807
0412020025004200807
0412020033004200807
0412020033001200807
0412020041004200807
0412020041001200807
0412020050001200807
0412020050004200807
0412020068004200807
0412020068001200807
0412020076004200807
0412020076001200807
0412020084001200807
0412020084004200807
0412030012004200807
0412030012001200807
0412030047004200807
0412030047001200807
0412030080001200807
0412030080004200807
0412040018001200807
0412040018004200807
0412040026004200807
0412040026001200807
0412040034001200807
0412040034004200807
0412040042001200807
0412040042004200807
0412040050004200807
0412040050001200807
0412040069004200807
0412040069001200807
0412040077001200807
0412040077004200807
0412040085004200807
0412040085001200807
0412040093001200807
0412040093004200807
0412040107001200807
0412040107004200807
0412040115004200807
0412040115001200807
0412040123004200807
0412040123001200807
0412040131004200807
0412040131001200807
0412040158004200807
0412040158001200807
0412040166004200807
0412040174001200807
0412040174004200807
0412040182004200807
0412040182001200807
0412040190004200807
0412040190001200807
0412040204004200807
0412040204001200807
0412040212004200807
0412040212001200807
0412040220001200807
0412040220004200807
0412050013004200807
0412050013001200807
0412050021004200807
0412050021001200807
0412050030001200807
0412050030004200807
0412050048004200807
0412050048001200807
0412050056001200807
0412050056004200807
0412050064001200807
0412050064004200807
0412050072004200807
0412050072001200807
0412050080001200807
0412050080004200807
0412050099004200807
0412050099001200807
0412050102004200807
0412050102001200807
0412050110001200807
0412050110004200807
0412050137004200807
0412050137001200807
0412050145004200807
0412050145001200807
0412050153001200807
0412050153004200807
0413010066004200807
0413010082004200807
0413010090001200807
0413030016001200807
0413030016004200807
0413030024001200807
0413030024004200807
0413030032001200807
0413030032004200807
0413030040001200807
0413030059001200807
0413030059004200807
0413030067004200807
0413030067001200807
0413030075004200807
0413030075001200807
0413030083001200807
0413030083004200807
0413040020001200807
0413040020004200807
0413040038001200807
0413040038004200807
0413040046001200807
0413040046004200807
0413040054001200807
0413040054004200807
0413040054006200807
0413040062004200807
0413040062006200807
0413040062001200807
0413040070006200807
0413040070001200807
0413040070004200807
0413040089001200807
0413040089004200807
0413040089006200807
0413040097004200807
0413040097001200807
0413040100004200807
0413040100001200807
0413040119004200807
0413040119001200807
0413040127001200807
0413040127004200807
0413040135004200807
0413040135001200807
0413040143004200807
0413040143001200807
0413040151001200807
0413040151004200807
0413040160004200807
0413040160001200807
0413040178001200807
0413040178004200807
0413040186004200807
0413040186001200807
0413040194004200807
0413040194001200807
0413040208004200807
0413040208001200807
0413040216004200807
0413040216001200807
0413040224001200807
0413040224004200807
0413040232004200807
0413040232001200807
0413040240004200807
0413040240001200807
0414010027006200807
0414010027004200807
0414010027001200807
0414010035006200807
0414010035001200807
0414010043004200807
0414010043001200807
0414010051001200807
0414010051004200807
0414010060001200807
0414010060004200807
0414010078001200807
0414010078004200807
0414010086004200807
0414010094004200807
0414010094001200807
0414010108001200807
0414010108004200807
0414010116001200807
0414010116004200807
0414010124004200807
0414010124001200807
0414010132004200807
0414010132001200807
0414010140001200807
0414010140004200807
0414010159001200807
0414010159004200807
0414010167001200807
0414010167004200807
0414010175004200807
0414010183004200807
0414010191004200807
0414010205004200807
0414010230004200807
0414010230001200807
0414010248004200807
0414010248001200807
0414010256001200807
0414010256004200807
0414010264001200807
0414010264004200807
0414010272001200807
0414010272004200807
0414010280001200807
0414010280004200807
0414010329004200807
0414010329001200807
0414020103004200807
0414020111004200807
0414020197004200807
0414020197001200807
0415010012008200807
0415010012004200807
0415010012001200807
0415020018004200807
0415020018008200807
0415020018009200807
0415020018006200807
0415020018001200807
0415020026008200807
0415020026001200807
0415020026004200807
0415030013008200807
0415030013004200807
0415030013001200807
0415040027004200807
0415040027001200807
0415040035004200807
0415040035001200807
0416010016004200807
0416010016006200807
0416010016001200807
0416010024006200807
0416010024004200807
0416010024001200807
0416010032004200807
0416010032006200807
0416010032001200807
0416010040006200807
0416010040004200807
0416010040001200807
0416010059001200807
0416010059006200807
0416010059004200807
0416010067006200807
0416010067004200807
0416010067001200807
0416010075004200807
0416010075001200807
0416010075006200807
0416010083006200807
0416010083001200807
0416010083004200807
0416010091004200807
0416010091006200807
0416010091001200807
0416010105001200807
0416010105006200807
0416010105004200807
0416010113001200807
0416010113004200807
0416010113006200807
0416010121004200807
0416010121001200807
0416010121006200807
0416010130004200807
0416010130006200807
0416010130001200807
0416010148001200807
0416010148004200807
0416010148006200807
0416010156004200807
0416010156001200807
0416010156006200807
0416010164001200807
0416010164006200807
0416010164004200807
0416010172004200807
0416010172001200807
0416010180001200807
0416010180006200807
0416010180004200807
0416010199001200807
0416010199006200807
0416010199004200807
0416020011004200807
0416020011001200807
0416020011006200807
0416020020001200807
0416020020004200807
0416020020006200807
0416020038004200807
0416020038001200807
0416020038006200807
0416020046004200807
0416020046006200807
0416020046001200807
0416020054004200807
0416020054006200807
0416020054001200807
0416020062004200807
0416020062006200807
0416020062001200807
0416020070006200807
0416020070001200807
0416020070004200807
0416020089006200807
0416020089001200807
0416020089004200807
0416020097006200807
0416020097001200807
0416020097004200807
0416020100001200807
0416020100004200807
0416020119001200807
0416020119004200807
0416020119006200807
0416020127006200807
0416020127001200807
0416020127004200807
0416020135004200807
0416020135001200807
0416020143001200807
0416020143004200807
0416020143006200807
0416030017004200807
0416030017001200807
0416030025004200807
0416030025001200807
0416030033006200807
0416030033001200807
0416030033004200807
0416030041001200807
0416030041006200807
0416030041004200807
0416030050006200807
0416030050001200807
0416030050004200807
0416030068004200807
0416030068001200807
0416030068006200807
0416030076006200807
0416030076001200807
0416030076004200807
0416030084004200807
0416030084001200807
0416030084006200807
0416030092006200807
0416030092001200807
0416030092004200807
0416030106004200807
0416030106006200807
0416030106001200807
0416030114001200807
0416030114004200807
0416030114006200807
0416030122006200807
0416030122001200807
0416030122004200807
0416030130004200807
0416030130001200807
0416040012004200807
0416040012006200807
0416040012001200807
0416040020006200807
0416040020001200807
0416040020004200807
0416040039004200807
0416040039006200807
0416040039001200807
0416040047006200807
0416040047001200807
0416040047004200807
0416040055001200807
0416040055006200807
0416040055004200807
0416040063001200807
0416040063004200807
0416040071006200807
0416040071004200807
0416040071001200807
0416040080004200807
0416040080001200807
0416040080006200807
0416040098004200807
0416040098001200807
0416040101006200807
0416040101001200807
0416040101004200807
0416040110006200807
0416040110004200807
0416040110001200807
0416040128001200807
0416040128004200807
0416040128006200807
0416040136006200807
0416040136004200807
0416040136001200807
0416040144006200807
0416040144001200807
0416040144004200807
0416040152004200807
0416040152001200807
0416040152006200807
0416040160001200807
0416040160006200807
0416040160004200807
0416050018006200807
0416050018001200807
0416050018004200807
0416050026001200807
0416050026006200807
0416050026004200807
0416050034006200807
0416050034001200807
0416050034004200807
0416050042004200807
0416050042001200807
0416050050004200807
0416050050006200807
0416050050001200807
0416050069006200807
0416050069004200807
0416050069001200807
0416050077001200807
0416050077006200807
0416050077004200807
0416050085004200807
0416050085006200807
0416050085001200807
0416060013006200807
0416060013004200807
0416060013001200807
0416060021006200807
0416060021001200807
0416060021004200807
0416060030006200807
0416060030001200807
0416060030004200807
0416060048006200807
0416060048004200807
0416060048001200807
0416060056004200807
0416060056001200807
0416060056006200807
0416060064001200807
0416060064006200807
0416060064004200807
0416060072006200807
0416060072004200807
0416060072001200807
0416060080006200807
0416060080004200807
0416060080001200807
0416060099006200807
0416060099004200807
0416060099001200807
0416060102006200807
0416060102004200807
0416060102001200807
0416070027004200807
0416070027006200807
0416070027001200807
0416070035001200807
0416070035006200807
0416070035004200807
0416080014004200807
0416080014001200807
0416080022004200807
0416080022006200807
0416080022001200807
0416080030001200807
0416080030004200807
0416080030006200807
0416080049004200807
0416080049001200807
0416080057004200807
0416080057001200807
0416080065001200807
0416080065004200807
0416080073001200807
0416080073004200807
0416080073006200807
0416080081004200807
0416080081001200807
0416080081006200807
0416080090001200807
0416080090004200807
0416080090006200807
0416080103004200807
0416080103006200807
0416080103001200807
0416090010006200807
0416090010001200807
0416090010004200807
0416090028001200807
0416090028004200807
0416090028006200807
0416090036001200807
0416090036006200807
0416090044001200807
0416090044006200807
0416090052006200807
0416090052004200807
0416090052001200807
0416090060006200807
0416090060004200807
0416090060001200807
0416090079004200807
0416090079006200807
0416090079001200807
0416090087001200807
0416090087006200807
0416090095004200807
0416090095001200807
0416090095006200807
0416090109006200807
0416090109001200807
0416090109004200807
0416110010001200807
0416110010006200807
0416110029001200807
0416110029006200807
0416110037004200807
0416110037001200807
0416110037006200807
0416110045006200807
0416110045001200807
0416110053001200807
0416110053004200807
0416110053006200807
0416120016004200807
0416120016001200807
0416120024006200807
0416120024001200807
0416120024004200807
0416120032001200807
0416120032004200807
0416120032006200807
0416120040004200807
0416120040006200807
0416120040001200807
0416120059001200807
0416120059002200807
0416120059004200807
0416130011004200807
0416130011006200807
0416130011001200807
0416130020006200807
0416130020001200807
0416130020004200807
0416130038004200807
0416130038006200807
0416130038001200807
0416130046006200807
0416130046001200807
0416130046004200807
0416130054006200807
0416130054004200807
0416130054001200807
0416130062006200807
0416130062001200807
0416130062004200807
0417010044005200807
0417010052005200807
0417010060005200807
0418010013001200807
0418010013009200807
0418010021009200807
0418010021001200807
0418010030001200807
0418010030009200807
0418010048001200807
0418010048009200807
0418010064001200807
0418010080001200807
0418010080009200807
0418010099001200807
0418020019009200807
0418020019001200807
0418020027001200807
0418020027009200807
0418020035001200807
0503010014008200807
0503010022008200807
0503020010004200807
0503020010001200807
0503020028004200807
0503020028001200807
0505010011009200807
0505010020009200807
0505010038009200807
0505010046009200807
0505010054009200807
0505010062009200807
0505010070009200807
0505010089009200807
0505010097001200807
0505010100001200807
0505010119001200807
0505010127001200807
0505020041001200807
0505020041009200807
0505020050001200807
0505020050009200807
0505020068009200807
0505020068001200807
0505020076009200807
0505020076001200807
0505020084009200807
0505020084001200807
0505020092001200807
0505020106001200807
0505020114009200807
0505020114001200807
0506010015009200807
0506010023009200807
0506020010007200807
0506020029007200807
0506020037007200807
0506020045007200807
0601010019009200807
0601010027009200807
0601010035009200807
0601010043009200807
0601020014009200807
0601030010009200807
0601030028009200807
0601040015009200807
0601040023009200807
0601040031009200807
0601040040009200807
0601040058009200807
0601050010009200807
0601050029009200807
0601050037009200807
0601050045009200807
0601050053009200807
0601050061009200807
0601050070009200807
0601050088009200807
0601050096009200807
0601050100009200807
0601050118009200807
0601050126009200807
0601050134009200807
0601050142009200807
0601050150009200807
0601050169009200807
0601060016009200807
0601060024009200807
0601070011009200807
0601070020009200807
0601070038009200807
0601070046009200807
0601070054009200807
0601070062009200807
0601070070009200807
0601070089009200807
0601080017009200807
0601080025009200807
0601080033009200807
0601090012009200807
0601090020009200807
0601090039009200807
0601090047009200807
0601090055009200807
0601090063009200807
0601090080009200807
0601090098009200807
0601090101009200807
0601100018009200807
0601100026009200807
0601100034009200807
0601100042009200807
0601100050009200807
0601100069009200807
0601100077009200807
0601100085009200807
0601100093009200807
0601100107009200807
0601100115009200807
0601100123009200807
0601100131009200807
0601100140009200807
0601100158009200807
0601100166009200807
0601110013009200807
0601110021009200807
0601110030009200807
0601110048009200807
0601110056009200807
0601110064009200807
0601110072009200807
0601110080009200807
0601110099009200807
0601110102009200807
0601110110009200807
0601120019009200807
0601120027009200807
0601120035009200807
0601130014009200807
0601130022009200807
0601140010009200807
0601140028009200807
0601140036009200807
0601140044009200807
0601150015009200807
0601150023009200807
0601160010009200807
0601160029009200807
0601160037009200807
0601170016009200807
0601170024009200807
0601170032009200807
0601170040009200807
0601170059009200807
0601170067009200807
0601170075009200807
0601170083009200807
0601170091009200807
0601170105009200807
0601170113009200807
0601170121009200807
0601170130009200807
0601170148009200807
0601180011009200807
0601180020009200807
0601180038009200807
0601180046009200807
0601180054009200807
0601180062009200807
0601180070009200807
0601180089009200807
0601180097009200807
0601180100009200807
0601180119009200807
0601180127009200807
0601180135009200807
0601180143009200807
0601180151009200807
0601180160009200807
0601180178009200807
0601180186009200807
0601180194009200807
0601180208009200807
0601180216009200807
0601180224009200807
0601180232009200807
0601190017009200807
0601190025009200807
0601190033009200807
0601190041009200807
0601190050009200807
0601190068009200807
0601190076009200807
0601190084009200807
0601190092009200807
0601190106009200807
0601190114009200807
0601190122009200807
0601200012009200807
0601200020009200807
0601200039009200807
0601200047009200807
0601200055009200807
0601200063009200807
0601200071009200807
0601200080009200807
0601200098009200807
0601200101009200807
0601200110009200807
0601200128009200807
0601200136009200807
0601200144009200807
0601200152009200807
0601200160009200807
0601200179009200807
0601210018009200807
0601210026009200807
0601210034009200807
0601210042009200807
0601210050009200807
0601210069009200807
0601210077009200807
0601210085009200807
0601210093009200807
0601220013009200807
0601220021009200807
0601220030009200807
0601220048009200807
0601220056009200807
0601220064009200807
0601220072009200807
0601230019009200807
0601240014009200807
0601240022009200807
0601250010009200807
0601250028009200807
0601250036009200807
0601260015009200807
0601270010009200807
0601270029009200807
0601270037009200807
0601270045009200807
0601270053009200807
0601280016009200807
0601280024009200807
0601290011009200807
0601300017009200807
0601300025009200807
0601300033009200807
0601300041009200807
0601310012009200807
0601310020009200807
0601320018009200807
0601320026009200807
0601330013009200807
0601330021009200807
0601330030009200807
0601330048009200807
0601340019009200807
0601350014009200807
0601350022009200807
0601350030009200807
0601350049009200807
0601350057009200807
0601350065009200807
0601350073009200807
0601350081009200807
0601350090009200807
0601350103009200807
0601350111009200807
0601350120009200807
0601350138009200807
0601350146009200807
0601360010009200807
0601360028009200807
0601360036009200807
0601360044009200807
0601360052009200807
0601360060009200807
0601360079009200807
0801010047005200807
