010101001001200807
010101002801200807
010101003601200807
010101004401200807
010102001501200807
010102002301200807
010102003101200807
010102004001200807
010102005801200807
010102006601200807
010102007401200807
010102008201200807
010102009001200807
010103001001200807
010103002901200807
010104001601200807
010104002401200807
010104003201200807
010104004001200807
010201001301200807
010201002101200807
010201003001200807
010201004801200807
010201005601200807
010201006401200807
010201007201200807
010201008001200807
010201009901200807
010201010201200807
010201011001200807
010201012901200807
010201013701200807
010201014501200807
010201015301200807
020101001104200807
020101001101200807
020101002001200807
020101003803200807
020101004604200807
020101004601200807
020101005405200807
020101006204200807
020101006201200807
020101007001200807
020101007004200807
020101008901200807
020101009702200807
020101009703200807
020101010001200807
020101010004200807
020101011902200807
020101011903200807
020101012703200807
020101013503200807
020101014303200807
020101014306200807
020101015102200807
020101016002200807
020101016003200807
020101017801200807
020101017804200807
020101018602200807
020101018603200807
020101019401200807
020101019404200807
020101020803200807
020101021604200807
020101021601200807
020101022404200807
020101022401200807
020101023204200807
020101023201200807
020101024003200807
020101024002200807
020101025903200807
020101026703200807
020101026701200807
020101027504200807
020101027501200807
020101028304200807
020101028301200807
020101029101200807
020101030501200807
020101030503200807
020101031303200807
020101031301200807
020101032101200807
020101032103200807
020101033003200807
020101033001200807
020101034801200807
020101035602200807
020101036401200807
020101037204200807
020101037201200807
020101038004200807
020101038001200807
020101039901200807
020101040203200807
020101040201200807
020101041001200807
020101042905200807
020101043704200807
020101043701200807
020101044501200807
020101045301200807
020101046101200807
020101047001200807
020101048804200807
020101048801200807
020101049601200807
020101049604200807
020101050004200807
020101050001200807
020101051801200807
020101051804200807
020101052601200807
020101052604200807
020101053403200807
020101054202200807
020101055003200807
020101056902200807
020101057703200807
020101058502200807
020101059301200807
020101060702200807
020101061504200807
020101061501200807
020101062301200807
020101062304200807
020101063105200807
020101063101200807
020101064001200807
020101065801200807
020101066604200807
020101066602200807
020102001701200807
020102002501200807
020102003301200807
020102004101200807
020102005001200807
020201001501200807
020201002305200807
020201002301200807
020201003101200807
020201004001200807
020201004005200807
020201005801200807
020201005805200807
020201006605200807
020201006601200807
020201006607200807
020201007401200807
020201007405200807
020201008205200807
020201008201200807
020201009001200807
020201009005200807
020201010401200807
020201011201200807
020201012005200807
020201012001200807
020201013901200807
020201014701200807
020201014705200807
020201015501200807
020201016301200807
020201017101200807
020201018001200807
020201018005200807
020201019805200807
020201019801200807
020201020101200807
020201020105200807
020201021007200807
020201021001200807
020201021005200807
020201022805200807
020201022801200807
020201023601200807
020201024405200807
020201025201200807
020201025205200807
020201026001200807
020201026005200807
020201027905200807
020201027907200807
020201027901200807
020201028701200807
020201028707200807
020201029501200807
020201029505200807
020201029507200807
020201030905200807
020201030901200807
020201031705200807
020201031707200807
020201031701200807
020201032501200807
020201032505200807
020201033301200807
020201033305200807
020201034101200807
020201035001200807
020201036801200807
020201036805200807
020201037605200807
020201037601200807
020201038405200807
020201038407200807
020201038401200807
020201039207200807
020201039201200807
020201039205200807
020201040605200807
020201040607200807
020201040601200807
020201041405200807
020201041401200807
020201042201200807
020201042207200807
020201042205200807
020201043005200807
020201043007200807
020201043001200807
020201044905200807
020201044901200807
020201045701200807
020201046505200807
020201046501200807
020201047301200807
020201047305200807
020201047307200807
020201048101200807
020201049001200807
020201049005200807
020201050305200807
020201050301200807
020201051105200807
020201051101200807
020201052001200807
020201053801200807
020201053805200807
020201054601200807
020201054605200807
020201055401200807
020201055405200807
020201056205200807
020201056201200807
020201057005200807
020201057001200807
020201058905200807
020201058901200807
020201059701200807
020201060007200807
020201060005200807
020201060001200807
020201061905200807
020201061901200807
020201062705200807
020201062701200807
020201062707200807
020201063501200807
020201063505200807
020201064301200807
020201064305200807
020201065105200807
020201065107200807
020201065101200807
020201066007200807
020201066005200807
020201066001200807
020201067801200807
020201067807200807
020201067805200807
020201068601200807
020201069407200807
020201069405200807
020201069401200807
020201070801200807
020201070805200807
020201071601200807
020201071605200807
020201072405200807
020201072401200807
020201073205200807
020201073201200807
020201074005200807
020201074001200807
020201075901200807
020202001005200807
020202001001200807
020202002901200807
020202002905200807
020202003701200807
020202003705200807
020202004505200807
020202004501200807
020202005301200807
020202006101200807
020202007001200807
020202007005200807
020202008801200807
020202009601200807
020202009605200807
020202010001200807
020202010005200807
020202011801200807
020202012601200807
020202012605200807
020202013401200807
020202013405200807
020202014201200807
020202014205200807
020202015001200807
020202015005200807
020202016901200807
020202016905200807
020202017705200807
020202017701200807
020202018505200807
020202018501200807
020202019301200807
020202019305200807
020202020701200807
020202020705200807
020202021505200807
020202021501200807
020202022305200807
020202022301200807
020202023101200807
020202023105200807
020202024001200807
020202024005200807
020202025805200807
020202025801200807
020202026605200807
020202026601200807
020202027405200807
020202027401200807
020202028201200807
020202028205200807
020202029005200807
020202029001200807
020202030407200807
020202030405200807
020202030401200807
020202031201200807
020202032001200807
020202032005200807
020202033901200807
020202034705200807
020202034701200807
020202035501200807
020202035505200807
020202036301200807
020202036305200807
020202037107200807
020202037105200807
020202037101200807
020202038005200807
020202038001200807
020202038007200807
020202039805200807
020202039801200807
020202040105200807
020202040101200807
020202041005200807
020202041001200807
020202042801200807
020202043605200807
020202043601200807
020202044405200807
020202044401200807
020202045205200807
020202045201200807
020202046001200807
020202046005200807
020202047905200807
020202048705200807
020202048701200807
020202049505200807
020202049501200807
020202050901200807
020202050905200807
020202051701200807
020202052501200807
020202053301200807
020202053305200807
020202054101200807
020202054105200807
020203001601200807
020203001605200807
020203002402200807
020203003205200807
020203003201200807
020203004001200807
020203005902200807
020203006705200807
020203006701200807
020203007501200807
020203007505200807
020203008305200807
020203008301200807
020203009105200807
020203009101200807
020203010501200807
020203011305200807
020203011301200807
020203012105200807
020203012101200807
020203013005200807
020203013001200807
020203014801200807
020203014805200807
020203015601200807
020203016401200807
020203016405200807
020203017205200807
020203018001200807
020203019901200807
020203020201200807
020203020205200807
020203021002200807
020203022905200807
020203022901200807
020203023702200807
020203024505200807
020203024501200807
020203025301200807
020203026101200807
020203027001200807
020203027005200807
020203028801200807
020203028805200807
020203029601200807
020203029605200807
020203030005200807
020203030001200807
020203030007200807
020203031801200807
020203031805200807
020203032601200807
020203033401200807
020203034201200807
020203035001200807
020203036901200807
020203037701200807
020203038501200807
020203039301200807
020203040701200807
020203040705200807
020203041505200807
020203041501200807
020203042301200807
020203043101200807
020203044001200807
020203045801200807
020203046601200807
020203046605200807
020203047405200807
020203047401200807
020203048201200807
020203049001200807
020203050401200807
020203051201200807
020203052001200807
020203053901200807
020203054701200807
020203054705200807
020203055501200807
020203056301200807
020203057101200807
020203058001200807
020203059801200807
020203059805200807
020203060101200807
020203061001200807
020203062801200807
020203063605200807
020203063607200807
020203063601200807
020203064401200807
020203065201200807
020203066001200807
020203067907200807
020203067902200807
020203067905200807
020203068701200807
020203069501200807
020203070901200807
020203070905200807
020203071705200807
020203071701200807
020203072501200807
020203073301200807
020203073305200807
020203074105200807
020203074101200807
020203075001200807
020203076801200807
020203076805200807
020203077601200807
020203077605200807
020203078405200807
020203078401200807
020203079201200807
020203080601200807
020203081401200807
020203081405200807
020203082201200807
020203083001200807
020203084901200807
020203085701200807
020203085705200807
020203086501200807
020203087301200807
020203087305200807
020203088105200807
020203088101200807
020203089005200807
020203089001200807
020203089007200807
020203090301200807
020203091101200807
020203092005200807
020203092001200807
020203093801200807
020203094601200807
020203095401200807
020203096201200807
020203097007200807
020203097001200807
020203097005200807
020203098901200807
020203099701200807
020203100401200807
020203100405200807
020203101201200807
020203101205200807
020203102001200807
020203103901200807
020203104701200807
020203104705200807
020203105501200807
020203106301200807
020203107102200807
020203108002200807
020203109801200807
020203109804200807
020203110101200807
020203110105200807
020203111005200807
020203111001200807
020203112801200807
020203112805200807
020203113601200807
020203113605200807
020203114405200807
020203114401200807
020203115201200807
020203116005200807
020203116001200807
020203117901200807
020203117905200807
020204001101200807
020204002001200807
020204003801200807
020204003805200807
020204004605200807
020204004601200807
020204005401200807
020204006201200807
020204007005200807
020204007001200807
020204008901200807
020204009701200807
020204009705200807
020204010001200807
020204011901200807
020204012705200807
020204012701200807
020204013505200807
020204013501200807
020204014301200807
020204014305200807
020204015101200807
020204016001200807
020204017801200807
020205001705200807
020205001701200807
020205002501200807
020205002505200807
020205003301200807
020205004101200807
020205004105200807
020205005005200807
020205005001200807
020205006801200807
020205006805200807
020205007601200807
020205008401200807
020205009201200807
020205010601200807
020205011405200807
020205011401200807
020205012201200807
020205013005200807
020205013001200807
020205014901200807
020205015701200807
020205016501200807
020205017301200807
020205018101200807
020205018105200807
020205019001200807
020205020301200807
020205021101200807
020205022001200807
020205022005200807
020205023805200807
020205023801200807
020205024601200807
020205024605200807
020205025401200807
020205025405200807
020205026201200807
020205027001200807
020205028901200807
020205029701200807
020205030001200807
020205030005200807
020205031901200807
020205032701200807
020206001201200807
020206002001200807
020206003901200807
020206004701200807
020206005505200807
020206005501200807
020206006301200807
020206007101200807
020206008001200807
020206009805200807
020206009801200807
020206010101200807
020206011001200807
020206011005200807
020206012801200807
020206013607200807
020206013601200807
020206014401200807
020206015201200807
020206015205200807
020206016001200807
020206016005200807
020206017905200807
020206017901200807
020206018701200807
020206018705200807
020206019501200807
020206020901200807
020206021701200807
020206021705200807
020206022505200807
020206022501200807
020206023301200807
020206023305200807
020206024105200807
020206024101200807
020206025001200807
020206025005200807
020206026805200807
020206026801200807
020206027601200807
020206027607200807
020206028401200807
020206029205200807
020206029201200807
020206030605200807
020206030601200807
020206031401200807
020206031405200807
020206032201200807
020206033001200807
020206033005200807
020206034901200807
020206034905200807
020206035701200807
020206036501200807
020206037305200807
020206037301200807
020206038101200807
020206038105200807
020206039001200807
020206039005200807
020206040301200807
020206041101200807
020206042001200807
020206043801200807
020206044601200807
020206045401200807
020206046201200807
020207001801200807
020207002601200807
020207003401200807
020207004201200807
020207005001200807
020207006901200807
020207007701200807
020207008507200807
020207008501200807
020207009301200807
020207009305200807
020207010701200807
020207011501200807
020207012305200807
020207012301200807
020207013101200807
020207014001200807
020207015801200807
020207016601200807
020207017401200807
020207018202200807
020207018205200807
020207019001200807
020207019005200807
020207020405200807
020207020401200807
020207021201200807
020207022001200807
020207023901200807
020207024701200807
020207025505200807
020207025501200807
020207026301200807
020207027105200807
020207027101200807
020207028001200807
020207029801200807
020207030101200807
020207031001200807
020207032801200807
020207033601200807
020207034401200807
020207035207200807
020207035201200807
020208001301200807
020208001305200807
020208002101200807
020208002105200807
020208003001200807
020208003005200807
020208004801200807
020208004805200807
020208005601200807
020208006401200807
020208006405200807
020208007205200807
020208007201200807
020208008005200807
020208008001200807
020208009901200807
020208010201200807
020208011001200807
020208011005200807
020208012905200807
020208012901200807
020208013705200807
020208013701200807
020208014505200807
020208014501200807
020208015305200807
020208015301200807
020208016101200807
020208016105200807
020208017001200807
020208018801200807
020208019601200807
020208020001200807
020208021801200807
020208022601200807
020208023401200807
020209001901200807
020209001905200807
020209002701200807
020209003501200807
020209004301200807
020209005105200807
020209005101200807
020209006001200807
020209006005200807
020209007801200807
020209007805200807
020209008601200807
020209009401200807
020209010801200807
020209010805200807
020209011601200807
020209012401200807
020209012405200807
020209013205200807
020209013201200807
020209014005200807
020209015901200807
020209015905200807
020209016701200807
020209016705200807
020209017501200807
020209018305200807
020209018301200807
020209019101200807
020209019105200807
020209021305200807
020209021301200807
020209022101200807
020209023001200807
020209023005200807
020209024801200807
020209025601200807
020209025605200807
020209026401200807
020209027201200807
020209027205200807
020209028001200807
020209029901200807
020209029905200807
020209030201200807
020209030205200807
020209031001200807
020209032901200807
020209032905200807
020209033705200807
020209033701200807
020209034501200807
020209035301200807
020210001401200807
020210002201200807
020210003001200807
020211001001200807
020211002802200807
020211003602200807
020211004401200807
020211005201200807
020211006001200807
020211007901200807
020211008701200807
020212001501200807
020212001505200807
020212002301200807
020212002305200807
020212003101200807
020212003105200807
020212004005200807
020212004001200807
020212005805200807
020212005801200807
020212006601200807
020212006605200807
020212007405200807
020212007401200807
020212008201200807
020212008205200807
020212009001200807
020212009005200807
020212010401200807
020212010405200807
020301001902200807
020301002701200807
020301002704200807
020301003504200807
020301003501200807
020301004302200807
020302001402200807
020302002202200807
020302003001200807
020302003004200807
020302004902200807
020302005705200807
020302006502200807
020302007302200807
020302008102200807
020401001201200807
020401001205200807
020401002001200807
020401003901200807
020401003905200807
020401004701200807
020401004705200807
020401005505200807
020401005501200807
020401006305200807
020401006301200807
020401007101200807
020401007105200807
020401008001200807
020401008005200807
020401009801200807
020401009805200807
020401010101200807
020401010105200807
020401011005200807
020401011001200807
020401012805200807
020401012801200807
020401013605200807
020401013601200807
020401014405200807
020401014401200807
020401015201200807
020401015205200807
020401016001200807
020401016005200807
020401017901200807
020401017905200807
020401018701200807
020401018705200807
020401019505200807
020401019501200807
020401020905200807
020401020901200807
020402001804200807
020402001802200807
020402002601200807
020402003401200807
020402003405200807
020402004205200807
020402004201200807
020402005001200807
020402005005200807
020402006905200807
020402006901200807
020402007705200807
020402007701200807
020402008501200807
020402008505200807
020402009305200807
020402009301200807
020402010701200807
020402010705200807
020402011501200807
020402012301200807
020402012305200807
020402013105200807
020403001304200807
020403001301200807
020403002105200807
020403002101200807
020403003002200807
020403004804200807
020403004802200807
020403005605200807
020403005601200807
020403006401200807
020403006405200807
020403007205200807
020403007201200807
020403008005200807
020403008001200807
020403009901200807
020403009905200807
020403010205200807
020403010201200807
020403011001200807
020403011005200807
020403012905200807
020403012901200807
020403013701200807
020403013705200807
020403014505200807
020403014501200807
020403015301200807
020403015305200807
020403015307200807
020403016102200807
020403017001200807
020403017005200807
020404001905200807
020404001901200807
020404002705200807
020404002701200807
020404003505200807
020404003501200807
020404004305200807
020404004301200807
020404005105200807
020404005101200807
020404006005200807
020404006001200807
020404007805200807
020404007801200807
020404008601200807
020404008605200807
020404009401200807
020404009405200807
020404010805200807
020404010801200807
020404011605200807
020404011601200807
020404012405200807
020404012401200807
020405001401200807
020405001405200807
020405002201200807
020405002205200807
020405003001200807
020405003005200807
020405004905200807
020405004901200807
020405005705200807
020405005701200807
020405006505200807
020405006501200807
020405007301200807
020405008101200807
020405008105200807
020405009005200807
020405010305200807
020405010301200807
020405011105200807
020405011101200807
020405012005200807
020405012001200807
020405013801200807
020405013805200807
020405014601200807
020405014605200807
020405015401200807
020405015405200807
020405016201200807
020405017001200807
020405017005200807
020405018905200807
020405018901200807
020406001001200807
020406001005200807
020406002802200807
020406003601200807
020406003605200807
020406004401200807
020406005201200807
020406006005200807
020406006001200807
020406007905200807
020406007901200807
020406008705200807
020406008701200807
020406009505200807
020406009501200807
020406010901200807
020406010905200807
020406011705200807
020406011701200807
020406012501200807
020406012505200807
020406013301200807
020406013305200807
020406014101200807
020406015001200807
020406015005200807
020406016801200807
020406016805200807
020406017601200807
020501001602200807
020501001604200807
020501002404200807
020501002402200807
020501003202200807
020501003204200807
020501003207200807
020501004001200807
020501004004200807
020501005901200807
020502001104200807
020502002001200807
020502003804200807
020502003801200807
020502004601200807
020502004604200807
020502005404200807
020502005401200807
020502006201200807
020502007001200807
020502007004200807
020502008901200807
020502008904200807
020502009702200807
020502010001200807
020502011901200807
020502011904200807
020502012704200807
020502012701200807
020502013501200807
020502013504200807
020502014304200807
020502014301200807
020502015101200807
020502016004200807
020502016001200807
020502017804200807
020502017801200807
020502018601200807
020502019402200807
020601001002200807
020601001004200807
020601002804200807
020601002802200807
020601003602200807
020601003604200807
020601004402200807
020601004404200807
020601005202200807
020601006002200807
020601006004200807
020601007904200807
020601007902200807
020601008702200807
020602001502200807
020602002302200807
020602003102200807
020602003104200807
020602004004200807
020603001004200807
020603001002200807
020603002902200807
020603003702200807
020603003704200807
020701001302200807
020701001304200807
020701002102200807
020701002105200807
020701003004200807
020701003002200807
020701004802200807
020701004804200807
020701005604200807
020701005602200807
020701006404200807
020701006402200807
020701007204200807
020701007202200807
020702001902200807
020702001904200807
020702002702200807
020702002704200807
020702003502200807
020702003504200807
020703001402200807
020703001404200807
020703002202200807
020703002204200807
020703003004200807
020703003002200807
020703004904200807
020703004902200807
020801001702200807
020801002502200807
020801002504200807
020801003304200807
020801003302200807
020801004104200807
020801004102200807
020801005004200807
020801005002200807
020801006802200807
020801006804200807
020801007604200807
020801007602200807
020801008402200807
020801008404200807
020801009202200807
020801009204200807
020802001204200807
020802001202200807
020802002004200807
020802002002200807
020802003902200807
020802003904200807
020802004705200807
020802005502200807
020802005504200807
020802006304200807
020802006302200807
020802007104200807
020802007102200807
020802008002200807
020802008004200807
020802009802200807
020802009804200807
020802010104200807
020802010102200807
020802011004200807
020802011002200807
020802012802200807
020802012804200807
020803001804200807
020803001802200807
020803002604200807
020803002602200807
020803003402200807
020803003404200807
020803004202200807
020803004204200807
020803005004200807
020803005002200807
020804001305200807
020804002104200807
020804002102200807
020804003002200807
020804003004200807
020804004805200807
020804005604200807
020804005602200807
020804006404200807
020804006402200807
020804007202200807
020804007204200807
020804008004200807
020804008002200807
020804009904200807
020804009902200807
020804010204200807
020804010202200807
020805001904200807
020805001902200807
020805002705200807
020805003502200807
020805003504200807
020805004302200807
020805004304200807
020806001402200807
020806001404200807
020806002204200807
020806002202200807
020806003002200807
020806003004200807
020807001004200807
020807001002200807
020807002804200807
020807002802200807
020807003604200807
020807003602200807
020807004402200807
020807004404200807
020808001502200807
020808001504200807
020808002305200807
020808002302200807
020808003102200807
020808003104200807
020808004002200807
020808004004200807
020809001004200807
020809001002200807
020809002902200807
020809003702200807
020809003704200807
020901001001200807
020901001004200807
020901002901200807
020901002904200807
020901003704200807
020901003701200807
020901004504200807
020901004501200807
020901005301200807
020901005304200807
020901006104200807
020901006101200807
020902001604200807
020902001601200807
020903001101200807
020904001704200807
020904001701200807
020904002501200807
020904003301200807
020904003303200807
020904004101200807
020904005003200807
021001001004200807
021001002902200807
021001003705200807
021001004502200807
021001004504200807
021001005302200807
021001005304200807
021001006102200807
021001006104200807
021001007004200807
021001007002200807
021001008802200807
021001009602200807
021001009604200807
021001010002200807
021001010004200807
021001011804200807
021001011802200807
021001012604200807
021001012602200807
021001013402200807
021001013404200807
021001014204200807
021001014202200807
021001015002200807
021001015004200807
021001016902200807
021001016904200807
021001017702200807
021001018502200807
021001019304200807
021001019302200807
021001020702200807
021002001604200807
021002001602200807
021101001401200807
021101002201200807
021101002205200807
021101003001200807
021101003005200807
021101004901200807
021102001004200807
021102001006200807
021102002804200807
021102002806200807
021102003605200807
021102003601200807
021102004401200807
021102004405200807
021102004407200807
021102005201200807
021102006001200807
021102006005200807
021102006007200807
021103001502200807
021103001504200807
021103002304200807
021103002302200807
021103003102200807
021103003104200807
021103004002200807
021103004005200807
021103005802200807
021103005805200807
021103006604200807
021103006602200807
021103007402200807
021103007404200807
021103008202200807
021103008204200807
021103009002200807
021103009004200807
021104001001200807
021104001005200807
021104002905200807
021104002901200807
021104003701200807
021104004501200807
021104005301200807
021104006105200807
021104006101200807
021105001605200807
021105002401200807
021105002405200807
021105003201200807
021105003205200807
021105004001200807
021105004005200807
021105005901200807
021105006701200807
021105006705200807
021105007501200807
021105008301200807
021105008305200807
021105009103200807
021105010503200807
021105011301200807
021105011305200807
021105012101200807
021105012105200807
021105013001200807
021105013005200807
021105014804200807
021105015601200807
021106001101200807
021106002001200807
021106003801200807
021106005401200807
021106006201200807
021106007001200807
021106008901200807
021106009701200807
021106010001200807
021106011901200807
021106012701200807
021106013501200807
021106014301200807
021106015101200807
021106016001200807
021106017801200807
021106018601200807
021106019401200807
021106020801200807
021106021601200807
021106022401200807
021106023201200807
021106024001200807
021106025904200807
021106025901200807
021106026701200807
021106027501200807
021107001701200807
021107002505200807
021107002507200807
021107002501200807
021107003307200807
021107003301200807
021107004105200807
021107004101200807
021107004107200807
021107005001200807
021107006801200807
021107007601200807
021107008401200807
021107009206200807
021107010606200807
021107011401200807
021107012201200807
021107013001200807
021107014901200807
021107015707200807
021107015701200807
021107016501200807
021107017301200807
021107018101200807
021107019001200807
021107020301200807
021107020305200807
021107020307200807
021107021107200807
021107021101200807
021107021105200807
021107022001200807
021107023801200807
021107024607200807
021107024601200807
021107025401200807
021107026207200807
021107026201200807
021107027001200807
021107028901200807
021107029706200807
021107030006200807
021107031906200807
021107032701200807
021107033501200807
021107034301200807
021107035105200807
021107035101200807
021107036001200807
021108001205200807
021108001201200807
021108002001200807
021108003901200807
021108004705200807
021108004701200807
021108005501200807
021108006305200807
021108006301200807
021108007101200807
021108007105200807
021108008005200807
021108008001200807
021109001801200807
021109002601200807
021109003401200807
021109004205200807
021109004201200807
021109005001200807
021109006901200807
021109007701200807
021110001301200807
021110001305200807
021201001801200807
021201002604200807
021201002601200807
021201003401200807
021201003404200807
021201004201200807
021201005001200807
021202001301200807
021202002101200807
021202003001200807
021202004801200807
021202005601200807
021202006401200807
021301001101200807
021301002001200807
021301003801200807
021301004601200807
021301005401200807
021301006201200807
021301007001200807
021301008901200807
021301009701200807
021301010001200807
021301011901200807
021301012701200807
021301013501200807
021301014301200807
021301015101200807
021301016001200807
021301017801200807
021301018601200807
021301019401200807
021301020801200807
021301021601200807
021301022401200807
021301023201200807
021301024001200807
021301025901200807
021301026701200807
021301027501200807
021301028301200807
021301029101200807
021301030501200807
021301031301200807
021301032101200807
021301033001200807
021301034801200807
021301035601200807
021301036401200807
021301037201200807
021301038001200807
021301039901200807
021301040201200807
021301041001200807
021301042901200807
021301043701200807
021301044501200807
021301045301200807
021301046101200807
021301047001200807
021301048801200807
021301049601200807
021301050001200807
021301051801200807
021301052601200807
021301053401200807
021301054201200807
021301055001200807
021301056901200807
021301057701200807
021301058501200807
021301059301200807
021301060701200807
021301061501200807
021301062301200807
021301063101200807
021301064001200807
021301065801200807
021301066601200807
021301067401200807
021301068201200807
021301069001200807
021301070401200807
021301071201200807
021302001701200807
021302002501200807
021302003301200807
021302004101200807
021302005001200807
021302006801200807
021302007601200807
021302008401200807
021401001501200807
021401002301200807
021401003101200807
021401004001200807
021401004004200807
021401005801200807
021401005804200807
030101001301200807
030101002101200807
030101003001200807
030101004805200807
030101004801200807
030101005601200807
030101006401200807
030101007201200807
030101008001200807
030101009901200807
030101010202200807
030101011001200807
030101012901200807
030101013701200807
030101014504200807
030101015301200807
030101016101200807
030101017005200807
030102001902200807
030102002702200807
030102003502200807
030103001401200807
030103002201200807
030103003001200807
030103004901200807
030103005701200807
030103006501200807
030103007301200807
030103008101200807
030103009001200807
030103010301200807
030103011101200807
030103012001200807
030103013801200807
030103014601200807
030103015401200807
030103016201200807
030103017001200807
030103018901200807
030104001001200807
030104002801200807
030104003601200807
030104004401200807
030105001506200807
030105002302200807
030105003102200807
030105004002200807
030105005801200807
030105006607200807
030105006605200807
030105007403200807
030106001003200807
030106002901200807
030106003701200807
030106004501200807
030106005301200807
030106006101200807
030106007003200807
030106008803200807
030106009601200807
030106010001200807
030107001606200807
030107002402200807
030107003206200807
030107004002200807
030107005902200807
030107006702200807
030107007502200807
030107008301200807
030107009101200807
030107010502200807
030107011302200807
030107012102200807
030107013002200807
030108001101200807
030108002006200807
030108003807200807
030108003806200807
030108004606200807
030108005406200807
030108006206200807
030108007006200807
030108008906200807
030108009706200807
030108010006200807
030108011906200807
030108012706200807
030108013506200807
030108014301200807
030108015101200807
030108016001200807
030108017801200807
030109001703200807
030109002503200807
030110001201200807
030110002001200807
030110003901200807
030110004701200807
030110004705200807
030110005501200807
030110005505200807
030110006305200807
030110007105200807
030110008005200807
030110009805200807
030110010105200807
030110010101200807
030110011005200807
030110012805200807
030110012801200807
030110013601200807
030110014405200807
030110014401200807
030110015201200807
030110016004200807
030110017901200807
030110017905200807
030110018701200807
030111001806200807
030111002606200807
030112001302200807
030112002102200807
030112003002200807
030112004802200807
030112005606200807
030113001906200807
030201001702200807
030201001704200807
030201002504200807
030201002502200807
030201003304200807
030202001202200807
030202001204200807
030202002004200807
030202002002200807
030202003902200807
030202003904200807
030203001802200807
030203001804200807
030203002604200807
030203002602200807
030204001304200807
030204001302200807
030204002104200807
030204002102200807
030204003002200807
030204003004200807
030204004804200807
030204004802200807
030204005604200807
030204005602200807
030205001904200807
030205001902200807
030205002702200807
030205003504200807
030206001402200807
030206001404200807
030206002204200807
030206002202200807
030206003002200807
030206003004200807
030206004902200807
030206005702200807
030206005704200807
030207001004200807
030207001002200807
030207002804200807
030207003602200807
030301001003200807
030301002903200807
030301003703200807
030301004503200807
030301005303200807
030301006103200807
030301007003200807
030301008803200807
030301009603200807
030301010003200807
030301011803200807
030301012603200807
030301013403200807
030301014203200807
030301015003200807
030301016903200807
030301017703200807
030301018503200807
030301019303200807
030301020703200807
030301021503200807
030302001601200807
030302002401200807
030302003203200807
030302004003200807
030302005903200807
030302006703200807
030302007503200807
030302008303200807
030303001103200807
030303002003200807
030303003803200807
030303004603200807
030303005403200807
030303006203200807
030304001703200807
030304002503200807
030304003303200807
030304004103200807
030304005003200807
030304006803200807
030304007603200807
030304008403200807
030304009203200807
030304010603200807
030304011403200807
030304012203200807
030304013003200807
030304014903200807
030304015703200807
030304016503200807
030304017303200807
030304018103200807
030304019003200807
030304020303200807
030304021103200807
030304022003200807
030304023803200807
030304024603200807
030304025403200807
030304026203200807
030304027003200807
030304028903200807
030304029703200807
030305001202200807
030305002001200807
030305003902200807
030305004702200807
030305005502200807
030305006302200807
030305007102200807
030305008002200807
030305009802200807
030305010102200807
030305011002200807
030305012802200807
030305013603200807
030305014403200807
030305015202200807
030305016002200807
030305017902200807
030305018702200807
030305019502200807
030305020902200807
030306001803200807
030306002603200807
030306003403200807
030306004203200807
030306005003200807
030306006903200807
030306007703200807
030306008503200807
030306009303200807
030306010703200807
030306011503200807
030306012303200807
030306013103200807
030306014003200807
030306015803200807
030306016603200807
030306017403200807
030306018203200807
030306019003200807
030306020403200807
030306021203200807
030306022003200807
030306023903200807
030306024703200807
030306025503200807
030306026303200807
030306027103200807
030306028003200807
030306029803200807
030306030103200807
030307001301200807
030307002104200807
030307003001200807
030307004801200807
030307005601200807
030307006403200807
030307007203200807
030307008003200807
030307009903200807
030307010203200807
030307011003200807
030307012903200807
030308001901200807
030308002701200807
030308003501200807
030308004303200807
030308005103200807
030308006003200807
030308007803200807
030308008603200807
030308009403200807
030309001401200807
030309001405200807
030309002201200807
030309002205200807
030309003001200807
030309004901200807
030309004904200807
030309007301200807
030309008101200807
030309009001200807
030309011101200807
030309012005200807
030309012001200807
030309013803200807
030309014601200807
030309014605200807
030309015401200807
030309016201200807
030309017005200807
030309018901200807
030309018905200807
030309019703200807
030309020003200807
030309020001200807
030309021901200807
030309022701200807
030309022705200807
030309023503200807
030309023501200807
030309024303200807
030309025101200807
030309026001200807
030309028603200807
030309028601200807
030309029403200807
030309030801200807
030309030803200807
030309031603200807
030309032403200807
030309033203200807
030309034003200807
030309035903200807
030309036703200807
030309037503200807
030310001003200807
030310002803200807
030310003603200807
030310004403200807
030310005203200807
030311001503200807
030311002303200807
030311003103200807
030311004003200807
030311005803200807
030311006603200807
030311007403200807
030311008203200807
030311009003200807
030311010403200807
030311011203200807
030312002905200807
030312003705200807
030312004505200807
030312005301200807
030312006102200807
030312007002200807
030313001603200807
030313002403200807
030313003203200807
030313004003200807
030313005903200807
030313006703200807
030313007503200807
030313008303200807
030314001101200807
030314002003200807
030314003803200807
030314004603200807
030314005403200807
030314006203200807
030314007003200807
030314008903200807
030314009703200807
030314010003200807
030314011901200807
030314011903200807
030314012703200807
030314013503200807
030314014303200807
030314015103200807
030315001703200807
030315002503200807
030315003303200807
030315004103200807
030315005003200807
030315006803200807
030316001203200807
030316002003200807
030316003903200807
030316004703200807
030316005503200807
030316006303200807
030316007103200807
030317001803200807
030317002603200807
030317003403200807
030317004203200807
030317005003200807
030317006903200807
030317007703200807
030317008503200807
030317009303200807
030317010703200807
030318001303200807
030318003003200807
030318004803200807
030318005603200807
030318006403200807
030318007203200807
030319001903200807
030401001406200807
030401002206200807
030401003002200807
030401004903200807
030401005703200807
030401006503200807
030401007306200807
030401008107200807
030401009006200807
030401010302200807
030401010307200807
030401011103200807
030401012006200807
030401013806200807
030401014606200807
030401015407200807
030401016203200807
030401017007200807
030401018907200807
030401019707200807
030401020007200807
030401021906200807
030401022706200807
030401023506200807
030401024306200807
030401026006200807
030401028606200807
030401029406200807
030401030807200807
030401031607200807
030401032403200807
030401033203200807
030402001006200807
030402002806200807
030402003606200807
030402004406200807
030402005206200807
030402006006200807
030402007906200807
030402008706200807
030402009506200807
030402010906200807
030402011706200807
030402012506200807
030402013306200807
030402014106200807
030402015006200807
030402016806200807
030402017606200807
030402018406200807
030402019206200807
030402020606200807
030402021406200807
030402022206200807
030402023006200807
030402024906200807
030402025706200807
030402026506200807
030402027306200807
030402028106200807
030402029006200807
030402030306200807
030402031106200807
030402032006200807
030402033806200807
030402034606200807
030402035406200807
030402036206200807
030402037006200807
030403001506200807
030403002306200807
030403003106200807
030403004006200807
030403005806200807
030403006606200807
030403007406200807
030403008206200807
030403009006200807
030403010406200807
030403011206200807
030403012006200807
030403013906200807
030403014706200807
030403015506200807
030403016306200807
030403017106200807
030403018006200807
030403019806200807
030403020106200807
030403021006200807
030404001006200807
030404002906200807
030404003706200807
030404004506200807
030404005306200807
030404006106200807
030404007006200807
030404008806200807
030404009606200807
030404010006200807
030404011806200807
030404012606200807
030404013406200807
030404014206200807
030404015006200807
030404016906200807
030405001606200807
030405002406200807
030405003206200807
030405004006200807
030405006706200807
030405007506200807
030405011306200807
030405012106200807
030405013006200807
030405014806200807
030405016406200807
030405017206200807
030405018006200807
030405020206200807
030405021006200807
030405022906200807
030406001106200807
030406003806200807
030406004606200807
030406005406200807
030406006206200807
030406007006200807
030406008906200807
030406009706200807
030406010006200807
030406011906200807
030406012706200807
030406013506200807
030406015106200807
030406016006200807
030406017806200807
030406018606200807
030406019406200807
030406020806200807
030406021606200807
030407001706200807
030407002506200807
030407003306200807
030407004106200807
030407005006200807
030408001207200807
030408002003200807
030408003903200807
030408004703200807
030408005507200807
030408005506200807
030408006303200807
030408007106200807
030408007107200807
030409001803200807
030409002603200807
030409003403200807
030409004203200807
030410001303200807
030501001807200807
030501002606200807
030501003404200807
030501004204200807
030501005007200807
030501006906200807
030501007707200807
030501008506200807
030501009307200807
030501010706200807
030501011506200807
030501012307200807
030501013104200807
030501014004200807
030501015804200807
030501016606200807
030501017403200807
030501018206200807
030501018207200807
030501019004200807
030502001303200807
030502002103200807
030502003003200807
030502004803200807
030502005603200807
030601001101200807
030601002001200807
030601003801200807
030602001701200807
030602001704200807
030602002505200807
030602002501200807
030602003305200807
030602003301200807
030602004101200807
030602004104200807
030602005001200807
030602005004200807
030602006801200807
030602006804200807
030602007601200807
030602007604200807
030602008404200807
030602008401200807
030602009201200807
030602010601200807
030602010604200807
030602011401200807
030602011404200807
030602012204200807
030602012201200807
030602013001200807
030602013004200807
030602014901200807
030602014904200807
030602015701200807
030701001501200807
030701002301200807
030701003101200807
030701004001200807
030701005801200807
030702001001200807
030702002901200807
030702003701200807
030702004501200807
030702005301200807
030702006101200807
030702007001200807
030702008801200807
030702009601200807
030702010001200807
030702011801200807
030703001601200807
030703002401200807
030703003201200807
030704001101200807
030704002006200807
030704003801200807
030704004601200807
030704005406200807
030704006201200807
030704007001200807
030704008901200807
030801001903200807
030801002703200807
030801003503200807
030801004303200807
030802001404200807
030802002203200807
030802003003200807
030803001003200807
030803002803200807
030803003603200807
030804001503200807
030804002303200807
030901001204200807
030901002004200807
030901003904200807
030901004704200807
030901005504200807
030901006304200807
030901007104200807
030901008004200807
030901009804200807
030901010104200807
030902001801200807
030902002601200807
030902003401200807
030903001301200807
030903002101200807
030903003001200807
030903004801200807
030903005605200807
030903005601200807
030903006401200807
030903007201200807
030903008001200807
030903009905200807
030903010206200807
030903011006200807
030903012906200807
030903013706200807
030903014501200807
030903014505200807
030903015301200807
030904001905200807
030904002701200807
030904002705200807
030905001401200807
030905002201200807
030905003001200807
031001001202200807
031001002004200807
031001003903200807
031001004703200807
040101001504200807
040101001501200807
040101002305200807
040101002301200807
040101003101200807
040101004001200807
040101004004200807
040101005804200807
040101005801200807
040101006601200807
040101007401200807
040101008201200807
040101009001200807
040101010401200807
040101010404200807
040101011201200807
040101012001200807
040101013901200807
040102001003200807
040102002903200807
040102003703200807
040102004503200807
040102005303200807
040102006103200807
040102007003200807
040102008803200807
040102008802200807
040102009603200807
040102010003200807
040102011803200807
040102012603200807
040102013403200807
040102014203200807
040102015003200807
040102015001200807
040102016903200807
040201001903200807
040201002703200807
040201003503200807
040201004303200807
040201005103200807
040202001403200807
040202002203200807
040301001203200807
040301002003200807
040301003903200807
040301004703200807
040301005503200807
040301006303200807
040301007103200807
040301008003200807
040301009803200807
040301010103200807
040301011003200807
040301012803200807
040301013603200807
040301014403200807
040301015203200807
040301016003200807
040301017903200807
040301018703200807
040301019503200807
040301020903200807
040301021703200807
040301022503200807
040301023303200807
040301024103200807
040301025003200807
040301026803200807
040301027603200807
040301028403200807
040301029203200807
040301030603200807
040301031403200807
040301032203200807
040301033003200807
040301034903200807
040301035703200807
040301036503200807
040302001803200807
040302002603200807
040302003403200807
040302004203200807
040302005003200807
040302006903200807
040302007703200807
040302008503200807
040302009303200807
040302010703200807
040302011503200807
040302012303200807
040302013103200807
040303001303200807
040303002103200807
040303003003200807
040303004803200807
040303005603200807
040303006403200807
040303007203200807
040303008003200807
040303009903200807
040303010203200807
040303011003200807
040303012903200807
040303013703200807
040303014503200807
040303015303200807
040303016103200807
040303017003200807
040304001903200807
040304002703200807
040304003503200807
040304004303200807
040304005103200807
040304006003200807
040304007803200807
040304008603200807
040305001402200807
040305002202200807
040305003003200807
040305004903200807
040305005703200807
040305006503200807
040305007303200807
040305008102200807
040305009003200807
040305010303200807
040305011103200807
040305012003200807
040305013803200807
040305014603200807
040305015403200807
040305016203200807
040306001003200807
040306002803200807
040306003603200807
040306004403200807
040306005203200807
040306006003200807
040306007903200807
040306008703200807
040306009503200807
040307001503200807
040307002303200807
040307003103200807
040307004003200807
040307005803200807
040307006603200807
040307007403200807
040307008203200807
040307009003200807
040307010403200807
040307011203200807
040307012003200807
040307013903200807
040307014703200807
040308001003200807
040308002903200807
040308003703200807
040308004503200807
040308005303200807
040308006103200807
040308007003200807
040308008803200807
040308009603200807
040308010003200807
040401001602200807
040401001603200807
040401002403200807
040401002401200807
040401003202200807
040401003203200807
040401004003200807
040401005901200807
040401005903200807
040401006703200807
040401007501200807
040401008303200807
040401009101200807
040401010503200807
040401011303200807
040401012101200807
040401012103200807
040401013003200807
040401014803200807
040401015601200807
040401016403200807
040401017203200807
040401018003200807
040401019903200807
040401020203200807
040401021003200807
040401022903200807
040401023703200807
040401024501200807
040401025301200807
040401025304200807
040401026101200807
040401027001200807
040401028803200807
040401029601200807
040401030001200807
040401031803200807
040401031801200807
040401032603200807
040401033403200807
040401034201200807
040401034204200807
040401035003200807
040401036901200807
040401037703200807
040401038503200807
040401039301200807
040401040703200807
040401041502200807
040401041503200807
040402001103200807
040402002001200807
040402003803200807
040402003801200807
040402004603200807
040402005404200807
040402005401200807
040402006203200807
040402007003200807
040402008901200807
040402008903200807
040402009704200807
040402009701200807
040402010001200807
040402011903200807
040402012701200807
040402013503200807
040402014303200807
040402015103200807
040402016003200807
040402017803200807
040402018603200807
040402019403200807
040402020803200807
040402021603200807
040402022403200807
040402023203200807
040402024003200807
040402025903200807
040402026703200807
040402027503200807
040402028303200807
040402029103200807
040402030503200807
040402031303200807
040402032103200807
040402033003200807
040402034803200807
040402035603200807
040402036403200807
040402037203200807
040402038003200807
040402039903200807
040402040203200807
040402041003200807
040402042903200807
040402043703200807
040403001703200807
040403002503200807
040403003303200807
040403004103200807
040403005003200807
040403006803200807
040403007603200807
040403008403200807
040403009203200807
040403010603200807
040403011403200807
040403012203200807
040403013003200807
040403014903200807
040403015703200807
040403016503200807
040403017303200807
040403018103200807
040403019003200807
040403020303200807
040403021103200807
040501001003200807
040501001002200807
040501002802200807
040501002803200807
040501003602200807
040501003603200807
040501004401200807
040501005201200807
040501006001200807
040501007903200807
040501007901200807
040501008703200807
040501010901200807
040501011702200807
040501011703200807
040501012503200807
040501012502200807
040501013303200807
040501014101200807
040501015003200807
040501016801200807
040501017602200807
040501017603200807
040501018402200807
040501019202200807
040501020601200807
040502001503200807
040502001502200807
040502002302200807
040502002303200807
040503001003200807
040503002902200807
040503002903200807
040503003701200807
040503004506200807
040503005302200807
040503007002200807
040503007003200807
040503009603200807
040503009601200807
040503010001200807
040503011803200807
040503011801200807
040503012602200807
040503013403200807
040503013402200807
040503014203200807
040503015001200807
040503016903200807
040503017703200807
040503018503200807
040503019306200807
040503019303200807
040503020703200807
040503021502200807
040503022302200807
040503023102200807
040504001603200807
040504001601200807
040504002403200807
040504004003200807
040504005903200807
040504006703200807
040504006706200807
040504007506200807
040504007503200807
040504008303200807
040504009103200807
040504010503200807
040504010502200807
040504013001200807
040504014803200807
040504015603200807
040504016403200807
040504018003200807
040504019901200807
040504020202200807
040504020203200807
040504021002200807
040504021003200807
040505001103200807
040505001102200807
040505002006200807
040505003801200807
040505004602200807
040505004603200807
040505005402200807
040505005403200807
040505006201200807
040505007001200807
040505008902200807
040505009706200807
040505009703200807
040505010003200807
040505010006200807
040505011906200807
040505011903200807
040505012706200807
040505013503200807
040505014302200807
040505014303200807
040505015103200807
040505015102200807
040505016001200807
040505017802200807
040505018603200807
040505019406200807
040505020801200807
040505021603200807
040505021601200807
040505022402200807
040505022403200807
040505023203200807
040505024002200807
040505025901200807
040505026702200807
040505028302200807
040505029101200807
040505030501200807
040505031303200807
040505032102200807
040505032103200807
040505035603200807
040505036401200807
040505037206200807
040505037203200807
040505038003200807
040505039903200807
040505039902200807
040601001303200807
040601002103200807
040601003003200807
040601004803200807
040601005603200807
040601006403200807
040601007203200807
040601008003200807
040601009903200807
040601010203200807
040601011003200807
040601012904200807
040601013703200807
040601014503200807
040601015303200807
040601016103200807
040601017003200807
040601018803200807
040601019603200807
040601020003200807
040601021803200807
040601022603200807
040601023403200807
040601024203200807
040601025003200807
040601026903200807
040601027703200807
040601028503200807
040601029303200807
040601030703200807
040601031503200807
040601032303200807
040601033103200807
040601034003200807
040601035803200807
040601036603200807
040601037403200807
040601038203200807
040601039003200807
040601040403200807
040601041203200807
040601042003200807
040601043903200807
040601044703200807
040601045503200807
040601046303200807
040601047103200807
040601048003200807
040601049803200807
040601050103200807
040601051003200807
040601052803200807
040601053603200807
040601054403200807
040601055203200807
040601056003200807
040601057903200807
040601058703200807
040601059503200807
040601060903200807
040601061703200807
040601062503200807
040601063303200807
040601064103200807
040601065003200807
040601066803200807
040601067603200807
040601068403200807
040601069203200807
040601070603200807
040601071403200807
040601072204200807
040601073003200807
040601074903200807
040601075703200807
040601076503200807
040601077303200807
040601078103200807
040601079003200807
040601080303200807
040601081103200807
040601082003200807
040601083803200807
040601084603200807
040601085403200807
040601086203200807
040601087003200807
040601088903200807
040601089703200807
040601090003200807
040601091903200807
040601092703200807
040601093503200807
040601094303200807
040601095103200807
040601096003200807
040601097803200807
040601098603200807
040601099403200807
040601100103200807
040601101003200807
040601102803200807
040601103603200807
040601104403200807
040601105203200807
040601106003200807
040601107903200807
040601108703200807
040601109503200807
040601110903200807
040601111703200807
040601112503200807
040601113303200807
040601114103200807
040601115003200807
040601116803200807
040601117603200807
040601118403200807
040601119203200807
040601120603200807
040601121403200807
040601122203200807
040602001903200807
040602002703200807
040602003503200807
040602004303200807
040602005103200807
040602006005200807
040602007803200807
040602008605200807
040602009401200807
040602010803200807
040602011603200807
040602012403200807
040602013201200807
040602014001200807
040602015903200807
040602016703200807
040602017504200807
040602018305200807
040602019103200807
040602020501200807
040602021303200807
040602022103200807
040602023003200807
040602024803200807
040602025603200807
040602026403200807
040602027203200807
040602028003200807
040602029901200807
040602030203200807
040602031003200807
040602032903200807
040602033703200807
040602034503200807
040602035303200807
040602036103200807
040602037003200807
040602038803200807
040602039603200807
040602040003200807
040602041803200807
040602042603200807
040602043403200807
040602044203200807
040602045003200807
040602046903200807
040602047703200807
040602048503200807
040602049303200807
040602050703200807
040602051503200807
040602052303200807
040602053103200807
040602054003200807
040602055803200807
040602056603200807
040602057403200807
040602058203200807
040602059003200807
040602060403200807
040603001403200807
040603002203200807
040603003003200807
040603004903200807
040603005703200807
040603006503200807
040603007303200807
040603008103200807
040603009003200807
040603010303200807
040603011103200807
040603012003200807
040603013803200807
040603014603200807
040604001003200807
040604002803200807
040604004403200807
040604005203200807
040604006003200807
040604007903200807
040604008703200807
040604009503200807
040604010903200807
040604011703200807
040604012503200807
040604013303200807
040604014103200807
040604015003200807
040604016803200807
040604017603200807
040604018403200807
040604019203200807
040604020603200807
040604021403200807
040604022203200807
040604023003200807
040604024903200807
040604025703200807
040604026503200807
040604027303200807
040604028103200807
040604029003200807
040604030303200807
040604031103200807
040604032003200807
040604033803200807
040605001503200807
040605002303200807
040605003103200807
040605004003200807
040605005803200807
040605006603200807
040605007403200807
040605008203200807
040605009003200807
040605010403200807
040605011203200807
040605012003200807
040605013903200807
040701001703200807
040701002505200807
040701003303200807
040701004103200807
040701005003200807
040701006803200807
040701007603200807
040701008403200807
040701009203200807
040701010603200807
040701011403200807
040701012203200807
040701013003200807
040701014903200807
040701015703200807
040701016503200807
040701017303200807
040701018103200807
040701019003200807
040701020303200807
040701021103200807
040701022003200807
040701023803200807
040701024604200807
040701024601200807
040701025404200807
040701025401200807
040701026205200807
040701027003200807
040701028903200807
040701029703200807
040701030003200807
040701031901200807
040701032701200807
040701033503200807
040701034303200807
040701035103200807
040702001203200807
040702002003200807
040702003903200807
040702004703200807
040702005501200807
040702006303200807
040702007103200807
040702008003200807
040702009803200807
040702010103200807
040702011003200807
040702012801200807
040702012804200807
040702013603200807
040702013601200807
040702014401200807
040702014403200807
040702015203200807
040702016001200807
040702017903200807
040702018703200807
040702019503200807
040702020903200807
040702021703200807
040702022503200807
040702022502200807
040702023303200807
040702024103200807
040702025003200807
040702026803200807
040702027603200807
040702028403200807
040702029203200807
040702030603200807
040702031401200807
040702032203200807
040702033003200807
040702034903200807
040702035703200807
040702036503200807
040702037301200807
040702038103200807
040702039001200807
040702040303200807
040702041103200807
040702042003200807
040702043803200807
040702044603200807
040702045403200807
040702046203200807
040702047003200807
040702048901200807
040702049701200807
040703001803200807
040703002603200807
040703003403200807
040703004203200807
040703005003200807
040703006903200807
040703007703200807
040703008502200807
040703009302200807
040703010702200807
040703011502200807
040703012303200807
040703013103200807
040703014003200807
040703015803200807
040703016603200807
040703017403200807
040703018203200807
040703019003200807
040703020403200807
040703021203200807
040703022003200807
040703023902200807
040703024703200807
040704001303200807
040704002103200807
040704003003200807
040704004803200807
040704005603200807
040704006403200807
040704007203200807
040704008003200807
040704009903200807
040704010203200807
040704011003200807
040704012903200807
040704013703200807
040704014503200807
040704015303200807
040704016103200807
040704017003200807
040704018803200807
040704019604200807
040704019601200807
040704020003200807
040704021804200807
040704021801200807
040704022603200807
040704023403200807
040704024203200807
040704025003200807
040704026903200807
040801001003200807
040801002903200807
040801003703200807
040801004503200807
040801005303200807
040801006103200807
040801007003200807
040801008803200807
040801009603200807
040801010003200807
040801011803200807
040801012601200807
040801012604200807
040801013401200807
040801013403200807
040801014203200807
040801015003200807
040801016903200807
040801017703200807
040801018503200807
040801019303200807
040801020703200807
040801021503200807
040801022303200807
040801023103200807
040802001603200807
040802002403200807
040802003203200807
040802004003200807
040802005903200807
040802006703200807
040802007503200807
040802008303200807
040802009103200807
040802010501200807
040802010503200807
040802011304200807
040802012103200807
040802013003200807
040802014803200807
040802015603200807
040802016403200807
040802016401200807
040802017201200807
040802017203200807
040802018001200807
040802018003200807
040802019901200807
040802019903200807
040802020203200807
040802020201200807
040802021003200807
040802022901200807
040802022903200807
040802023703200807
040802024501200807
040802024503200807
040802025303200807
040802026103200807
040802027003200807
040802028803200807
040802029601200807
040802029603200807
040802030001200807
040802030003200807
040802031803200807
040802032603200807
040802033403200807
040802034203200807
040802035003200807
040802036903200807
040802037703200807
040802038503200807
040802039303200807
040802040703200807
040802041503200807
040802042303200807
040802043103200807
040802044003200807
040802045803200807
040802046603200807
040802047403200807
040802048203200807
040802049003200807
040802050403200807
040802051203200807
040802052003200807
040802053903200807
040802054703200807
040802055503200807
040802056303200807
040802057103200807
040802058003200807
040802059803200807
040802060103200807
040802061003200807
040802062803200807
040802063603200807
040802064403200807
040803001103200807
040803002003200807
040803003803200807
040803004603200807
040803005403200807
040803006203200807
040803007003200807
040803008903200807
040803009703200807
040803010003200807
040803011903200807
040803012703200807
040803013503200807
040803014303200807
040803015103200807
040803016003200807
040803017803200807
040803018603200807
040803019403200807
040803020803200807
040803021603200807
040803022403200807
040803023203200807
040803024003200807
040803025903200807
040803026703200807
040803027503200807
040803028303200807
040803029103200807
040803030503200807
040803031303200807
040803032103200807
040803033003200807
040803034803200807
040803035603200807
040803036403200807
040803037203200807
040803038003200807
040803039903200807
040803040203200807
040803041003200807
040803042903200807
040803043703200807
040803044503200807
040803045303200807
040803046103200807
040803047003200807
040803048804200807
040803050003200807
040803051803200807
040803052603200807
040803053403200807
040803054203200807
040803055003200807
040803056903200807
040803057703200807
040803058503200807
040803059303200807
040803060703200807
040803061503200807
040803062303200807
040803063103200807
040803064003200807
040803065803200807
040803066603200807
040803067403200807
040803068203200807
040803069003200807
040803070403200807
040803071203200807
040803072003200807
040803073903200807
040803074703200807
040803075503200807
040803076303200807
040803077103200807
040803078003200807
040803079803200807
040803080103200807
040803081003200807
040803082803200807
040803083603200807
040803084403200807
040803085203200807
040803086003200807
040803087903200807
040803088703200807
040803089503200807
040803090903200807
040803091703200807
040804001703200807
040804002503200807
040804003303200807
040804004103200807
040804005003200807
040804006803200807
040804007603200807
040804008403200807
040804009203200807
040804010603200807
040804011403200807
040804012203200807
040804013003200807
040804014903200807
040804015703200807
040804016503200807
040804017303200807
040804018103200807
040804019003200807
040804020303200807
040804021104200807
040804022003200807
040804023803200807
040804024603200807
040804025403200807
040804026203200807
040804027003200807
040804028903200807
040804029703200807
040804030003200807
040804031903200807
040804032703200807
040804033503200807
040804034303200807
040804035101200807
040805001203200807
040805002003200807
040805003903200807
040805004703200807
040805005503200807
040805006303200807
040805007103200807
040805008003200807
040805009804200807
040805010103200807
040805011003200807
040805012803200807
040805013603200807
040805014403200807
040805015203200807
040805016003200807
040805017903200807
040805018703200807
040805019501200807
040805019503200807
040805020901200807
040805020903200807
040805021701200807
040805021703200807
040805022501200807
040805022503200807
040805023303200807
040805024101200807
040805024103200807
040805025003200807
040805025001200807
040805026801200807
040805026803200807
040805027603200807
040805027601200807
040805028403200807
040805028401200807
040805029201200807
040805029203200807
040805030603200807
040805031403200807
040805032203200807
040805033001200807
040805033003200807
040805034903200807
040805035703200807
040805036503200807
040805037303200807
040805038103200807
040805039003200807
040805040303200807
040805041103200807
040805042003200807
040805043803200807
040805044603200807
040805045403200807
040805046203200807
040805047003200807
040805048903200807
040805049703200807
040805050003200807
040805051903200807
040805052703200807
040805053503200807
040805054303200807
040805055103200807
040805056003200807
040805057803200807
040805058603200807
040805059403200807
040805060803200807
040805061603200807
040805062403200807
040805063203200807
040805064003200807
040805065903200807
040805066703200807
040805067503200807
040805068303200807
040805069103200807
040805070503200807
040805071303200807
040805072103200807
040805073003200807
040805074803200807
040805075603200807
040805076403200807
040805077203200807
040805078003200807
040805079903200807
040805080203200807
040805081003200807
040805082903200807
040805083703200807
040805084503200807
040805085303200807
040805086103200807
040805087003200807
040805088803200807
040805089603200807
040805090003200807
040805091803200807
040805092603200807
040806001803200807
040806002603200807
040806003403200807
040806004203200807
040806004201200807
040806005003200807
040806006903200807
040806007703200807
040806008501200807
040806008503200807
040806009303200807
040806010703200807
040806011503200807
040806012303200807
040806013103200807
040806014003200807
040806015801200807
040806015803200807
040806016603200807
040806017403200807
040806018203200807
040806019003200807
040806020403200807
040806021203200807
040806021201200807
040806022001200807
040806023903200807
040806024703200807
040806025503200807
040806026303200807
040806027103200807
040806028003200807
040806029803200807
040806030101200807
040806030103200807
040806031003200807
040806032803200807
040806033603200807
040806034403200807
040806035203200807
040806035201200807
040806036003200807
040806037903200807
040806038703200807
040806039503200807
040806040902200807
040806040903200807
040806041703200807
040806042501200807
040806042503200807
040806043303200807
040806044103200807
040806045001200807
040806045003200807
040806046803200807
040806047603200807
040806048403200807
040806049203200807
040806050603200807
040806051403200807
040806052203200807
040806053003200807
040806054903200807
040806055703200807
040806056503200807
040806057303200807
040806058103200807
040806059003200807
040806060303200807
040806061103200807
040806062003200807
040806063803200807
040806064603200807
040806065401200807
040806066203200807
040806067003200807
040806068901200807
040806069703200807
040806070003200807
040806071904200807
040901001403200807
040901002203200807
040901003003200807
040901004903200807
040901005703200807
040901006503200807
040901007303200807
040901008103200807
040901009003200807
040901009001200807
040901010302200807
040901011102200807
040901012003200807
040901013803200807
040901014603200807
040901015401200807
040901016201200807
040901017006200807
040901017003200807
040901018903200807
040901019703200807
040901020003200807
040901021903200807
040901022703200807
040901023503200807
040901024303200807
040901025103200807
040901026003200807
040901027801200807
040901028603200807
040901029403200807
040901029402200807
040901030803200807
040901031603200807
040901032403200807
040901033203200807
040901034003200807
040901035901200807
040901035904200807
040901036703200807
040901037503200807
040901038301200807
040901038303200807
040901039103200807
040901040503200807
040901041303200807
040901042102200807
040901043003200807
040901044801200807
040901045603200807
040901046403200807
040901047203200807
040901048003200807
040901049903200807
040901050203200807
040901051003200807
040901052903200807
040901053703200807
040901054503200807
040901055303200807
040901056103200807
040901057003200807
040901058803200807
040902001003200807
040902001001200807
040902002803200807
040902002801200807
040902003601200807
040902003604200807
040902004403200807
040902005203200807
040902006001200807
040902007901200807
040902007903200807
040902008703200807
040902008701200807
040902009501200807
040902009503200807
040902010903200807
040902011701200807
040902012503200807
040902013303200807
040902014103200807
040902015003200807
040902016803200807
040902017601200807
040902017603200807
040902018401200807
040903001503200807
040903002303200807
040903003103200807
040903004003200807
040904001003200807
040904001001200807
040904002901200807
040904002904200807
040904003703200807
040904004503200807
040904005303200807
040904006104200807
040904006101200807
040904007001200807
040904007003200807
040904008803200807
040904008801200807
040904009603200807
040904010001200807
040904011803200807
040904012603200807
040904013403200807
040904014203200807
040904015003200807
040904016901200807
040904016903200807
040904017703200807
040904018503200807
040904019303200807
040904020703200807
040904021503200807
040904021502200807
040904022303200807
040904023103200807
040904024002200807
040904024003200807
040905001603200807
040905002403200807
040905003203200807
040905004003200807
040905005901200807
040905006701200807
040905007503200807
040905008303200807
040905008302200807
040905009103200807
040905010503200807
040905011303200807
040906001103200807
040906001101200807
040906002003200807
040906003803200807
040906004602200807
040906004603200807
040906005403200807
040906006201200807
040906007003200807
040906008902200807
040906009701200807
040906010003200807
040906011903200807
040906012703200807
040906013503200807
040906014303200807
040906015103200807
040906016003200807
040906017803200807
040906017802200807
040906018603200807
040906019403200807
040906020803200807
040906021603200807
040906022403200807
040906023203200807
040906024003200807
040906025903200807
040906026703200807
040906027503200807
040906028303200807
040907001703200807
040907002503200807
040907003303200807
040907004103200807
040907005003200807
040907006803200807
040907007603200807
040907008403200807
040907009203200807
040907010601200807
040907010603200807
040907011403200807
040907012201200807
040907012204200807
040907013003200807
040907014901200807
040907014903200807
040907015702200807
040907015703200807
040907016504200807
040907016501200807
040907017301200807
040907018101200807
040907018104200807
040907019003200807
040907020303200807
040907021103200807
040907022003200807
040907023803200807
040907024603200807
040907025403200807
040907026203200807
040907027003200807
040907028903200807
040907029703200807
040907030003200807
041001001403200807
041001001401200807
041001002201200807
041001003001200807
041001004901200807
041001004904200807
041001005703200807
041001006503200807
041001007303200807
041001008103200807
041001008101200807
041001009003200807
041001010301200807
041001011103200807
041001012003200807
041101001803200807
041101001802200807
041101002603200807
041101003403200807
041101004203200807
041101005003200807
041101006901200807
041101007703200807
041101007701200807
041101008503200807
041102001303200807
041102001301200807
041102002103200807
041102003003200807
041102004803200807
041102005603200807
041201001103200807
041201002003200807
041201003803200807
041201004603200807
041201005403200807
041201006201200807
041201006204200807
041201007003200807
041201008903200807
041201009703200807
041201010003200807
041201011903200807
041201012704200807
041201013503200807
041201014303200807
041202001703200807
041202002503200807
041202003303200807
041202004103200807
041202005003200807
041202006803200807
041202007603200807
041202008403200807
041203001203200807
041203002001200807
041203002004200807
041203003901200807
041203004703200807
041203005505200807
041203006305200807
041203007105200807
041203008003200807
041204001803200807
041204002603200807
041204003403200807
041204004203200807
041204005003200807
041204006903200807
041204007703200807
041204008503200807
041204009303200807
041204010703200807
041204011503200807
041204012303200807
041204013103200807
041204014001200807
041204014004200807
041204015803200807
041204016603200807
041204017403200807
041204018203200807
041204019003200807
041204020403200807
041204021203200807
041204022003200807
041205001303200807
041205002103200807
041205003003200807
041205004803200807
041205005603200807
041205006403200807
041205007203200807
041205008003200807
041205009903200807
041205010203200807
041205011003200807
041205012905200807
041205013703200807
041205014503200807
041205015303200807
041301001503200807
041301002301200807
041301003107200807
041301004007200807
041301005807200807
041301006603200807
041301007404200807
041301008203200807
041301009003200807
041303001603200807
041303002403200807
041303003203200807
041303004006200807
041303005903200807
041303006703200807
041303007503200807
041303008303200807
041304001101200807
041304002003200807
041304003803200807
041304004603200807
041304005403200807
041304006203200807
041304007003200807
041304008903200807
041304009703200807
041304010003200807
041304011903200807
041304012703200807
041304013503200807
041304014303200807
041304015103200807
041304015101200807
041304016003200807
041304017803200807
041304018603200807
041304019403200807
041304020803200807
041304021603200807
041304022403200807
041304023202200807
041304023203200807
041304024003200807
041401001901200807
041401002703200807
041401003503200807
041401004303200807
041401005103200807
041401006003200807
041401007803200807
041401008601200807
041401008603200807
041401009403200807
041401010803200807
041401011603200807
041401012403200807
041401013203200807
041401014003200807
041401015903200807
041401016703200807
041401017501200807
041401017503200807
041401018303200807
041401019103200807
041401020503200807
041401021304200807
041401021301200807
041401022101200807
041401023003200807
041401024803200807
041401025603200807
041401026403200807
041401027203200807
041401028003200807
041401029901200807
041401030201200807
041401031001200807
041401032903200807
041401033701200807
041402001401200807
041402002201200807
041402003001200807
041402004901200807
041402005701200807
041402006501200807
041402007301200807
041402008101200807
041402009001200807
041402010301200807
041402010303200807
041402011103200807
041402011101200807
041402012001200807
041402013801200807
041402014601200807
041402015401200807
041402016201200807
041402017001200807
041402018906200807
041402019703200807
041402020001200807
041402021901200807
041402022701200807
041402023501200807
041402024301200807
041402025101200807
041402026001200807
041402027801200807
041402028601200807
041402029401200807
041402030801200807
041402031601200807
041402032401200807
041402033206200807
041402034001200807
041402035901200807
041402036701200807
041402037501200807
041402038301200807
041402039101200807
041402040501200807
041501001203200807
041502001803200807
041502002603200807
041503001303200807
041504001904200807
041504001902200807
041504002703200807
041504003503200807
041504004301200807
041504005101200807
041601001603200807
041601002403200807
041601003203200807
041601004003200807
041601005903200807
041601006703200807
041601007503200807
041601008303200807
041601009103200807
041601010503200807
041601011303200807
041601012103200807
041601013003200807
041601014803200807
041601015603200807
041601016403200807
041601017203200807
041601018003200807
041601019903200807
041602001103200807
041602002003200807
041602003803200807
041602004603200807
041602005403200807
041602006203200807
041602007003200807
041602008903200807
041602009703200807
041602010003200807
041602011903200807
041602012703200807
041602013503200807
041602014303200807
041603001703200807
041603002503200807
041603003303200807
041603004103200807
041603005003200807
041603006803200807
041603007603200807
041603008403200807
041603009203200807
041603010603200807
041603011403200807
041603012203200807
041603013003200807
041604001203200807
041604002003200807
041604003903200807
041604004703200807
041604005503200807
041604006303200807
041604007103200807
041604008003200807
041604009803200807
041604010103200807
041604011003200807
041604012803200807
041604013603200807
041604014403200807
041604015203200807
041604016003200807
041605001803200807
041605002603200807
041605003403200807
041605004203200807
041605005003200807
041605006903200807
041605007703200807
041605008503200807
041606001303200807
041606002103200807
041606003003200807
041606004803200807
041606005603200807
041606006403200807
041606007203200807
041606008003200807
041606009903200807
041606010203200807
041607002703200807
041607003503200807
041608001403200807
041608002203200807
041608003003200807
041608004903200807
041608005703200807
041608006503200807
041608007303200807
041608008103200807
041608009003200807
041608010303200807
041609001003200807
041609002803200807
041609003603200807
041609004403200807
041609005203200807
041609006003200807
041609007903200807
041609008703200807
041609009503200807
041609010903200807
041611001003200807
041611002903200807
041611003703200807
041611004503200807
041611005303200807
041612001603200807
041612002403200807
041612003203200807
041612004003200807
041612005903200807
041613001103200807
041613002003200807
041613003803200807
041613004603200807
041613005403200807
041613006203200807
041701001004200807
041701002804200807
041701003604200807
041701004404200807
041701005202200807
041701005204200807
041701006002200807
041701006004200807
041801001307200807
041801001306200807
041801002107200807
041801002106200807
041801003007200807
041801003006200807
041801004807200807
041801004806200807
041801005604200807
041801006407200807
041801007204200807
041801008007200807
041801008006200807
041801009907200807
041802001906200807
041802001907200807
041802002706200807
041802002707200807
041802003507200807
050101001702200807
050101002502200807
050101003302200807
050101004102200807
050101005002200807
050101006802200807
050102001202200807
050102002002200807
050103001801200807
050103002601200807
050103003401200807
050103004201200807
050103005001200807
050104001302200807
050104002102200807
050104003002200807
050104004802200807
050104005602200807
050104006402200807
050104007202200807
050105001902200807
050105002702200807
050106001404200807
050106002204200807
050106003004200807
050106004904200807
050107001002200807
050107002802200807
050107003604200807
050108001504200807
050108001507200807
050108002307200807
050108002304200807
050108003104200807
050108003107200807
050108004007200807
050108004004200807
050108005807200807
050108005804200807
050108006607200807
050108006604200807
050108007404200807
050108007407200807
050108008204200807
050108009007200807
050108009004200807
050201001004200807
050201002904200807
050301001406200807
050301001403200807
050301002203200807
050301002206200807
050302001003200807
050302002803200807
050303001504200807
050303002304200807
050303003104200807
050303004004200807
050303005804200807
050303005807200807
050303006604200807
050303007404200807
050303008204200807
050304001004200807
050304002904200807
050304003704200807
050304004504200807
050304005307200807
050304005304200807
050401001807200807
050401001804200807
050401002603200807
050401002606200807
050401003404200807
050401003407200807
050402001304200807
050402002104200807
050402003004200807
050402004804200807
050402005604200807
050403001904200807
050403002704200807
050501001103200807
050501002003200807
050501003803200807
050501004603200807
050501005403200807
050501006203200807
050501007003200807
050501008903200807
050501009703200807
050501009706200807
050501010003200807
050501010006200807
050501011903200807
050501011906200807
050501012703200807
050501012706200807
050502001705200807
050502002505200807
050502003305200807
050502004103200807
050502005003200807
050502006803200807
050502007603200807
050502008403200807
050502009203200807
050502010603200807
050502011403200807
050601001506200807
050601002306200807
050602001003200807
050602002903200807
050602003703200807
050602004503200807
060101001906200807
060101002706200807
060101003506200807
060101004306200807
060102001406200807
060103001006200807
060103002806200807
060104001506200807
060104002306200807
060104003106200807
060104004006200807
060104005806200807
060105001006200807
060105002906200807
060105003706200807
060105004506200807
060105005306200807
060105006106200807
060105007006200807
060105008806200807
060105009606200807
060105010006200807
060105011806200807
060105012606200807
060105013406200807
060105014206200807
060105015006200807
060105016906200807
060106001606200807
060106002406200807
060107001106200807
060107002006200807
060107003806200807
060107004606200807
060107005406200807
060107006206200807
060107007006200807
060107008906200807
060108001706200807
060108002506200807
060108003306200807
060109001206200807
060109002006200807
060109003906200807
060109004706200807
060109005506200807
060109006306200807
060109008006200807
060109009806200807
060109010106200807
060110001806200807
060110002606200807
060110003406200807
060110004206200807
060110005006200807
060110006906200807
060110007706200807
060110008506200807
060110009306200807
060110010706200807
060110011506200807
060110012306200807
060110013106200807
060110014006200807
060110015806200807
060110016606200807
060111001306200807
060111002106200807
060111003006200807
060111004806200807
060111005606200807
060111006406200807
060111007206200807
060111008006200807
060111009906200807
060111010206200807
060111011006200807
060112001906200807
060112002706200807
060112003506200807
060113001406200807
060113002206200807
060114001006200807
060114002806200807
060114003606200807
060114004406200807
060115001506200807
060115002306200807
060116001006200807
060116002906200807
060116003706200807
060117001606200807
060117002406200807
060117003206200807
060117004006200807
060117005906200807
060117006706200807
060117007506200807
060117008306200807
060117009106200807
060117010506200807
060117011306200807
060117012106200807
060117013006200807
060117014806200807
060118001106200807
060118002006200807
060118003806200807
060118004606200807
060118005406200807
060118006206200807
060118007006200807
060118008906200807
060118009706200807
060118010006200807
060118011906200807
060118012706200807
060118013506200807
060118014306200807
060118015106200807
060118016006200807
060118017806200807
060118018606200807
060118019406200807
060118020806200807
060118021606200807
060118022406200807
060118023206200807
060119001706200807
060119002506200807
060119003306200807
060119004106200807
060119005006200807
060119006806200807
060119007606200807
060119008406200807
060119009206200807
060119010606200807
060119011406200807
060119012206200807
060120001206200807
060120002006200807
060120003906200807
060120004706200807
060120005506200807
060120006306200807
060120007106200807
060120008006200807
060120009806200807
060120010106200807
060120011006200807
060120012806200807
060120013606200807
060120014406200807
060120015206200807
060120016006200807
060120017906200807
060121001806200807
060121002606200807
060121003406200807
060121004206200807
060121005006200807
060121006906200807
060121007706200807
060121008506200807
060121009306200807
060122001306200807
060122002106200807
060122003006200807
060122004806200807
060122005606200807
060122006406200807
060122007206200807
060123001906200807
060124001406200807
060124002206200807
060125001006200807
060125002806200807
060125003606200807
060126001506200807
060127001006200807
060127002906200807
060127003706200807
060127004506200807
060127005306200807
060128001606200807
060128002406200807
060129001106200807
060130001706200807
060130002506200807
060130003306200807
060130004106200807
060131001206200807
060131002006200807
060132001806200807
060132002606200807
060133001306200807
060133002106200807
060133003006200807
060133004806200807
060134001906200807
060135001406200807
060135002206200807
060135003006200807
060135004906200807
060135005706200807
060135006506200807
060135007306200807
060135008106200807
060135009006200807
060135010306200807
060135011106200807
060135012006200807
060135013806200807
060135014606200807
060136001006200807
060136002806200807
060136003606200807
060136004406200807
060136005206200807
060136006006200807
060136007906200807
060201001206200807
060201002006200807
060201003906200807
060201004706200807
060201005506200807
060201006306200807
060201007106200807
060201008006200807
060201009806200807
060201011006200807
060201012806200807
060201013606200807
060201014406200807
060201015206200807
060201016006200807
060301001604200807
060302001104200807
060302002004200807
060302003804200807
060302004604200807
060302005404200807
060302006204200807
060302007004200807
060302008904200807
060302009704200807
060302010004200807
060303001704200807
060303002504200807
060303003304200807
060303004104200807
060304001204200807
060305001804200807
060305002604200807
060305003404200807
060306001304200807
060307001904200807
060307002704200807
060307003504200807
060307004304200807
060307005104200807
060308001404200807
060308002204200807
060308003004200807
060308004904200807
060308005704200807
060308006504200807
060308007304200807
060308008104200807
060308009004200807
060308010304200807
060308011104200807
060308012004200807
060308013804200807
060308014604200807
060308015404200807
060308016204200807
060308017004200807
060308018904200807
060308019704200807
060308020004200807
060308021904200807
060308022704200807
070101001002200807
070101002902200807
070101003702200807
070101004502200807
070101005302200807
070101006102200807
070101007002200807
070101008802200807
070101009602200807
070101010002200807
070101011802200807
070101012602200807
070101013402200807
070101014202200807
070101015002200807
070101016902200807
070101017702200807
070102001602200807
070102002402200807
070102003202200807
070102004002200807
070102005902200807
070102006702200807
070102007502200807
070102008302200807
070102009102200807
070102010502200807
070102011302200807
070102012102200807
070102013002200807
070102014802200807
070102015602200807
070102016402200807
070102017202200807
070102018002200807
070102019902200807
070102020202200807
070102021002200807
070102022902200807
070102023702200807
070102024502200807
070102025302200807
070102026102200807
070102027002200807
070102028802200807
070102029602200807
070102030002200807
070102031802200807
070102032602200807
070102033402200807
070102034202200807
070102035002200807
070102036902200807
070102037702200807
070102038502200807
070102039302200807
070102040702200807
070102041502200807
070102042302200807
070102043102200807
070102044002200807
070102045802200807
070102046602200807
070102047402200807
070102048202200807
070102049002200807
070102050402200807
070102051202200807
070102052002200807
070102053902200807
070102054702200807
070102055502200807
070102056302200807
070103001106200807
070103002006200807
070103003806200807
070103004606200807
070103005406200807
070103006206200807
070103007006200807
070103008906200807
070103009706200807
070103010006200807
070103011906200807
070103012706200807
070103013506200807
070103014306200807
070103015107200807
070103016006200807
070103017806200807
070103018606200807
070103019406200807
070103020806200807
070103021606200807
070103022406200807
070103023206200807
070103024006200807
070103025906200807
070103026706200807
070103027506200807
070103028306200807
070103029106200807
070104001702200807
070104002502200807
070104003302200807
070104004102200807
070104005002200807
070104006802200807
070104007602200807
070104008402200807
070104009202200807
070104010602200807
070104011402200807
070104012202200807
070104013002200807
070105001202200807
070105002002200807
070105004702200807
070106001802200807
070106002602200807
070106003402200807
070106004202200807
070107001302200807
070107002102200807
070107003002200807
070107004802200807
070107005602200807
070107006402200807
070107007202200807
070107008002200807
070107009902200807
070107010202200807
070107011002200807
070107012902200807
070107013702200807
070107014502200807
070108001907200807
070108002702200807
070108003502200807
070108004307200807
070108005102200807
070108006002200807
070108007802200807
070108008602200807
070108009407200807
070108010802200807
070109001402200807
070109002202200807
070109003002200807
070109004902200807
070109005702200807
070109006502200807
070109007302200807
070109008102200807
070109009002200807
070110001007200807
070110002807200807
070110003607200807
070110004407200807
070110005207200807
070110006007200807
070110007907200807
070110008707200807
070110009507200807
070110010907200807
070201001404200807
070201002204200807
070201003004200807
070201004904200807
070201005704200807
070201006504200807
070201007304200807
070201008104200807
070201009004200807
070201010304200807
070201011104200807
070201012004200807
070201013804200807
070201014604200807
070201015404200807
070201016204200807
070201017004200807
070201018904200807
070201019704200807
070201020004200807
070201021904200807
070202001002200807
070202002802200807
070202003602200807
070202004402200807
070202005202200807
070202006002200807
070203002304200807
070203003104200807
070203004004200807
070203005804200807
070203006604200807
070203007404200807
070203008204200807
070203009004200807
070203010404200807
070203011204200807
070203012004200807
070203013904200807
070203014704200807
070203015504200807
070203016304200807
070203017104200807
070203018004200807
070203019804200807
070203020104200807
070203021004200807
070203022804200807
070203023604200807
070203024404200807
070203025204200807
070203026004200807
070203027904200807
070203028704200807
070203029504200807
070203030904200807
070203031704200807
070203032504200807
070203033304200807
070203034104200807
070203035004200807
070203036804200807
070203037604200807
070203038404200807
070203039204200807
070203040604200807
070203041404200807
070203042204200807
070203043004200807
070203044904200807
070203045704200807
070203046504200807
070203047304200807
070203048104200807
070203049004200807
070203050304200807
070203051104200807
070203052004200807
070203053804200807
070203054604200807
070203055404200807
070203056204200807
070203057004200807
070203058904200807
070203059704200807
070203060004200807
070203061904200807
070203062704200807
070203063504200807
070203064304200807
070203065104200807
070203066004200807
070203067804200807
070203068604200807
070203069404200807
070203070804200807
070203071604200807
070203072404200807
070203073204200807
070203074004200807
070203075904200807
070203076704200807
070203077504200807
070203078304200807
070203079104200807
070203080504200807
070203081304200807
070203082104200807
070203083004200807
070203084804200807
070203085604200807
070203086404200807
070203087204200807
070203088004200807
070203089904200807
070203090204200807
070203091004200807
070203092904200807
070203093704200807
070203094504200807
070203095304200807
070203096104200807
070203097004200807
070203098804200807
070203099604200807
070203100304200807
070203101104200807
070203102004200807
070203103804200807
070203104604200807
070203105404200807
070203106204200807
070203107004200807
070203108904200807
070203109704200807
070203110004200807
070203111904200807
070203112704200807
070203113504200807
070203114304200807
070203115104200807
070203116004200807
070203117804200807
070203118604200807
070203119404200807
070203120804200807
070203121604200807
070203122404200807
070203123204200807
070203124004200807
070203125904200807
070203126704200807
070203127504200807
070203128304200807
070203129104200807
070204001004200807
070204002904200807
070204003704200807
070204004504200807
070204005304200807
070204006104200807
070204007004200807
070204008804200807
070204009604200807
070204010004200807
070204011804200807
070204012604200807
070204013404200807
070204014204200807
070204015004200807
070204016904200807
070204017704200807
070204018504200807
070204019304200807
070204020704200807
070204021504200807
070204022304200807
070204023104200807
070204024004200807
070204025804200807
070204026604200807
070204027404200807
070204028204200807
070204029004200807
070204030404200807
070204031204200807
070204032004200807
070204033904200807
070204034704200807
070204035504200807
070204036304200807
070204037104200807
070204038004200807
070204039804200807
070204040104200807
070204041004200807
070204042804200807
070204043604200807
070204044404200807
070204045204200807
070204046004200807
070204047904200807
070204048704200807
070204049504200807
070204050904200807
070204051704200807
070204052504200807
070204053304200807
070204054104200807
070204055004200807
070204056804200807
070204057604200807
070204058404200807
070204059204200807
070204060604200807
070205001604200807
070205002404200807
070205003204200807
070205004004200807
070205005904200807
070205006704200807
070205007504200807
070205008304200807
070205009104200807
070205010504200807
070205011304200807
070205012104200807
070205013004200807
070205014804200807
070205015604200807
070205016404200807
070205017204200807
070205018004200807
070205019904200807
070205020204200807
070205021004200807
070205022904200807
070205023704200807
070205024504200807
070205025304200807
070205026104200807
070205027004200807
070205028804200807
070205029604200807
070205030004200807
070205031804200807
070205032604200807
070205033404200807
070205034204200807
070205035004200807
070205036904200807
070205037704200807
070205038504200807
070205039304200807
070205040704200807
070205041504200807
070205042304200807
070205043104200807
070205044004200807
070205045804200807
070205046604200807
070205047404200807
070205048204200807
070205049004200807
070205050404200807
070205051204200807
070205052004200807
070205053904200807
070205054704200807
070205055504200807
070205056304200807
070205057104200807
070205058004200807
070205078404200807
070205079204200807
070206001107200807
070206001104200807
070206002004200807
070206003804200807
070207004107200807
070207004104200807
070207005004200807
070208001204200807
070208002004200807
070208003904200807
070209001804200807
070209002604200807
070209003404200807
070209004204200807
070210001307200807
070210002107200807
070210003007200807
070210004807200807
070210005607200807
070210006407200807
070210007207200807
070210008007200807
070210009907200807
070210010207200807
070211001904200807
070211002704200807
070211003504200807
070212001404200807
070212002204200807
070212003004200807
070212004904200807
070212005704200807
070212006504200807
070212006507200807
080101001201200807
080101002001200807
080101003904200807
080101004704200807
080201001604200807
080201002404200807
080201003204200807
080201004004200807
080201005904200807
080201006704200807
080201007504200807
080201008304200807
080201009104200807
080201010504200807
080201011304200807
080201012104200807
080201013004200807
080201014804200807
080201015604200807
080201016404200807
080201019904200807
080202001104200807
080202002004200807
080301001002200807
080301002802200807
080301003602200807
080301004402200807
080301005202200807
080301006002200807
080301007902200807
080301008702200807
080301009502200807
080301010902200807
080301011702200807
080301012502200807
080301013302200807
080301014102200807
