020101003801200807
020101009709200807
020101009701200807
020101009707200807
020101011907200807
020101011901200807
020101011909200807
020101012701200807
020101013501200807
020101014301200807
020101014307200807
020101014309200807
020101016001200807
020101016009200807
020101018607200807
020101018609200807
020101018601200807
020101020801200807
020101024009200807
020101024001200807
020101024007200807
020101025901200807
020101026701200807
020101026707200807
020101026709200807
020101030507200807
020101030501200807
020101030509200807
020101031307200807
020101031301200807
020101031309200807
020101032101200807
020101032109200807
020101032107200807
020101033001200807
020101033007200807
020101033009200807
020101040209200807
020101040201200807
020101040207200807
020101053401200807
020101055001200807
020101057707200807
020101057701200807
020904003309200807
020904003307200807
020904003301200807
020904005007200807
020904005001200807
020904005009200807
021105009101200807
021105010507200807
021105010509200807
021105010503200807
030106001007200807
030106001003200807
030106007007200807
030106007003200807
030106007001200807
030106008803200807
030109001713200807
030109001709200807
030109001703200807
030109002513200807
030109002509200807
030109002503200807
030301001003200807
030301001007200807
030301002907200807
030301002903200807
030301003707200807
030301003703200807
030301004507200807
030301004503200807
030301005303200807
030301005307200807
030301006107200807
030301006103200807
030301007007200807
030301007003200807
030301008807200807
030301008803200807
030301009607200807
030301009603200807
030301010003200807
030301010007200807
030301011807200807
030301011803200807
030301012607200807
030301012603200807
030301013407200807
030301013403200807
030301014203200807
030301014207200807
030301015007200807
030301015003200807
030301016907200807
030301016903200807
030301017707200807
030301017703200807
030301018503200807
030301018507200807
030301019307200807
030301019303200807
030301020703200807
030301020707200807
030301021506200807
030301021507200807
030302003207200807
030302003203200807
030302004003200807
030302004007200807
030302005903200807
030302005907200807
030302006707200807
030302006703200807
030302007507200807
030302007503200807
030302008303200807
030302008307200807
030303001107200807
030303001111200807
030303002003200807
030303002007200807
030303003807200807
030303003803200807
030303004603200807
030303004607200807
030303005407200807
030303005403200807
030303006207200807
030303006203200807
030304001703200807
030304001707200807
030304002503200807
030304002507200807
030304003303200807
030304004107200807
030304004103200807
030304005003200807
030304005007200807
030304006803200807
030304006807200807
030304007603200807
030304007607200807
030304008403200807
030304008407200807
030304009203200807
030304009207200807
030304010603200807
030304010607200807
030304011407200807
030304011403200807
030304012207200807
030304012203200807
030304013003200807
030304013007200807
030304014903200807
030304015707200807
030304015703200807
030304016503200807
030304016507200807
030304017303200807
030304017307200807
030304018103200807
030304019003200807
030304019007200807
030304020303200807
030304021103200807
030304022007200807
030304022003200807
030304023807200807
030304023803200807
030304024603200807
030304025407200807
030304025403200807
030304026203200807
030304027003200807
030304028903200807
030304029707200807
030304029703200807
030305013607200807
030305013603200807
030305014407200807
030305014403200807
030306001803200807
030306001807200807
030306002607200807
030306002603200807
030306003403200807
030306003407200807
030306004207200807
030306004203200807
030306005007200807
030306005003200807
030306006907200807
030306006903200807
030306007707200807
030306007703200807
030306008503200807
030306008507200807
030306009307200807
030306009303200807
030306010707200807
030306010703200807
030306011503200807
030306011507200807
030306012303200807
030306012307200807
030306013103200807
030306013107200807
030306014007200807
030306014003200807
030306015803200807
030306016603200807
030306016607200807
030306017407200807
030306017403200807
030306018203200807
030306018207200807
030306019003200807
030306019007200807
030306020407200807
030306020403200807
030306021207200807
030306021203200807
030306022001200807
030306022007200807
030306022003200807
030306023903200807
030306023907200807
030306024707200807
030306024703200807
030306025503200807
030306026307200807
030306026303200807
030306027103200807
030306027107200807
030306028003200807
030306028007200807
030306029807200807
030306029803200807
030306030107200807
030306030103200807
030307006407200807
030307006403200807
030307007203200807
030307007207200807
030307008007200807
030307008003200807
030307009903200807
030307009907200807
030307010207200807
030307010203200807
030307011003200807
030307011007200807
030307012907200807
030307012903200807
030308004303200807
030308004307200807
030308005107200807
030308005103200807
030308006007200807
030308006003200807
030308007803200807
030308007807200807
030308008607200807
030308008603200807
030308009407200807
030308009403200807
030309013807200807
030309013803200807
030309019703200807
030309019707200807
030309020007200807
030309020003200807
030309023503200807
030309023507200807
030309024303200807
030309024307200807
030309028607200807
030309028603200807
030309029407200807
030309029403200807
030309030803200807
030309030807200807
030309031603200807
030309031607200807
030309032403200807
030309032407200807
030309033203200807
030309033207200807
030309034003200807
030309034007200807
030309035903200807
030309035907200807
030309036707200807
030309036703200807
030309037503200807
030309037507200807
030310001002200807
030310001007200807
030310001003200807
030310002802200807
030310002807200807
030310002803200807
030310003603200807
030310003607200807
030310003602200807
030310004407200807
030310004402200807
030310004403200807
030310005202200807
030310005207200807
030310005203200807
030311001503200807
030311001507200807
030311002303200807
030311002307200807
030311003103200807
030311003107200807
030311004003200807
030311004007200807
030311005807200807
030311005803200807
030311006607200807
030311006603200807
030311007403200807
030311007407200807
030311008207200807
030311008203200807
030311009003200807
030311009007200807
030311010407200807
030311010403200807
030311011203200807
030311011207200807
030313001604200807
030313001607200807
030313002407200807
030313002404200807
030313003207200807
030313003204200807
030313004004200807
030313004007200807
030313005904200807
030313005907200807
030313006704200807
030313006707200807
030313007504200807
030313007507200807
030313008304200807
030313008307200807
030314002007200807
030314002003200807
030314003807200807
030314003803200807
030314004603200807
030314004607200807
030314005403200807
030314005407200807
030314006207200807
030314006203200807
030314007003200807
030314007007200807
030314008903200807
030314008907200807
030314009703200807
030314009707200807
030314010007200807
030314010003200807
030314011907200807
030314011903200807
030314012707200807
030314012703200807
030314013507200807
030314013503200807
030314014303200807
030314014307200807
030314015103200807
030314015107200807
030315001703200807
030315001707200807
030315002507200807
030315002503200807
030315003307200807
030315003303200807
030315004103200807
030315004107200807
030315005003200807
030315005007200807
030315006807200807
030315006803200807
030316001203200807
030316001207200807
030316002002200807
030316002007200807
030316002003200807
030316003907200807
030316004707200807
030316005507200807
030316006307200807
030316007107200807
030317001803200807
030317001805200807
030317001807200807
030317002607200807
030317002603200807
030317003407200807
030317003403200807
030317004203200807
030317004207200807
030317005007200807
030317005003200807
030317006903200807
030317006907200807
030317007705200807
030317007707200807
030317008507200807
030317008503200807
030317008505200807
030317009307200807
030317009305200807
030317010707200807
030317010714200807
030318001303200807
030318001307200807
030318003003200807
030318003007200807
030318004807200807
030318004803200807
030318005607200807
030318005603200807
030318006403200807
030318006407200807
030318007210200807
030318007207200807
030319001903200807
030319001907200807
030319001908200807
030401004903200807
030401005703200807
030401006503200807
030401011107200807
030401011103200807
030401016203200807
030401032403200807
030401033203200807
030408002007200807
030408002003200807
030408003903200807
030408003907200807
030408004703200807
030408006303200807
030409001807200807
030409001803200807
030409002607200807
030409002603200807
030409003407200807
030409003403200807
030409004207200807
030409004203200807
030410001303200807
030410001307200807
030501017403200807
030501017407200807
030502001307200807
030502001303200807
030502002107200807
030502002103200807
030502003007200807
030502003003200807
030502004803200807
030502004807200807
030502005603200807
030502005607200807
030801001907200807
030801001903200807
030801001901200807
030801002707200807
030801002703200807
030801003501200807
030801003507200807
030801003503200807
030801004307200807
030801004303200807
030801004301200807
030802002207200807
030802002203200807
030802003003200807
030802003007200807
030803001003200807
030803001007200807
030803002803200807
030803002807200807
030803003603200807
030803003607200807
030803003683200807
030803003601200807
030804001501200807
030804001507200807
030804001503200807
030804002303200807
030804002307200807
031001003902200807
031001003901200807
031001003903200807
031001004701200807
031001004703200807
031001004702200807
040102001007200807
040102001001200807
040102002907200807
040102002901200807
040102003707200807
040102003701200807
040102004507200807
040102004501200807
040102004509200807
040102005301200807
040102005309200807
040102005307200807
040102006101200807
040102006109200807
040102006107200807
040102007001200807
040102007009200807
040102007007200807
040102008809200807
040102008801200807
040102008807200807
040102009609200807
040102009607200807
040102009601200807
040102010001200807
040102010007200807
040102011801200807
040102011807200807
040102012607200807
040102012601200807
040102013401200807
040102013405200807
040102014207200807
040102014201200807
040102014209200807
040102015001200807
040102015007200807
040102015009200807
040102016901200807
040102016907200807
040201001901200807
040201001907200807
040201002707200807
040201002701200807
040201003509200807
040201003507200807
040201003501200807
040201004309200807
040201004301200807
040201004307200807
040201005101200807
040201005107200807
040202001401200807
040202001407200807
040202002201200807
040202002207200807
040301001201200807
040301001207200807
040301002007200807
040301002001200807
040301003901200807
040301003907200807
040301004701200807
040301004707200807
040301005501200807
040301005507200807
040301006307200807
040301006301200807
040301007107200807
040301007101200807
040301008001200807
040301008007200807
040301009801200807
040301009807200807
040301010101200807
040301010107200807
040301011001200807
040301011007200807
040301012801200807
040301012807200807
040301013607200807
040301013601200807
040301014407200807
040301014401200807
040301015201200807
040301015207200807
040301016007200807
040301016001200807
040301017901200807
040301017907200807
040301018701200807
040301018707200807
040301019501200807
040301019507200807
040301020907200807
040301020901200807
040301021701200807
040301021707200807
040301022507200807
040301022501200807
040301023301200807
040301023307200807
040301024101200807
040301024107200807
040301025007200807
040301025001200807
040301026801200807
040301026807200807
040301027607200807
040301027601200807
040301028401200807
040301028407200807
040301029201200807
040301029207200807
040301030607200807
040301030601200807
040301031401200807
040301031407200807
040301032201200807
040301032207200807
040301033001200807
040301033007200807
040301034907200807
040301034901200807
040301035701200807
040301035707200807
040301036501200807
040301036507200807
040302001807200807
040302001801200807
040302002601200807
040302002607200807
040302003407200807
040302003401200807
040302004207200807
040302004201200807
040302005007200807
040302005001200807
040302006907200807
040302006901200807
040302007707200807
040302007701200807
040302008507200807
040302008501200807
040302009301200807
040302009307200807
040302010701200807
040302010707200807
040302011507200807
040302011501200807
040302012307200807
040302012301200807
040302013107200807
040302013101200807
040303001307200807
040303001301200807
040303002101200807
040303002107200807
040303003007200807
040303003001200807
040303004801200807
040303004807200807
040303005601200807
040303005607200807
040303006401200807
040303006407200807
040303007201200807
040303007207200807
040303008007200807
040303008001200807
040303009901200807
040303009907200807
040303010201200807
040303010207200807
040303011001200807
040303011007200807
040303012901200807
040303012907200807
040303013707200807
040303013701200807
040303014507200807
040303014501200807
040303015301200807
040303015307200807
040303016101200807
040303016107200807
040303017001200807
040303017007200807
040304001901200807
040304001907200807
040304002707200807
040304002701200807
040304003507200807
040304003501200807
040304004307200807
040304004301200807
040304005107200807
040304005101200807
040304006007200807
040304006001200807
040304007807200807
040304007801200807
040304008607200807
040304008601200807
040305003001200807
040305004901200807
040305005701200807
040305006501200807
040305007301200807
040305009001200807
040305010301200807
040305011101200807
040305012001200807
040305013801200807
040305014601200807
040305015401200807
040305016201200807
040306001001200807
040306001007200807
040306002807200807
040306002801200807
040306003607200807
040306003601200807
040306004407200807
040306004401200807
040306005207200807
040306005201200807
040306006001200807
040306006007200807
040306007901200807
040306007907200807
040306008707200807
040306008701200807
040306009501200807
040306009507200807
040307001501200807
040307002301200807
040307003101200807
040307004001200807
040307005801200807
040307006601200807
040307007401200807
040307008201200807
040307009001200807
040307010401200807
040307011201200807
040307012001200807
040307013907200807
040307013901200807
040307014701200807
040307014707200807
040308001001200807
040308002901200807
040308003701200807
040308004501200807
040308005301200807
040308006101200807
040308007001200807
040308008801200807
040308009601200807
040308010001200807
040401001605200807
040401001601200807
040401001609200807
040401002401200807
040401002407200807
040401002409200807
040401003209200807
040401003201200807
040401003207200807
040401004001200807
040401004007200807
040401005907200807
040401005901200807
040401006701200807
040401006707200807
040401008307200807
040401008301200807
040401010507200807
040401010501200807
040401011301200807
040401011307200807
040401012109200807
040401012107200807
040401012101200807
040401013001200807
040401013007200807
040401014807200807
040401014801200807
040401016401200807
040401016407200807
040401017201200807
040401017207200807
040401018007200807
040401018001200807
040401019901200807
040401019907200807
040401020201200807
040401020207200807
040401021007200807
040401021001200807
040401022907200807
040401022901200807
040401023701200807
040401023707200807
040401028807200807
040401028801200807
040401031809200807
040401031807200807
040401031801200807
040401032607200807
040401032601200807
040401033407200807
040401033401200807
040401035001200807
040401035007200807
040401037701200807
040401037707200807
040401038507200807
040401038501200807
040401040707200807
040401040701200807
040401041507200807
040401041501200807
040401041509200807
040402001107200807
040402001101200807
040402003801200807
040402003807200807
040402004607200807
040402004601200807
040402006207200807
040402006201200807
040402007009200807
040402007001200807
040402007007200807
040402008901200807
040402008909200807
040402008907200807
040402011901200807
040402011907200807
040402013507200807
040402013501200807
040402014301200807
040402014307200807
040402015101200807
040402016007200807
040402016001200807
040402017801200807
040402017807200807
040402018601200807
040402018607200807
040402019407200807
040402019401200807
040402020801200807
040402020807200807
040402021601200807
040402021607200807
040402022407200807
040402022401200807
040402023207200807
040402023201200807
040402024001200807
040402024007200807
040402025901200807
040402025907200807
040402026701200807
040402026709200807
040402026707200807
040402027501200807
040402027507200807
040402028301200807
040402028307200807
040402029101200807
040402029107200807
040402030501200807
040402030507200807
040402031301200807
040402031307200807
040402032101200807
040402032107200807
040402033007200807
040402033001200807
040402034801200807
040402034807200807
040402035601200807
040402035607200807
040402036407200807
040402036401200807
040402037207200807
040402037201200807
040402038007200807
040402038001200807
040402039907200807
040402039901200807
040402040207200807
040402040201200807
040402041001200807
040402041007200807
040402042901200807
040402042907200807
040402043701200807
040402043707200807
040403001701200807
040403001707200807
040403002507200807
040403002501200807
040403003301200807
040403003307200807
040403004101200807
040403004107200807
040403005007200807
040403005001200807
040403006801200807
040403007601200807
040403007607200807
040403008407200807
040403008401200807
040403009207200807
040403009201200807
040403010607200807
040403010601200807
040403011401200807
040403011407200807
040403012201200807
040403012207200807
040403013007200807
040403013001200807
040403014907200807
040403014901200807
040403015701200807
040403015707200807
040403016501200807
040403016507200807
040403017307200807
040403017301200807
040403018101200807
040403018107200807
040403019007200807
040403019001200807
040403020307200807
040403020301200807
040403021107200807
040403021101200807
040501001009200807
040501001001200807
040501001007200807
040501002807200807
040501002801200807
040501002809200807
040501003609200807
040501003607200807
040501003601200807
040501007907200807
040501007901200807
040501007909200807
040501008707200807
040501008709200807
040501008701200807
040501011709200807
040501011707200807
040501011701200807
040501012507200807
040501012501200807
040501012509200807
040501013309200807
040501013307200807
040501013301200807
040501015001200807
040501015009200807
040501015007200807
040501017609200807
040501017607200807
040501017601200807
040502001509200807
040502001501200807
040502001507200807
040502002309200807
040502002301200807
040502002307200807
040503001007200807
040503001001200807
040503001009200807
040503002907200807
040503002901200807
040503002909200807
040503007007200807
040503007001200807
040503007009200807
040503009601200807
040503009607200807
040503009609200807
040503011807200807
040503011801200807
040503011809200807
040503013407200807
040503013401200807
040503013409200807
040503014207200807
040503014201200807
040503014209200807
040503016907200807
040503016901200807
040503017707200807
040503017701200807
040503018507200807
040503018501200807
040503019307200807
040503019301200807
040503020707200807
040503020701200807
040503020709200807
040504001607200807
040504001601200807
040504001609200807
040504002401200807
040504002407200807
040504002409200807
040504004007200807
040504004009200807
040504004001200807
040504005907200807
040504005909200807
040504005901200807
040504006709200807
040504006707200807
040504006701200807
040504007501200807
040504007509200807
040504007507200807
040504008309200807
040504008301200807
040504008307200807
040504009109200807
040504009107200807
040504009101200807
040504010501200807
040504010507200807
040504010509200807
040504014807200807
040504014809200807
040504014801200807
040504015607200807
040504015609200807
040504015601200807
040504016401200807
040504016409200807
040504016407200807
040504018001200807
040504018007200807
040504020201200807
040504020209200807
040504020207200807
040504021007200807
040504021009200807
040504021001200807
040505001109200807
040505001101200807
040505001107200807
040505004601200807
040505004607200807
040505004609200807
040505005401200807
040505005407200807
040505005409200807
040505009701200807
040505009709200807
040505009707200807
040505010009200807
040505010007200807
040505010001200807
040505011901200807
040505011909200807
040505011907200807
040505013501200807
040505013507200807
040505013509200807
040505014309200807
040505014307200807
040505014301200807
040505015107200807
040505015109200807
040505015101200807
040505018601200807
040505018609200807
040505018607200807
040505021609200807
040505021601200807
040505021607200807
040505022401200807
040505022407200807
040505022409200807
040505023207200807
040505023201200807
040505023209200807
040505031309200807
040505031301200807
040505031307200807
040505032101200807
040505032109200807
040505032107200807
040505035609200807
040505035607200807
040505035601200807
040505037201200807
040505037207200807
040505037209200807
040505038009200807
040505038007200807
040505038001200807
040505039901200807
040505039909200807
040505039907200807
040601001307200807
040601001301200807
040601002107200807
040601002101200807
040601003007200807
040601003001200807
040601004801200807
040601004807200807
040601005607200807
040601005601200807
040601006407200807
040601006401200807
040601007201200807
040601007207200807
040601008001200807
040601009907200807
040601009901200807
040601010207200807
040601010201200807
040601011001200807
040601011007200807
040601013707200807
040601013701200807
040601014507200807
040601014501200807
040601015301200807
040601015307200807
040601016101200807
040601017007200807
040601017001200807
040601018801200807
040601018807200807
040601019607200807
040601019601200807
040601020007200807
040601020001200807
040601021807200807
040601021801200807
040601022601200807
040601022607200807
040601023401200807
040601023407200807
040601024207200807
040601024201200807
040601025007200807
040601025001200807
040601026907200807
040601026901200807
040601027701200807
040601027707200807
040601028507200807
040601028501200807
040601029301200807
040601029307200807
040601030707200807
040601030701200807
040601031507200807
040601031501200807
040601032301200807
040601032307200807
040601033101200807
040601033107200807
040601034001200807
040601034007200807
040601035801200807
040601035807200807
040601036601200807
040601036607200807
040601037401200807
040601037407200807
040601038207200807
040601038201200807
040601039001200807
040601039007200807
040601040407200807
040601040401200807
040601041201200807
040601041207200807
040601042007200807
040601042001200807
040601043907200807
040601043901200807
040601044707200807
040601044701200807
040601045501200807
040601045507200807
040601046307200807
040601046301200807
040601047101200807
040601047107200807
040601048007200807
040601048001200807
040601049801200807
040601049807200807
040601050101200807
040601050107200807
040601051001200807
040601051007200807
040601052801200807
040601052807200807
040601053607200807
040601053601200807
040601054401200807
040601054407200807
040601055207200807
040601055201200807
040601056001200807
040601057901200807
040601058701200807
040601059501200807
040601060901200807
040601061701200807
040601062501200807
040601063301200807
040601064107200807
040601064101200807
040601065001200807
040601066807200807
040601066801200807
040601067607200807
040601067601200807
040601068407200807
040601068401200807
040601069207200807
040601069201200807
040601070601200807
040601071401200807
040601071407200807
040601073001200807
040601073007200807
040601074901200807
040601075707200807
040601075701200807
040601076501200807
040601076507200807
040601077307200807
040601077301200807
040601078107200807
040601078101200807
040601079001200807
040601080307200807
040601080301200807
040601081101200807
040601082007200807
040601082001200807
040601083801200807
040601084601200807
040601085401200807
040601086201200807
040601087001200807
040601088901200807
040601089701200807
040601089707200807
040601090007200807
040601090001200807
040601091907200807
040601091901200807
040601092701200807
040601093501200807
040601094301200807
040601095101200807
040601096007200807
040601096001200807
040601096003200807
040601097807200807
040601097803200807
040601097801200807
040601098601200807
040601099401200807
040601100101200807
040601101001200807
040601102801200807
040601103601200807
040601104401200807
040601104407200807
040601105201200807
040601106001200807
040601107901200807
040601108701200807
040601109501200807
040601110901200807
040601111701200807
040601112501200807
040601113301200807
040601113307200807
040601114101200807
040601115001200807
040601115007200807
040601116801200807
040601117601200807
040601118401200807
040601119201200807
040601120601200807
040601121407200807
040601121401200807
040601122207200807
040601122201200807
040602001901200807
040602001907200807
040602002707200807
040602002701200807
040602003507200807
040602003501200807
040602004307200807
040602004301200807
040602005107200807
040602005101200807
040602007807200807
040602007801200807
040602010801200807
040602011601200807
040602011607200807
040602012407200807
040602012401200807
040602015907200807
040602015901200807
040602016707200807
040602016701200807
040602019101200807
040602019107200807
040602021301200807
040602022101200807
040602023001200807
040602024807200807
040602024801200807
040602025607200807
040602025601200807
040602026407200807
040602026401200807
040602027207200807
040602027201200807
040602028001200807
040602028007200807
040602030201200807
040602030207200807
040602031001200807
040602031007200807
040602032907200807
040602032901200807
040602033701200807
040602033707200807
040602034501200807
040602034507200807
040602035301200807
040602035307200807
040602036101200807
040602036107200807
040602037007200807
040602037001200807
040602038807200807
040602038801200807
040602039601200807
040602039607200807
040602040007200807
040602040001200807
040602041801200807
040602041807200807
040602042607200807
040602042601200807
040602043407200807
040602043401200807
040602044201200807
040602044207200807
040602045001200807
040602045005200807
040602046907200807
040602046901200807
040602047707200807
040602047701200807
040602048507200807
040602048501200807
040602049301200807
040602049307200807
040602050701200807
040602050707200807
040602051507200807
040602051501200807
040602052301200807
040602053107200807
040602053101200807
040602054007200807
040602054001200807
040602055807200807
040602055801200807
040602056601200807
040602056607200807
040602057407200807
040602057401200807
040602058201200807
040602058207200807
040602059007200807
040602059001200807
040602060407200807
040602060401200807
040603001401200807
040603002201200807
040603003001200807
040603004901200807
040603005707200807
040603005701200807
040603006501200807
040603007301200807
040603008101200807
040603008107200807
040603009001200807
040603009007200807
040603010307200807
040603010301200807
040603011107200807
040603011101200807
040603012001200807
040603012007200807
040603013801200807
040603013807200807
040603014607200807
040603014601200807
040604001007200807
040604001001200807
040604002801200807
040604002807200807
040604004401200807
040604004407200807
040604005207200807
040604005201200807
040604006007200807
040604006001200807
040604007901200807
040604007907200807
040604008701200807
040604009501200807
040604010901200807
040604010907200807
040604011707200807
040604011701200807
040604012501200807
040604012507200807
040604013301200807
040604014107200807
040604014101200807
040604015001200807
040604016801200807
040604017601200807
040604018401200807
040604019201200807
040604019207200807
040604020601200807
040604020607200807
040604021407200807
040604021401200807
040604022207200807
040604022201200807
040604023001200807
040604023007200807
040604024907200807
040604024901200807
040604025707200807
040604025701200807
040604026507200807
040604026501200807
040604027307200807
040604027301200807
040604028101200807
040604029007200807
040604029001200807
040604030307200807
040604030301200807
040604031101200807
040604031107200807
040604032007200807
040604032001200807
040604033807200807
040604033801200807
040605001507200807
040605001501200807
040605002301200807
040605002307200807
040605003107200807
040605003101200807
040605004007200807
040605004001200807
040605005807200807
040605005801200807
040605006607200807
040605006601200807
040605007401200807
040605007407200807
040605008201200807
040605008207200807
040605009001200807
040605009007200807
040605010407200807
040605010401200807
040605011201200807
040605012007200807
040605012001200807
040605013907200807
040605013901200807
040701001701200807
040701001707200807
040701003301200807
040701003307200807
040701004101200807
040701005001200807
040701005007200807
040701006807200807
040701006801200807
040701007601200807
040701008401200807
040701008407200807
040701009207200807
040701009201200807
040701010607200807
040701010601200807
040701011401200807
040701011407200807
040701012207200807
040701012201200807
040701013001200807
040701014901200807
040701015701200807
040701015707200807
040701016501200807
040701016507200807
040701017301200807
040701017307200807
040701018107200807
040701018101200807
040701019001200807
040701019007200807
040701020301200807
040701020307200807
040701021101200807
040701021107200807
040701022001200807
040701022007200807
040701023801200807
040701023807200807
040701027001200807
040701027007200807
040701028901200807
040701029701200807
040701029707200807
040701030001200807
040701033501200807
040701033507200807
040701034307200807
040701034301200807
040701035107200807
040701035101200807
040702001201200807
040702002001200807
040702003907200807
040702003901200807
040702004701200807
040702004707200807
040702006307200807
040702006301200807
040702007101200807
040702007107200807
040702008007200807
040702008001200807
040702009807200807
040702009801200807
040702010101200807
040702010107200807
040702011009200807
040702011007200807
040702011001200807
040702013601200807
040702013609200807
040702013607200807
040702014401200807
040702014407200807
040702014409200807
040702015201200807
040702015207200807
040702017901200807
040702017907200807
040702018707200807
040702018701200807
040702019501200807
040702019507200807
040702020901200807
040702020907200807
040702021701200807
040702021709200807
040702022509200807
040702022501200807
040702022507200807
040702023307200807
040702023301200807
040702024101200807
040702024107200807
040702025001200807
040702025007200807
040702026801200807
040702026807200807
040702027601200807
040702027609200807
040702027607200807
040702028407200807
040702028409200807
040702028401200807
040702029207200807
040702029201200807
040702030601200807
040702030607200807
040702032209200807
040702032207200807
040702032201200807
040702033001200807
040702034901200807
040702035701200807
040702036507200807
040702036501200807
040702038101200807
040702038107200807
040702040301200807
040702040307200807
040702041101200807
040702041107200807
040702042001200807
040702042007200807
040702043807200807
040702043801200807
040702044601200807
040702044607200807
040702045409200807
040702045407200807
040702045401200807
040702046207200807
040702046201200807
040702047001200807
040702047009200807
040702047007200807
040703001807200807
040703001801200807
040703002607200807
040703002601200807
040703003407200807
040703003401200807
040703004201200807
040703004207200807
040703005001200807
040703005007200807
040703006901200807
040703006907200807
040703007701200807
040703007707200807
040703012307200807
040703012301200807
040703013101200807
040703013107200807
040703014001200807
040703014007200807
040703015801200807
040703015807200807
040703016601200807
040703016607200807
040703017401200807
040703017407200807
040703018201200807
040703018207200807
040703019001200807
040703019007200807
040703020401200807
040703021201200807
040703022001200807
040703024701200807
040704001301200807
040704001307200807
040704002107200807
040704002101200807
040704003007200807
040704003001200807
040704004807200807
040704004801200807
040704005601200807
040704005607200807
040704006409200807
040704006401200807
040704006407200807
040704007209200807
040704007201200807
040704007207200807
040704008009200807
040704008007200807
040704008001200807
040704009909200807
040704009901200807
040704009907200807
040704010207200807
040704010201200807
040704010209200807
040704011007200807
040704011009200807
040704011001200807
040704012907200807
040704012909200807
040704012901200807
040704013701200807
040704013707200807
040704014501200807
040704014507200807
040704015307200807
040704015301200807
040704016107200807
040704016101200807
040704017007200807
040704017001200807
040704017009200807
040704018801200807
040704018807200807
040704020007200807
040704020001200807
040704022609200807
040704022607200807
040704022601200807
040704023401200807
040704023407200807
040704024207200807
040704024201200807
040704025007200807
040704025001200807
040704026901200807
040704026907200807
040801001001200807
040801002901200807
040801003701200807
040801004501200807
040801005301200807
040801006101200807
040801007001200807
040801007007200807
040801008807200807
040801008801200807
040801009607200807
040801009601200807
040801010007200807
040801010001200807
040801011807200807
040801011801200807
040801013401200807
040801013407200807
040801014207200807
040801014201200807
040801015001200807
040801015007200807
040801016907200807
040801016901200807
040801017707200807
040801017701200807
040801018507200807
040801018501200807
040801019307200807
040801019301200807
040801020707200807
040801020701200807
040801021501200807
040801022301200807
040801022307200807
040801023101200807
040802001607200807
040802001601200807
040802002407200807
040802002401200807
040802003207200807
040802003201200807
040802004001200807
040802005901200807
040802006701200807
040802007501200807
040802008301200807
040802009101200807
040802010501200807
040802010507200807
040802012107200807
040802012101200807
040802013001200807
040802013007200807
040802014807200807
040802014801200807
040802015601200807
040802015607200807
040802016407200807
040802016401200807
040802017201200807
040802017207200807
040802018007200807
040802018001200807
040802019901200807
040802019907200807
040802020201200807
040802020207200807
040802021007200807
040802021001200807
040802022907200807
040802022901200807
040802023701200807
040802023707200807
040802024501200807
040802024507200807
040802025307200807
040802025301200807
040802026101200807
040802026107200807
040802027007200807
040802027001200807
040802028801200807
040802028807200807
040802029601200807
040802029607200807
040802030001200807
040802030007200807
040802031801200807
040802031807200807
040802032607200807
040802032609200807
040802032601200807
040802033407200807
040802033401200807
040802034209200807
040802034201200807
040802034207200807
040802035007200807
040802035001200807
040802036907200807
040802036901200807
040802037701200807
040802037707200807
040802038507200807
040802038501200807
040802039301200807
040802039307200807
040802040707200807
040802040701200807
040802041507200807
040802041501200807
040802042301200807
040802042307200807
040802043107200807
040802043101200807
040802044007200807
040802044001200807
040802044009200807
040802045807200807
040802045801200807
040802046607200807
040802046601200807
040802047407200807
040802047401200807
040802048207200807
040802048201200807
040802049001200807
040802049007200807
040802050407200807
040802050401200807
040802051201200807
040802051207200807
040802052001200807
040802052007200807
040802053901200807
040802053907200807
040802054701200807
040802054707200807
040802055507200807
040802055501200807
040802056307200807
040802056301200807
040802057107200807
040802057101200807
040802058001200807
040802058007200807
040802059801200807
040802059807200807
040802060101200807
040802060107200807
040802061001200807
040802061007200807
040802062801200807
040802062807200807
040802063607200807
040802063601200807
040802064401200807
040802064407200807
040803001101200807
040803001107200807
040803002007200807
040803002001200807
040803003807200807
040803003801200807
040803004601200807
040803005407200807
040803005401200807
040803006201200807
040803006207200807
040803007007200807
040803007001200807
040803008901200807
040803008907200807
040803009701200807
040803009707200807
040803010001200807
040803010007200807
040803011907200807
040803011901200807
040803012707200807
040803012701200807
040803013501200807
040803014301200807
040803015101200807
040803016001200807
040803017807200807
040803017801200807
040803018601200807
040803019401200807
040803020801200807
040803021601200807
040803022401200807
040803023201200807
040803023207200807
040803024007200807
040803024001200807
040803025907200807
040803025901200807
040803026701200807
040803026707200807
040803027507200807
040803027501200807
040803028307200807
040803028301200807
040803029101200807
040803029107200807
040803030507200807
040803030501200807
040803031307200807
040803031301200807
040803032101200807
040803032107200807
040803033001200807
040803033007200807
040803034801200807
040803034807200807
040803035601200807
040803036407200807
040803036401200807
040803037207200807
040803037201200807
040803038001200807
040803038007200807
040803039907200807
040803039901200807
040803040207200807
040803040201200807
040803041001200807
040803041007200807
040803042907200807
040803042901200807
040803043707200807
040803043701200807
040803044507200807
040803044501200807
040803045307200807
040803045301200807
040803046107200807
040803046101200807
040803047007200807
040803047001200807
040803050001200807
040803050007200807
040803051801200807
040803051807200807
040803052601200807
040803052607200807
040803053401200807
040803053407200807
040803054201200807
040803054207200807
040803055001200807
040803055007200807
040803056907200807
040803056901200807
040803057707200807
040803057701200807
040803058507200807
040803058501200807
040803059307200807
040803059301200807
040803060701200807
040803060707200807
040803061501200807
040803061507200807
040803062301200807
040803062307200807
040803063101200807
040803063107200807
040803064001200807
040803064007200807
040803065807200807
040803065801200807
040803066607200807
040803066601200807
040803067407200807
040803067401200807
040803068201200807
040803068207200807
040803069001200807
040803069007200807
040803070401200807
040803071207200807
040803071201200807
040803072007200807
040803072001200807
040803073907200807
040803073901200807
040803074701200807
040803074707200807
040803075507200807
040803075501200807
040803076301200807
040803076307200807
040803077107200807
040803077101200807
040803078001200807
040803079801200807
040803080101200807
040803080107200807
040803081001200807
040803081007200807
040803082807200807
040803082801200807
040803083601200807
040803083607200807
040803084401200807
040803084407200807
040803085207200807
040803085201200807
040803086007200807
040803086001200807
040803087907200807
040803087901200807
040803088707200807
040803088701200807
040803089507200807
040803089501200807
040803090901200807
040803090907200807
040803091707200807
040803091701200807
040804001707200807
040804001701200807
040804002501200807
040804002507200807
040804003307200807
040804003301200807
040804004107200807
040804004101200807
040804005001200807
040804006801200807
040804007601200807
040804008401200807
040804009201200807
040804010607200807
040804010601200807
040804011401200807
040804011407200807
040804012207200807
040804012201200807
040804013001200807
040804013007200807
040804014901200807
040804014907200807
040804015707200807
040804015701200807
040804016501200807
040804016507200807
040804017301200807
040804017307200807
040804018101200807
040804018107200807
040804019001200807
040804019007200807
040804020301200807
040804020307200807
040804022001200807
040804022007200807
040804023801200807
040804023807200807
040804024601200807
040804024607200807
040804025401200807
040804025407200807
040804026201200807
040804026207200807
040804027007200807
040804027001200807
040804028901200807
040804028907200807
040804029707200807
040804029701200807
040804030007200807
040804030001200807
040804031907200807
040804031901200807
040804032707200807
040804032701200807
040804033501200807
040804033507200807
040804034301200807
040804034307200807
040805001207200807
040805001201200807
040805002001200807
040805002007200807
040805003907200807
040805003901200807
040805004701200807
040805004707200807
040805005501200807
040805006301200807
040805007101200807
040805008007200807
040805008001200807
040805010107200807
040805010101200807
040805011007200807
040805011001200807
040805012801200807
040805012807200807
040805013601200807
040805013607200807
040805014407200807
040805014401200807
040805015207200807
040805015201200807
040805016001200807
040805016007200807
040805017901200807
040805017907200807
040805018701200807
040805018707200807
040805019501200807
040805019507200807
040805020907200807
040805020901200807
040805021707200807
040805021701200807
040805022509200807
040805022507200807
040805022501200807
040805023301200807
040805023307200807
040805024101200807
040805024107200807
040805025007200807
040805025001200807
040805026807200807
040805026809200807
040805026801200807
040805027607200807
040805027601200807
040805028407200807
040805028401200807
040805029207200807
040805029201200807
040805030601200807
040805030607200807
040805031407200807
040805031401200807
040805032201200807
040805032207200807
040805033001200807
040805033007200807
040805034907200807
040805034901200807
040805035701200807
040805035707200807
040805036507200807
040805036501200807
040805037301200807
040805037307200807
040805038107200807
040805038101200807
040805039007200807
040805039001200807
040805040301200807
040805041107200807
040805041101200807
040805042001200807
040805042007200807
040805043807200807
040805043801200807
040805044601200807
040805044607200807
040805045407200807
040805045401200807
040805046201200807
040805046207200807
040805047001200807
040805047007200807
040805048901200807
040805048907200807
040805049701200807
040805049707200807
040805050001200807
040805050007200807
040805051901200807
040805051907200807
040805052707200807
040805052701200807
040805053501200807
040805053507200807
040805054301200807
040805054307200807
040805055107200807
040805055101200807
040805056001200807
040805056007200807
040805057801200807
040805057807200807
040805058601200807
040805058607200807
040805059401200807
040805059407200807
040805060801200807
040805060807200807
040805061601200807
040805061607200807
040805062401200807
040805062407200807
040805063207200807
040805063201200807
040805064001200807
040805064007200807
040805065901200807
040805065907200807
040805066701200807
040805067501200807
040805067507200807
040805068301200807
040805068307200807
040805069101200807
040805069107200807
040805070501200807
040805070507200807
040805071307200807
040805071301200807
040805072101200807
040805072107200807
040805073007200807
040805073001200807
040805074807200807
040805074801200807
040805075601200807
040805075607200807
040805076407200807
040805076401200807
040805077201200807
040805077207200807
040805078007200807
040805078001200807
040805079901200807
040805079907200807
040805080201200807
040805080207200807
040805081001200807
040805081007200807
040805082907200807
040805082901200807
040805083707200807
040805083701200807
040805084507200807
040805084501200807
040805085307200807
040805085301200807
040805086101200807
040805086107200807
040805087001200807
040805087007200807
040805088807200807
040805088801200807
040805089607200807
040805089601200807
040805090001200807
040805091801200807
040805091807200807
040805092601200807
040805092607200807
040806001801200807
040806001807200807
040806002601200807
040806002607200807
040806003401200807
040806003407200807
040806004201200807
040806004209200807
040806004207200807
040806005007200807
040806005001200807
040806006907200807
040806006901200807
040806007701200807
040806007707200807
040806008501200807
040806008507200807
040806009307200807
040806009301200807
040806010701200807
040806010707200807
040806011501200807
040806011507200807
040806012307200807
040806012301200807
040806013107200807
040806013101200807
040806014007200807
040806014001200807
040806015809200807
040806015801200807
040806015807200807
040806016607200807
040806016601200807
040806017407200807
040806017401200807
040806018207200807
040806018201200807
040806019007200807
040806019001200807
040806020407200807
040806020401200807
040806021207200807
040806021201200807
040806023907200807
040806023901200807
040806024707200807
040806024701200807
040806025501200807
040806025507200807
040806026301200807
040806026307200807
040806027101200807
040806027107200807
040806028007200807
040806028001200807
040806029801200807
040806029807200807
040806030107200807
040806030101200807
040806031001200807
040806031007200807
040806032807200807
040806032801200807
040806033607200807
040806033601200807
040806034401200807
040806034407200807
040806035201200807
040806035207200807
040806036001200807
040806036007200807
040806037907200807
040806037901200807
040806038707200807
040806038701200807
040806039501200807
040806039507200807
040806040907200807
040806040901200807
040806041707200807
040806041701200807
040806042501200807
040806042509200807
040806042507200807
040806043307200807
040806043301200807
040806044107200807
040806044101200807
040806045001200807
040806045007200807
040806046807200807
040806046801200807
040806047601200807
040806047607200807
040806048407200807
040806048401200807
040806049201200807
040806049207200807
040806050607200807
040806050601200807
040806051407200807
040806051401200807
040806052207200807
040806052201200807
040806053007200807
040806053001200807
040806054901200807
040806054907200807
040806055701200807
040806055707200807
040806056501200807
040806056507200807
040806057309200807
040806057301200807
040806057307200807
040806058101200807
040806058107200807
040806059007200807
040806059001200807
040806060301200807
040806060307200807
040806061101200807
040806062001200807
040806062007200807
040806063801200807
040806063807200807
040806064601200807
040806064607200807
040806066207200807
040806066201200807
040806067007200807
040806067001200807
040806069701200807
040806069707200807
040806070007200807
040806070001200807
040901001407200807
040901001401200807
040901002207200807
040901002201200807
040901003007200807
040901003001200807
040901004901200807
040901004907200807
040901005707200807
040901005701200807
040901006507200807
040901006501200807
040901007307200807
040901007301200807
040901008101200807
040901008107200807
040901009007200807
040901009001200807
040901012001200807
040901012007200807
040901013807200807
040901013801200807
040901014607200807
040901014601200807
040901017009200807
040901017001200807
040901017007200807
040901018907200807
040901018901200807
040901019707200807
040901019701200807
040901020007200807
040901020001200807
040901021901200807
040901022707200807
040901022701200807
040901023501200807
040901023507200807
040901024307200807
040901024301200807
040901025107200807
040901025101200807
040901026007200807
040901026001200807
040901028607200807
040901028601200807
040901029407200807
040901029401200807
040901030807200807
040901030801200807
040901031607200807
040901031601200807
040901032407200807
040901032401200807
040901033201200807
040901033207200807
040901034007200807
040901034001200807
040901036701200807
040901036707200807
040901037507200807
040901037501200807
040901038309200807
040901038307200807
040901038301200807
040901039107200807
040901039101200807
040901040501200807
040901040507200807
040901041307200807
040901041301200807
040901043001200807
040901043009200807
040901043007200807
040901045601200807
040901045607200807
040901046407200807
040901046401200807
040901047201200807
040901047207200807
040901048001200807
040901048007200807
040901049901200807
040901050207200807
040901050201200807
040901051007200807
040901051001200807
040901052901200807
040901052907200807
040901053707200807
040901053701200807
040901054501200807
040901054507200807
040901055307200807
040901055301200807
040901056101200807
040901056107200807
040901057001200807
040901057007200807
040901058801200807
040901058807200807
040902001001200807
040902001007200807
040902001009200807
040902002807200807
040902002801200807
040902004409200807
040902004401200807
040902004407200807
040902005207200807
040902005201200807
040902007907200807
040902007909200807
040902007901200807
040902008707200807
040902008701200807
040902008709200807
040902009507200807
040902009509200807
040902009501200807
040902010907200807
040902010901200807
040902012507200807
040902012501200807
040902012509200807
040902013301200807
040902013307200807
040902014107200807
040902014101200807
040902015001200807
040902015007200807
040902015009200807
040902016801200807
040902016807200807
040902017601200807
040902017609200807
040902017607200807
040903001509200807
040903001501200807
040903002301200807
040903003101200807
040903004001200807
040904001009200807
040904001007200807
040904001001200807
040904003707200807
040904003701200807
040904004507200807
040904004501200807
040904005301200807
040904005307200807
040904007009200807
040904007001200807
040904007007200807
040904008801200807
040904008807200807
040904008809200807
040904009601200807
040904009607200807
040904011801200807
040904011807200807
040904012607200807
040904012601200807
040904013401200807
040904013407200807
040904014201200807
040904014209200807
040904014207200807
040904015001200807
040904015007200807
040904016907200807
040904016901200807
040904017707200807
040904017701200807
040904018501200807
040904018507200807
040904019301200807
040904019307200807
040904020707200807
040904020701200807
040904021507200807
040904021501200807
040904022301200807
040904023101200807
040904023107200807
040904024001200807
040904024009200807
040905001601200807
040905001607200807
040905002401200807
040905002407200807
040905003201200807
040905004001200807
040905004007200807
040905007501200807
040905007507200807
040905008301200807
040905008307200807
040905008309200807
040905009101200807
040905009107200807
040905010507200807
040905010501200807
040905011307200807
040905011301200807
040906001101200807
040906001109200807
040906001107200807
040906002001200807
040906003809200807
040906003801200807
040906004609200807
040906004601200807
040906004607200807
040906005402200807
040906005401200807
040906005409200807
040906007001200807
040906007002200807
040906007009200807
040906010001200807
040906010007200807
040906011901200807
040906011907200807
040906012707200807
040906012701200807
040906013501200807
040906013507200807
040906014301200807
040906014307200807
040906015107200807
040906015101200807
040906016001200807
040906016007200807
040906017807200807
040906017801200807
040906017809200807
040906018601200807
040906018609200807
040906019407200807
040906019401200807
040906020801200807
040906020809200807
040906020807200807
040906021607200807
040906021601200807
040906022401200807
040906022407200807
040906023209200807
040906023201200807
040906023207200807
040906024007200807
040906024009200807
040906024001200807
040906025901200807
040906025907200807
040906026709200807
040906026701200807
040906026707200807
040906027509200807
040906027501200807
040906027507200807
040906028307200807
040906028301200807
040907001701200807
040907001709200807
040907002501200807
040907003309200807
040907003301200807
040907004101200807
040907004109200807
040907005001200807
040907006809200807
040907006801200807
040907007601200807
040907007609200807
040907008401200807
040907008409200807
040907009209200807
040907009201200807
040907009207200807
040907010609200807
040907010601200807
040907010607200807
040907011401200807
040907011407200807
040907013007200807
040907013001200807
040907013009200807
040907014901200807
040907014907200807
040907014909200807
040907015707200807
040907015701200807
040907015709200807
040907019009200807
040907019001200807
040907020301200807
040907021107200807
040907021101200807
040907022007200807
040907022001200807
040907022009200807
040907023801200807
040907023807200807
040907024601200807
040907024607200807
040907025401200807
040907025407200807
040907026209200807
040907026207200807
040907026201200807
040907027001200807
040907028901200807
040907028907200807
040907029701200807
040907030001200807
041001001409200807
041001001401200807
041001001407200807
041001005701200807
041001006501200807
041001006507200807
041001007301200807
041001007307200807
041001008107200807
041001008101200807
041001008109200807
041001009001200807
041001011101200807
041001011107200807
041001011109200807
041001012001200807
041001012007200807
041101001802200807
041101001809200807
041101001801200807
041101002602200807
041101002601200807
041101003402200807
041101003401200807
041101004201200807
041101004202200807
041101005002200807
041101005001200807
041101007709200807
041101007701200807
041101007702200807
041101008502200807
041101008501200807
041102001309200807
041102001302200807
041102001301200807
041102002101200807
041102002102200807
041102003001200807
041102003002200807
041102004801200807
041102005601200807
041102005602200807
041201001107200807
041201001101200807
041201002007200807
041201002001200807
041201003801200807
041201003807200807
041201004609200807
041201004601200807
041201004607200807
041201005407200807
041201005401200807
041201007001200807
041201007007200807
041201008907200807
041201008901200807
041201009701200807
041201009707200807
041201010001200807
041201010007200807
041201011907200807
041201011901200807
041201013501200807
041201013507200807
041201014301200807
041201014307200807
041202001701200807
041202001707200807
041202002507200807
041202002501200807
041202003301200807
041202003307200807
041202004107200807
041202004101200807
041202005001200807
041202005007200807
041202006807200807
041202006801200807
041202007601200807
041202007607200807
041202008407200807
041202008401200807
041203001201200807
041203001207200807
041203004701200807
041203004707200807
041203008007200807
041203008001200807
041204001807200807
041204001801200807
041204002601200807
041204002607200807
041204003407200807
041204003401200807
041204004201200807
041204004207200807
041204005007200807
041204005001200807
041204006907200807
041204006901200807
041204007707200807
041204007701200807
041204008507200807
041204008501200807
041204009307200807
041204009301200807
041204010707200807
041204010701200807
041204011507200807
041204011501200807
041204012307200807
041204012301200807
041204013101200807
041204013107200807
041204015801200807
041204015807200807
041204016601200807
041204016607200807
041204017407200807
041204017401200807
041204018201200807
041204018207200807
041204019007200807
041204019001200807
041204020401200807
041204020407200807
041204021207200807
041204021201200807
041204022001200807
041204022007200807
041205001307200807
041205001301200807
041205002107200807
041205002101200807
041205003001200807
041205003007200807
041205004801200807
041205004807200807
041205005601200807
041205005607200807
041205006407200807
041205006401200807
041205007201200807
041205007207200807
041205008001200807
041205008007200807
041205009901200807
041205009907200807
041205010201200807
041205010207200807
041205011007200807
041205011001200807
041205013707200807
041205013701200807
041205014501200807
041205014507200807
041205015301200807
041205015307200807
041301001507200807
041301001501200807
041301006601200807
041301008207200807
041301008201200807
041301009007200807
041301009001200807
041303001601200807
041303001607200807
041303002401200807
041303003201200807
041303005901200807
041303005907200807
041303006701200807
041303007501200807
041303008301200807
041303008307200807
041304002007200807
041304002001200807
041304003801200807
041304004601200807
041304005407200807
041304005401200807
041304006201200807
041304006207200807
041304007001200807
041304007007200807
041304008901200807
041304008907200807
041304009707200807
041304009701200807
041304010007200807
041304010001200807
041304011907200807
041304011909200807
041304011901200807
041304012701200807
041304012707200807
041304012709200807
041304013507200807
041304013501200807
041304013509200807
041304014307200807
041304014301200807
041304015107200807
041304015101200807
041304015109200807
041304016007200807
041304016001200807
041304017807200807
041304017801200807
041304018607200807
041304018601200807
041304019401200807
041304019407200807
041304020801200807
041304020807200807
041304021607200807
041304021601200807
041304022401200807
041304022407200807
041304023209200807
041304023207200807
041304023201200807
041304024007200807
041304024001200807
041401002701200807
041401003501200807
041401004301200807
041401004307200807
041401005107200807
041401005101200807
041401006001200807
041401006007200807
041401007801200807
041401007807200807
041401008601200807
041401008607200807
041401009401200807
041401009407200807
041401010801200807
041401010807200807
041401011607200807
041401011601200807
041401012401200807
041401012407200807
041401013207200807
041401013201200807
041401014001200807
041401014007200807
041401015907200807
041401015901200807
041401016701200807
041401016707200807
041401017501200807
041401017507200807
041401018307200807
041401018301200807
041401019107200807
041401019101200807
041401020501200807
041401020507200807
041401023001200807
041401023007200807
041401024807200807
041401024801200807
041401025601200807
041401025607200807
041401026407200807
041401026401200807
041401027201200807
041401027207200807
041401028001200807
041401028007200807
041401032901200807
041401032907200807
041402010301200807
041402010309200807
041402010307200807
041402011107200807
041402011109200807
041402011101200807
041402019701200807
041402019707200807
041501001207200807
041501001201200807
041502001801200807
041502002601200807
041503001307200807
041503001301200807
041504002707200807
041504002701200807
041504003501200807
041504003507200807
041601001601200807
041601001607200807
041601002407200807
041601002401200807
041601003207200807
041601003201200807
041601004007200807
041601004001200807
041601005901200807
041601005907200807
041601006701200807
041601006707200807
041601007501200807
041601007507200807
041601008301200807
041601008307200807
041601009107200807
041601009101200807
041601010501200807
041601010507200807
041601011301200807
041601011307200807
041601012101200807
041601013001200807
041601014801200807
041601015607200807
041601015601200807
041601016401200807
041601016407200807
041601017201200807
041601017207200807
041601018007200807
041601018001200807
041601019901200807
041601019907200807
041602001107200807
041602001101200807
041602002007200807
041602002001200807
041602003801200807
041602004607200807
041602004601200807
041602005407200807
041602005401200807
041602006201200807
041602006207200807
041602007001200807
041602007007200807
041602008907200807
041602008901200807
041602009701200807
041602009707200807
041602010007200807
041602010001200807
041602011901200807
041602012701200807
041602013501200807
041602013507200807
041602014301200807
041602014307200807
041603001701200807
041603001707200807
041603002501200807
041603002507200807
041603003307200807
041603003301200807
041603004107200807
041603004101200807
041603005001200807
041603006807200807
041603006801200807
041603007601200807
041603008401200807
041603008407200807
041603009207200807
041603009201200807
041603010601200807
041603010607200807
041603011407200807
041603011401200807
041603012207200807
041603012201200807
041603013001200807
041603013007200807
041604001207200807
041604001201200807
041604002007200807
041604002001200807
041604003901200807
041604004701200807
041604005501200807
041604005507200807
041604006301200807
041604006307200807
041604007107200807
041604007101200807
041604008007200807
041604008001200807
041604009801200807
041604009807200807
041604010101200807
041604010107200807
041604011001200807
041604011007200807
041604012807200807
041604012801200807
041604013601200807
041604014407200807
041604014401200807
041604015201200807
041604016001200807
041604016007200807
041605001801200807
041605001807200807
041605002601200807
041605002607200807
041605003407200807
041605003401200807
041605004207200807
041605004201200807
041605005007200807
041605005001200807
041605006901200807
041605007707200807
041605007701200807
041605008501200807
041606001301200807
041606001307200807
041606002101200807
041606002107200807
041606003007200807
041606003001200807
041606004801200807
041606004807200807
041606005607200807
041606005601200807
041606006407200807
041606006401200807
041606007201200807
041606007207200807
041606008001200807
041606009907200807
041606009901200807
041606010201200807
041606010207200807
041607002701200807
041607002707200807
041607003507200807
041607003501200807
041608001407200807
041608001401200807
041608002201200807
041608002207200807
041608003001200807
041608003007200807
041608004907200807
041608004901200807
041608005701200807
041608005707200807
041608006507200807
041608006501200807
041608007307200807
041608007301200807
041608008101200807
041608008107200807
041608009007200807
041608009001200807
041608010301200807
041608010307200807
041609001001200807
041609001007200807
041609002807200807
041609002801200807
041609003607200807
041609003601200807
041609004407200807
041609004401200807
041609005201200807
041609005207200807
041609006007200807
041609006001200807
041609007907200807
041609007901200807
041609008707200807
041609008701200807
041609009501200807
041609010901200807
041609010907200807
041611001001200807
041611001007200807
041611002901200807
041611003707200807
041611003701200807
041611004507200807
041611004501200807
041611005307200807
041611005301200807
041612001607200807
041612001601200807
041612001609200807
041612002401200807
041612003201200807
041612004009200807
041612004001200807
041612005909200807
041612005901200807
041613001107200807
041613001101200807
041613002007200807
041613002001200807
041613003801200807
041613004601200807
041613005401200807
041613006201200807
050201001076200807
050201001079200807
050201001077200807
050201001078200807
050201001074200807
050201001075200807
050201002977200807
050201002979200807
050201002980200807
050201002981200807
050201002982200807
050201002978200807
050301001477200807
050301001401200807
050301001475200807
050301001403200807
050301001480200807
050301001474200807
050301001478200807
050301001479200807
050301001482200807
050301001476200807
050301001481200807
050301002275200807
050301002277200807
050301002281200807
050301002279200807
050301002280200807
050301002201200807
050301002276200807
050301002278200807
050301002282200807
050301002274200807
050302001001200807
050302002801200807
050303001578200807
050303001577200807
050303001579200807
050303001580200807
050303001576200807
050303001575200807
050303001574200807
050303001582200807
050303001581200807
050303002382200807
050303002381200807
050303002377200807
050303002301200807
050303002376200807
050303002378200807
050303002379200807
050303002374200807
050303002380200807
050303002375200807
050303003181200807
050303003179200807
050303003174200807
050303003178200807
050303003176200807
050303003175200807
050303003177200807
050303003101200807
050303003182200807
050303003180200807
050303004075200807
050303004080200807
050303004077200807
050303004074200807
050303004001200807
050303004082200807
050303004078200807
050303004076200807
050303004081200807
050303005882200807
050303005881200807
050303005874200807
050303005875200807
050303005877200807
050303005801200807
050303005876200807
050303005879200807
050303005878200807
050303005880200807
050303006681200807
050303006677200807
050303006674200807
050303006675200807
050303006601200807
050303006678200807
050303006676200807
050303006682200807
050303006679200807
050303006680200807
050303007479200807
050303007401200807
050303007480200807
050303007475200807
050303007476200807
050303007482200807
050303007477200807
050303007478200807
050303007474200807
050303007481200807
050303008280200807
050303008279200807
050303008282200807
050303008278200807
050303008274200807
050303008275200807
050303008281200807
050303008277200807
050303008276200807
050303008201200807
050501001103200807
050501001107200807
050501002003200807
050501002007200807
050501003803200807
050501003807200807
050501004607200807
050501004603200807
050501005407200807
050501005403200807
050501006207200807
050501006203200807
050501007007200807
050501007003200807
050501008903200807
050501008907200807
050501009701200807
050501009707200807
050501009709200807
050501010009200807
050501010001200807
050501010007200807
050501011901200807
050501011909200807
050501011907200807
050501012701200807
050501012709200807
050501012707200807
050502004107200807
050502004101200807
050502005001200807
050502005007200807
050502006801200807
050502007601200807
050502008401200807
050502009201200807
050502010601200807
050502011407200807
050502011401200807
050602001012200807
050602002912200807
050602003712200807
050602004507200807
050602004503200807
080201006765200807
080201007579200807
080201008375200807
080201009176200807
080201010574200807
080201011383200807
080201012181200807
080201013082200807
080201014877200807
080201015678200807
080201016480200807
