 1| 2008| 200| 9|11| 1| 0|R| 1600| 2968|R| 0| 1
 1| 2008| 200| 9|11| 1| 0|R| 1600| 2969|R| 0| 1
 1| 2008| 200| 9|11| 1| 0|R| 1600| 2970|R| 0| 1
 1| 2008| 200| 9|11| 1| 0|R| 1600| 2971|R| 0| 1
 1| 2008| 200| 9|11| 1| 0|R| 1600| 2972|R| 0| 1
 1| 2008| 200| 9|11| 1| 0|R| 1600| 2973|R| 0| 1
 1| 2008| 200| 9|11| 1| 0|R| 1600| 2974|R| 0| 1
 1| 2008| 200| 9|11| 1| 0|R| 1600| 2975|R| 0| 1
 1| 2008| 200| 9|11| 1| 0|R| 1600| 2976|R| 0| 1
 1| 2008| 200| 9|11| 1| 0|R| 1600| 2977|R| 0| 1
 1| 2008| 200| 9|11| 1| 0|R| 1600| 2978|R| 0| 1
 1| 2008| 200| 9|11| 1| 0|R| 1600| 2979|R| 0| 1
 1| 2008| 200| 9|11| 1| 0|R| 1600| 2980|R| 0| 1
 1| 2008| 200| 9|11| 1| 0|R| 1600| 3039|R| 0| 1
 1| 2008| 200| 9|11| 1| 0|R| 1600| 3040|R| 0| 1
 1| 2008| 200| 2|21| 8| 83|A| 40| 2208|83,0| 0| 1
 1| 2008| 200| 2|21| 6| 80|A| 80| 2208|80,0| 0| 1
 1| 2008| 200| 2|21| 7| 83|A| 80| 2208|83,0| 0| 1
 1| 2008| 200| 2|21| 5| 54|R| 80| 2208|54,0| 0| 1
 1| 2008| 200| 2|21| 4| 71|A| 80| 2208|71,0| 0| 1
 1| 2008| 200| 2|21| 3| 67|A| 120| 2208|67,0| 0| 1
 1| 2008| 200| 2|21| 2| 39|R| 160| 2208|39,0| 0| 1
 1| 2008| 200| 2|21| 1| 51|R| 160| 2208|51,0| 0| 1
 1| 2008| 200| 2|21| 8| 81|A| 40| 2213|81,0| 0| 1
 1| 2008| 200| 2|21| 6| 89|A| 80| 2213|89,0| 0| 1
 1| 2008| 200| 2|21| 7| 98|A| 80| 2213|98,0| 0| 1
 1| 2008| 200| 2|21| 5| 67|A| 80| 2213|67,0| 0| 1
 1| 2008| 200| 2|21| 4| 75|A| 80| 2213|75,0| 0| 1
 1| 2008| 200| 2|21| 3| 62|A| 120| 2213|62,0| 0| 1
 1| 2008| 200| 2|21| 2| 80|A| 160| 2213|80,0| 0| 1
 1| 2008| 200| 2|21| 1| 64|A| 160| 2213|64,0| 0| 1
 1| 2008| 200| 2|21| 8| 87|A| 40| 2569|87,0| 0| 1
 1| 2008| 200| 2|21| 6| 82|A| 80| 2569|82,0| 0| 1
 1| 2008| 200| 2|21| 7| 87|A| 80| 2569|87,0| 0| 1
 1| 2008| 200| 2|21| 5| 88|A| 80| 2569|88,0| 0| 1
 1| 2008| 200| 2|21| 4| 87|A| 80| 2569|87,0| 0| 1
 1| 2008| 200| 2|21| 3| 84|A| 120| 2569|84,0| 0| 1
 1| 2008| 200| 2|21| 2| 77|A| 160| 2569|77,0| 0| 1
 1| 2008| 200| 2|21| 1| 73|A| 160| 2569|73,0| 0| 1
 1| 2008| 200| 2|21| 8| 90|A| 40| 2981|90,0| 0| 1
 1| 2008| 200| 2|21| 6| 94|A| 80| 2981|94,0| 0| 1
 1| 2008| 200| 2|21| 7| 100|A| 80| 2981|100,0| 0| 1
 1| 2008| 200| 2|21| 5| 82|A| 80| 2981|82,0| 0| 1
 1| 2008| 200| 2|21| 4| 96|A| 80| 2981|96,0| 0| 1
 1| 2008| 200| 2|21| 3| 90|A| 120| 2981|90,0| 0| 1
 1| 2008| 200| 2|21| 2| 75|A| 160| 2981|75,0| 0| 1
 1| 2008| 200| 2|21| 1| 87|A| 160| 2981|87,0| 0| 1
 1| 2008| 200| 2|21| 8| 92|A| 40| 2982|92,0| 0| 1
 1| 2008| 200| 2|21| 6| 95|A| 80| 2982|95,0| 0| 1
 1| 2008| 200| 2|21| 7| 100|A| 80| 2982|100,0| 0| 1
 1| 2008| 200| 2|21| 5| 100|A| 80| 2982|100,0| 0| 1
 1| 2008| 200| 2|21| 4| 99|A| 80| 2982|99,0| 0| 1
 1| 2008| 200| 2|21| 3| 100|A| 120| 2982|100,0| 0| 1
 1| 2008| 200| 2|21| 2| 93|A| 160| 2982|93,0| 0| 1
 1| 2008| 200| 2|21| 1| 99|A| 160| 2982|99,0| 0| 1
 1| 2008| 200| 2|21| 8| 93|A| 40| 2983|93,0| 0| 1
 1| 2008| 200| 2|21| 6| 91|A| 80| 2983|91,0| 0| 1
 1| 2008| 200| 2|21| 7| 100|A| 80| 2983|100,0| 0| 1
 1| 2008| 200| 2|21| 5| 94|A| 80| 2983|94,0| 0| 1
 1| 2008| 200| 2|21| 4| 94|A| 80| 2983|94,0| 0| 1
 1| 2008| 200| 2|21| 3| 88|A| 120| 2983|88,0| 0| 1
 1| 2008| 200| 2|21| 2| 83|A| 160| 2983|83,0| 0| 1
 1| 2008| 200| 2|21| 1| 85|A| 160| 2983|85,0| 0| 1
 1| 2008| 200| 2|21| 8| 77|A| 40| 2984|77,0| 0| 1
 1| 2008| 200| 2|21| 6| 80|A| 80| 2984|80,0| 0| 1
 1| 2008| 200| 2|21| 7| 90|A| 80| 2984|90,0| 0| 1
 1| 2008| 200| 2|21| 5| 69|A| 80| 2984|69,0| 0| 1
 1| 2008| 200| 2|21| 4| 63|A| 80| 2984|63,0| 0| 1
 1| 2008| 200| 2|21| 3| 68|A| 120| 2984|68,0| 0| 1
 1| 2008| 200| 2|21| 2| 71|A| 160| 2984|71,0| 0| 1
 1| 2008| 200| 2|21| 1| 46|R| 160| 2984|46,0| 0| 1
 1| 2008| 200| 2|21| 8| 77|A| 40| 2985|77,0| 0| 1
 1| 2008| 200| 2|21| 6| 80|A| 80| 2985|80,0| 0| 1
 1| 2008| 200| 2|21| 7| 91|A| 80| 2985|91,0| 0| 1
 1| 2008| 200| 2|21| 5| 70|A| 80| 2985|70,0| 0| 1
 1| 2008| 200| 2|21| 4| 71|A| 80| 2985|71,0| 0| 1
 1| 2008| 200| 2|21| 3| 63|A| 120| 2985|63,0| 0| 1
 1| 2008| 200| 2|21| 2| 60|A| 160| 2985|60,0| 0| 1
 1| 2008| 200| 2|21| 1| 62|A| 160| 2985|62,0| 0| 1
 1| 2008| 200| 2|21| 8| 89|A| 40| 2986|89,0| 0| 1
 1| 2008| 200| 2|21| 6| 82|A| 80| 2986|82,0| 0| 1
 1| 2008| 200| 2|21| 7| 94|A| 80| 2986|94,0| 0| 1
 1| 2008| 200| 2|21| 5| 84|A| 80| 2986|84,0| 0| 1
 1| 2008| 200| 2|21| 4| 88|A| 80| 2986|88,0| 0| 1
 1| 2008| 200| 2|21| 3| 79|A| 120| 2986|79,0| 0| 1
 1| 2008| 200| 2|21| 2| 82|A| 160| 2986|82,0| 0| 1
 1| 2008| 200| 2|21| 1| 77|A| 160| 2986|77,0| 0| 1
 1| 2008| 200| 2|21| 8| 75|A| 40| 2987|75,0| 0| 1
 1| 2008| 200| 2|21| 6| 78|A| 80| 2987|78,0| 0| 1
 1| 2008| 200| 2|21| 7| 91|A| 80| 2987|91,0| 0| 1
 1| 2008| 200| 2|21| 5| 63|A| 80| 2987|63,0| 0| 1
 1| 2008| 200| 2|21| 4| 73|A| 80| 2987|73,0| 0| 1
 1| 2008| 200| 2|21| 3| 72|A| 120| 2987|72,0| 0| 1
 1| 2008| 200| 2|21| 2| 75|A| 160| 2987|75,0| 0| 1
 1| 2008| 200| 2|21| 1| 66|A| 160| 2987|66,0| 0| 1
 1| 2008| 200| 2|21| 8| 98|A| 40| 2989|98,0| 0| 1
 1| 2008| 200| 2|21| 6| 95|A| 80| 2989|95,0| 0| 1
 1| 2008| 200| 2|21| 7| 100|A| 80| 2989|100,0| 0| 1
 1| 2008| 200| 2|21| 5| 98|A| 80| 2989|98,0| 0| 1
 1| 2008| 200| 2|21| 4| 96|A| 80| 2989|96,0| 0| 1
 1| 2008| 200| 2|21| 3| 97|A| 120| 2989|97,0| 0| 1
 1| 2008| 200| 2|21| 2| 95|A| 160| 2989|95,0| 0| 1
 1| 2008| 200| 2|21| 1| 95|A| 160| 2989|95,0| 0| 1
 1| 2008| 200| 2|21| 8| 81|A| 40| 2990|81,0| 0| 1
 1| 2008| 200| 2|21| 6| 92|A| 80| 2990|92,0| 0| 1
 1| 2008| 200| 2|21| 7| 94|A| 80| 2990|94,0| 0| 1
 1| 2008| 200| 2|21| 5| 71|A| 80| 2990|71,0| 0| 1
 1| 2008| 200| 2|21| 4| 77|A| 80| 2990|77,0| 0| 1
 1| 2008| 200| 2|21| 3| 75|A| 120| 2990|75,0| 0| 1
 1| 2008| 200| 2|21| 2| 60|A| 160| 2990|60,0| 0| 1
 1| 2008| 200| 2|21| 1| 63|A| 160| 2990|63,0| 0| 1
 1| 2008| 200| 2|21| 8| 85|A| 40| 2991|85,0| 0| 1
 1| 2008| 200| 2|21| 6| 90|A| 80| 2991|90,0| 0| 1
 1| 2008| 200| 2|21| 7| 94|A| 80| 2991|94,0| 0| 1
 1| 2008| 200| 2|21| 5| 80|A| 80| 2991|80,0| 0| 1
 1| 2008| 200| 2|21| 4| 76|A| 80| 2991|76,0| 0| 1
 1| 2008| 200| 2|21| 3| 81|A| 120| 2991|81,0| 0| 1
 1| 2008| 200| 2|21| 2| 84|A| 160| 2991|84,0| 0| 1
 1| 2008| 200| 2|21| 1| 69|A| 160| 2991|69,0| 0| 1
 1| 2008| 200| 2|21| 8| 89|A| 40| 2992|89,0| 0| 1
 1| 2008| 200| 2|21| 6| 84|A| 80| 2992|84,0| 0| 1
 1| 2008| 200| 2|21| 7| 91|A| 80| 2992|91,0| 0| 1
 1| 2008| 200| 2|21| 5| 75|A| 80| 2992|75,0| 0| 1
 1| 2008| 200| 2|21| 4| 81|A| 80| 2992|81,0| 0| 1
 1| 2008| 200| 2|21| 3| 71|A| 120| 2992|71,0| 0| 1
 1| 2008| 200| 2|21| 2| 66|A| 160| 2992|66,0| 0| 1
 1| 2008| 200| 2|21| 1| 66|A| 160| 2992|66,0| 0| 1
 1| 2008| 200| 2|21| 8| 82|A| 40| 2993|82,0| 0| 1
 1| 2008| 200| 2|21| 6| 86|A| 80| 2993|86,0| 0| 1
 1| 2008| 200| 2|21| 7| 91|A| 80| 2993|91,0| 0| 1
 1| 2008| 200| 2|21| 5| 80|A| 80| 2993|80,0| 0| 1
 1| 2008| 200| 2|21| 4| 80|A| 80| 2993|80,0| 0| 1
 1| 2008| 200| 2|21| 3| 79|A| 120| 2993|79,0| 0| 1
 1| 2008| 200| 2|21| 2| 76|A| 160| 2993|76,0| 0| 1
 1| 2008| 200| 2|21| 1| 63|A| 160| 2993|63,0| 0| 1
 1| 2008| 200| 2|21| 8| 72|A| 40| 2994|72,0| 0| 1
 1| 2008| 200| 2|21| 6| 80|A| 80| 2994|80,0| 0| 1
 1| 2008| 200| 2|21| 7| 86|A| 80| 2994|86,0| 0| 1
 1| 2008| 200| 2|21| 5| 74|A| 80| 2994|74,0| 0| 1
 1| 2008| 200| 2|21| 4| 72|A| 80| 2994|72,0| 0| 1
 1| 2008| 200| 2|21| 3| 74|A| 120| 2994|74,0| 0| 1
 1| 2008| 200| 2|21| 2| 80|A| 160| 2994|80,0| 0| 1
 1| 2008| 200| 2|21| 1| 61|A| 160| 2994|61,0| 0| 1
 1| 2008| 200| 2|21| 8| 90|A| 40| 2995|90,0| 0| 1
 1| 2008| 200| 2|21| 6| 83|A| 80| 2995|83,0| 0| 1
 1| 2008| 200| 2|21| 7| 92|A| 80| 2995|92,0| 0| 1
 1| 2008| 200| 2|21| 5| 89|A| 80| 2995|89,0| 0| 1
 1| 2008| 200| 2|21| 4| 89|A| 80| 2995|89,0| 0| 1
 1| 2008| 200| 2|21| 3| 97|A| 120| 2995|97,0| 0| 1
 1| 2008| 200| 2|21| 2| 79|A| 160| 2995|79,0| 0| 1
 1| 2008| 200| 2|21| 1| 88|A| 160| 2995|88,0| 0| 1
 1| 2008| 200| 2|21| 8| 96|A| 40| 2996|96,0| 0| 1
 1| 2008| 200| 2|21| 6| 88|A| 80| 2996|88,0| 0| 1
 1| 2008| 200| 2|21| 7| 98|A| 80| 2996|98,0| 0| 1
 1| 2008| 200| 2|21| 5| 92|A| 80| 2996|92,0| 0| 1
 1| 2008| 200| 2|21| 4| 98|A| 80| 2996|98,0| 0| 1
 1| 2008| 200| 2|21| 3| 97|A| 120| 2996|97,0| 0| 1
 1| 2008| 200| 2|21| 2| 87|A| 160| 2996|87,0| 0| 1
 1| 2008| 200| 2|21| 1| 88|A| 160| 2996|88,0| 0| 1
 1| 2008| 200| 2|21| 8| 84|A| 40| 2997|84,0| 0| 1
 1| 2008| 200| 2|21| 6| 82|A| 80| 2997|82,0| 0| 1
 1| 2008| 200| 2|21| 7| 88|A| 80| 2997|88,0| 0| 1
 1| 2008| 200| 2|21| 5| 63|A| 80| 2997|63,0| 0| 1
 1| 2008| 200| 2|21| 4| 74|A| 80| 2997|74,0| 0| 1
 1| 2008| 200| 2|21| 3| 75|A| 120| 2997|75,0| 0| 1
 1| 2008| 200| 2|21| 2| 76|A| 160| 2997|76,0| 0| 1
 1| 2008| 200| 2|21| 1| 73|A| 160| 2997|73,0| 0| 1
 1| 2008| 200| 2|21| 8| 91|A| 40| 2998|91,0| 0| 1
 1| 2008| 200| 2|21| 6| 94|A| 80| 2998|94,0| 0| 1
 1| 2008| 200| 2|21| 7| 100|A| 80| 2998|100,0| 0| 1
 1| 2008| 200| 2|21| 5| 92|A| 80| 2998|92,0| 0| 1
 1| 2008| 200| 2|21| 4| 99|A| 80| 2998|99,0| 0| 1
 1| 2008| 200| 2|21| 3| 92|A| 120| 2998|92,0| 0| 1
 1| 2008| 200| 2|21| 2| 90|A| 160| 2998|90,0| 0| 1
 1| 2008| 200| 2|21| 1| 94|A| 160| 2998|94,0| 0| 1
 1| 2008| 200| 2|21| 8| 89|A| 40| 2999|89,0| 0| 1
 1| 2008| 200| 2|21| 6| 85|A| 80| 2999|85,0| 0| 1
 1| 2008| 200| 2|21| 7| 92|A| 80| 2999|92,0| 0| 1
 1| 2008| 200| 2|21| 5| 70|A| 80| 2999|70,0| 0| 1
 1| 2008| 200| 2|21| 4| 87|A| 80| 2999|87,0| 0| 1
 1| 2008| 200| 2|21| 3| 75|A| 120| 2999|75,0| 0| 1
 1| 2008| 200| 2|21| 2| 66|A| 160| 2999|66,0| 0| 1
 1| 2008| 200| 2|21| 1| 76|A| 160| 2999|76,0| 0| 1
 1| 2008| 200| 2|21| 8| 78|A| 40| 3000|78,0| 0| 1
 1| 2008| 200| 2|21| 6| 84|A| 80| 3000|84,0| 0| 1
 1| 2008| 200| 2|21| 7| 84|A| 80| 3000|84,0| 0| 1
 1| 2008| 200| 2|21| 5| 78|A| 80| 3000|78,0| 0| 1
 1| 2008| 200| 2|21| 4| 87|A| 80| 3000|87,0| 0| 1
 1| 2008| 200| 2|21| 3| 73|A| 120| 3000|73,0| 0| 1
 1| 2008| 200| 2|21| 2| 75|A| 160| 3000|75,0| 0| 1
 1| 2008| 200| 2|21| 1| 66|A| 160| 3000|66,0| 0| 1
 1| 2008| 200| 2|21| 8| 89|A| 40| 3038|89,0| 0| 1
 1| 2008| 200| 2|21| 6| 85|A| 80| 3038|85,0| 0| 1
 1| 2008| 200| 2|21| 7| 92|A| 80| 3038|92,0| 0| 1
 1| 2008| 200| 2|21| 5| 87|A| 80| 3038|87,0| 0| 1
 1| 2008| 200| 2|21| 4| 77|A| 80| 3038|77,0| 0| 1
 1| 2008| 200| 2|21| 3| 82|A| 120| 3038|82,0| 0| 1
 1| 2008| 200| 2|21| 2| 76|A| 160| 3038|76,0| 0| 1
 1| 2008| 200| 2|21| 1| 71|A| 160| 3038|71,0| 0| 1
 1| 2008| 200| 3|31| 8| 91|A| 40| 1093|91,0| 0| 1
 1| 2008| 200| 3|31| 6| 93|A| 80| 1093|93,0| 0| 1
 1| 2008| 200| 3|31| 7| 96|A| 80| 1093|96,0| 0| 1
 1| 2008| 200| 3|31| 5| 70|A| 80| 1093|70,0| 0| 1
 1| 2008| 200| 3|31| 4| 57|R| 80| 1093|57,0| 0| 1
 1| 2008| 200| 3|31| 3| 62|A| 120| 1093|62,0| 0| 1
 1| 2008| 200| 3|31| 2| 31|R| 160| 1093|31,0| 0| 1
 1| 2008| 200| 3|31| 1| 46|R| 160| 1093|46,0| 0| 1
 1| 2008| 200| 3|31| 8| 93|A| 40| 2200|93,0| 0| 1
 1| 2008| 200| 3|31| 6| 93|A| 80| 2200|93,0| 0| 1
 1| 2008| 200| 3|31| 7| 88|A| 80| 2200|88,0| 0| 1
 1| 2008| 200| 3|31| 5| 66|A| 80| 2200|66,0| 0| 1
 1| 2008| 200| 3|31| 4| 60|A| 80| 2200|60,0| 0| 1
 1| 2008| 200| 3|31| 3| 70|A| 120| 2200|70,0| 0| 1
 1| 2008| 200| 3|31| 2| 80|A| 160| 2200|80,0| 0| 1
 1| 2008| 200| 3|31| 1| 67|A| 160| 2200|67,0| 0| 1
 1| 2008| 200| 3|31| 8| 27|R| 40| 2573|27,0| 0| 1
 1| 2008| 200| 3|31| 6| 27|R| 80| 2573|27,0| 0| 1
 1| 2008| 200| 3|31| 7| 27|R| 80| 2573|27,0| 0| 1
 1| 2008| 200| 3|31| 5| 23|R| 80| 2573|23,0| 0| 1
 1| 2008| 200| 3|31| 4| 22|R| 80| 2573|22,0| 0| 1
 1| 2008| 200| 3|31| 3| 24|R| 120| 2573|24,0| 0| 1
 1| 2008| 200| 3|31| 2| 29|R| 160| 2573|29,0| 0| 1
 1| 2008| 200| 3|31| 1| 20|R| 160| 2573|20,0| 0| 1
 1| 2008| 200| 3|31| 8| 90|A| 40| 2583|90,0| 0| 1
 1| 2008| 200| 3|31| 6| 86|A| 80| 2583|86,0| 0| 1
 1| 2008| 200| 3|31| 7| 86|A| 80| 2583|86,0| 0| 1
 1| 2008| 200| 3|31| 5| 71|A| 80| 2583|71,0| 0| 1
 1| 2008| 200| 3|31| 4| 62|A| 80| 2583|62,0| 0| 1
 1| 2008| 200| 3|31| 3| 66|A| 120| 2583|66,0| 0| 1
 1| 2008| 200| 3|31| 2| 45|R| 160| 2583|45,0| 0| 1
 1| 2008| 200| 3|31| 1| 58|R| 160| 2583|58,0| 0| 1
 1| 2008| 200| 3|31| 8| 91|A| 40| 2592|91,0| 0| 1
 1| 2008| 200| 3|31| 6| 90|A| 80| 2592|90,0| 0| 1
 1| 2008| 200| 3|31| 7| 95|A| 80| 2592|95,0| 0| 1
 1| 2008| 200| 3|31| 5| 81|A| 80| 2592|81,0| 0| 1
 1| 2008| 200| 3|31| 4| 86|A| 80| 2592|86,0| 0| 1
 1| 2008| 200| 3|31| 3| 85|A| 120| 2592|85,0| 0| 1
 1| 2008| 200| 3|31| 2| 74|A| 160| 2592|74,0| 0| 1
 1| 2008| 200| 3|31| 1| 78|A| 160| 2592|78,0| 0| 1
 1| 2008| 200| 3|31| 8| 84|A| 40| 3001|84,0| 0| 1
 1| 2008| 200| 3|31| 6| 96|A| 80| 3001|96,0| 0| 1
 1| 2008| 200| 3|31| 7| 85|A| 80| 3001|85,0| 0| 1
 1| 2008| 200| 3|31| 5| 62|A| 80| 3001|62,0| 0| 1
 1| 2008| 200| 3|31| 4| 68|A| 80| 3001|68,0| 0| 1
 1| 2008| 200| 3|31| 3| 83|A| 120| 3001|83,0| 0| 1
 1| 2008| 200| 3|31| 2| 70|A| 160| 3001|70,0| 0| 1
 1| 2008| 200| 3|31| 1| 65|A| 160| 3001|65,0| 0| 1
 1| 2008| 200| 3|31| 8| 94|A| 40| 3002|94,0| 0| 1
 1| 2008| 200| 3|31| 6| 96|A| 80| 3002|96,0| 0| 1
 1| 2008| 200| 3|31| 7| 96|A| 80| 3002|96,0| 0| 1
 1| 2008| 200| 3|31| 5| 93|A| 80| 3002|93,0| 0| 1
 1| 2008| 200| 3|31| 4| 93|A| 80| 3002|93,0| 0| 1
 1| 2008| 200| 3|31| 3| 95|A| 120| 3002|95,0| 0| 1
 1| 2008| 200| 3|31| 2| 98|A| 160| 3002|98,0| 0| 1
 1| 2008| 200| 3|31| 1| 98|A| 160| 3002|98,0| 0| 1
 1| 2008| 200| 3|31| 8| 87|A| 40| 3003|87,0| 0| 1
 1| 2008| 200| 3|31| 6| 89|A| 80| 3003|89,0| 0| 1
 1| 2008| 200| 3|31| 7| 83|A| 80| 3003|83,0| 0| 1
 1| 2008| 200| 3|31| 5| 67|A| 80| 3003|67,0| 0| 1
 1| 2008| 200| 3|31| 4| 70|A| 80| 3003|70,0| 0| 1
 1| 2008| 200| 3|31| 3| 70|A| 120| 3003|70,0| 0| 1
 1| 2008| 200| 3|31| 2| 75|A| 160| 3003|75,0| 0| 1
 1| 2008| 200| 3|31| 1| 74|A| 160| 3003|74,0| 0| 1
 1| 2008| 200| 3|31| 8| 97|A| 40| 3029|97,0| 0| 1
 1| 2008| 200| 3|31| 6| 95|A| 80| 3029|95,0| 0| 1
 1| 2008| 200| 3|31| 7| 96|A| 80| 3029|96,0| 0| 1
 1| 2008| 200| 3|31| 5| 80|A| 80| 3029|80,0| 0| 1
 1| 2008| 200| 3|31| 4| 95|A| 80| 3029|95,0| 0| 1
 1| 2008| 200| 3|31| 3| 90|A| 120| 3029|90,0| 0| 1
 1| 2008| 200| 3|31| 2| 81|A| 160| 3029|81,0| 0| 1
 1| 2008| 200| 3|31| 1| 89|A| 160| 3029|89,0| 0| 1
 1| 2008| 200| 3|31| 8| 97|A| 40| 3030|97,0| 0| 1
 1| 2008| 200| 3|31| 6| 96|A| 80| 3030|96,0| 0| 1
 1| 2008| 200| 3|31| 7| 97|A| 80| 3030|97,0| 0| 1
 1| 2008| 200| 3|31| 5| 92|A| 80| 3030|92,0| 0| 1
 1| 2008| 200| 3|31| 4| 91|A| 80| 3030|91,0| 0| 1
 1| 2008| 200| 3|31| 3| 90|A| 120| 3030|90,0| 0| 1
 1| 2008| 200| 3|31| 2| 91|A| 160| 3030|91,0| 0| 1
 1| 2008| 200| 3|31| 1| 91|A| 160| 3030|91,0| 0| 1
 1| 2008| 200| 3|31| 8| 94|A| 40| 3031|94,0| 0| 1
 1| 2008| 200| 3|31| 6| 95|A| 80| 3031|95,0| 0| 1
 1| 2008| 200| 3|31| 7| 96|A| 80| 3031|96,0| 0| 1
 1| 2008| 200| 3|31| 5| 89|A| 80| 3031|89,0| 0| 1
 1| 2008| 200| 3|31| 4| 90|A| 80| 3031|90,0| 0| 1
 1| 2008| 200| 3|31| 3| 88|A| 120| 3031|88,0| 0| 1
 1| 2008| 200| 3|31| 2| 86|A| 160| 3031|86,0| 0| 1
 1| 2008| 200| 3|31| 1| 94|A| 160| 3031|94,0| 0| 1
 1| 2008| 200| 3|31| 8| 89|A| 40| 3034|89,0| 0| 1
 1| 2008| 200| 3|31| 6| 92|A| 80| 3034|92,0| 0| 1
 1| 2008| 200| 3|31| 7| 85|A| 80| 3034|85,0| 0| 1
 1| 2008| 200| 3|31| 5| 66|A| 80| 3034|66,0| 0| 1
 1| 2008| 200| 3|31| 4| 61|A| 80| 3034|61,0| 0| 1
 1| 2008| 200| 3|31| 3| 72|A| 120| 3034|72,0| 0| 1
 1| 2008| 200| 3|31| 2| 67|A| 160| 3034|67,0| 0| 1
 1| 2008| 200| 3|31| 1| 65|A| 160| 3034|65,0| 0| 1
 1| 2008| 200| 3|31| 8| 95|A| 40| 3035|95,0| 0| 1
 1| 2008| 200| 3|31| 6| 94|A| 80| 3035|94,0| 0| 1
 1| 2008| 200| 3|31| 7| 95|A| 80| 3035|95,0| 0| 1
 1| 2008| 200| 3|31| 5| 94|A| 80| 3035|94,0| 0| 1
 1| 2008| 200| 3|31| 4| 99|A| 80| 3035|99,0| 0| 1
 1| 2008| 200| 3|31| 3| 91|A| 120| 3035|91,0| 0| 1
 1| 2008| 200| 3|31| 2| 97|A| 160| 3035|97,0| 0| 1
 1| 2008| 200| 3|31| 1| 94|A| 160| 3035|94,0| 0| 1
 1| 2008| 200| 3|31| 8| 94|A| 40| 3036|94,0| 0| 1
 1| 2008| 200| 3|31| 6| 89|A| 80| 3036|89,0| 0| 1
 1| 2008| 200| 3|31| 7| 80|A| 80| 3036|80,0| 0| 1
 1| 2008| 200| 3|31| 5| 81|A| 80| 3036|81,0| 0| 1
 1| 2008| 200| 3|31| 4| 71|A| 80| 3036|71,0| 0| 1
 1| 2008| 200| 3|31| 3| 83|A| 120| 3036|83,0| 0| 1
 1| 2008| 200| 3|31| 2| 79|A| 160| 3036|79,0| 0| 1
 1| 2008| 200| 3|31| 1| 77|A| 160| 3036|77,0| 0| 1
 1| 2008| 200| 3|31| 8| 86|A| 40| 3037|86,0| 0| 1
 1| 2008| 200| 3|31| 6| 86|A| 80| 3037|86,0| 0| 1
 1| 2008| 200| 3|31| 7| 80|A| 80| 3037|80,0| 0| 1
 1| 2008| 200| 3|31| 5| 59|R| 80| 3037|59,0| 0| 1
 1| 2008| 200| 3|31| 4| 52|R| 80| 3037|52,0| 0| 1
 1| 2008| 200| 3|31| 3| 44|R| 120| 3037|44,0| 0| 1
 1| 2008| 200| 3|31| 2| 29|R| 160| 3037|29,0| 0| 1
 1| 2008| 200| 3|31| 1| 39|R| 160| 3037|39,0| 0| 1
 1| 2008| 200| 3|31| 8| 0|R| 40| 3041|R| 0| 1
 1| 2008| 200| 3|31| 6| 0|R| 80| 3041|R| 0| 1
 1| 2008| 200| 3|31| 7| 0|R| 80| 3041|R| 0| 1
 1| 2008| 200| 3|31| 5| 0|R| 80| 3041|R| 0| 1
 1| 2008| 200| 3|31| 4| 0|R| 80| 3041|R| 0| 1
 1| 2008| 200| 3|31| 3| 0|R| 120| 3041|R| 0| 1
 1| 2008| 200| 3|31| 2| 0|R| 160| 3041|R| 0| 1
 1| 2008| 200| 3|31| 1| 0|R| 160| 3041|R| 0| 1
 1| 2008| 200| 4|41| 8| 60|A| 40| 471|60,0| 0| 1
 1| 2008| 200| 4|41| 6| 73|A| 80| 471|73,0| 0| 1
 1| 2008| 200| 4|41| 7| 68|A| 80| 471|68,0| 0| 1
 1| 2008| 200| 4|41| 5| 53|R| 80| 471|53,0| 0| 1
 1| 2008| 200| 4|41| 4| 41|R| 80| 471|41,0| 0| 1
 1| 2008| 200| 4|41| 3| 71|A| 120| 471|71,0| 0| 1
 1| 2008| 200| 4|41| 2| 65|A| 160| 471|65,0| 0| 1
 1| 2008| 200| 4|41| 1| 50|R| 160| 471|50,0| 0| 1
 1| 2008| 200| 4|41| 8| 70|A| 40| 2201|70,0| 0| 1
 1| 2008| 200| 4|41| 6| 79|A| 80| 2201|79,0| 0| 1
 1| 2008| 200| 4|41| 7| 76|A| 80| 2201|76,0| 0| 1
 1| 2008| 200| 4|41| 5| 60|A| 80| 2201|60,0| 0| 1
 1| 2008| 200| 4|41| 4| 52|R| 80| 2201|52,0| 0| 1
 1| 2008| 200| 4|41| 3| 69|A| 120| 2201|69,0| 0| 1
 1| 2008| 200| 4|41| 2| 48|R| 160| 2201|48,0| 0| 1
 1| 2008| 200| 4|41| 1| 64|A| 160| 2201|64,0| 0| 1
 1| 2008| 200| 4|41| 8| 69|A| 40| 2203|69,0| 0| 1
 1| 2008| 200| 4|41| 6| 86|A| 80| 2203|86,0| 0| 1
 1| 2008| 200| 4|41| 7| 94|A| 80| 2203|94,0| 0| 1
 1| 2008| 200| 4|41| 5| 69|A| 80| 2203|69,0| 0| 1
 1| 2008| 200| 4|41| 4| 64|A| 80| 2203|64,0| 0| 1
 1| 2008| 200| 4|41| 3| 67|A| 120| 2203|67,0| 0| 1
 1| 2008| 200| 4|41| 2| 62|A| 160| 2203|62,0| 0| 1
 1| 2008| 200| 4|41| 1| 65|A| 160| 2203|65,0| 0| 1
 1| 2008| 200| 4|41| 8| 78|A| 40| 2211|78,0| 0| 1
 1| 2008| 200| 4|41| 6| 74|A| 80| 2211|74,0| 0| 1
 1| 2008| 200| 4|41| 7| 73|A| 80| 2211|73,0| 0| 1
 1| 2008| 200| 4|41| 5| 72|A| 80| 2211|72,0| 0| 1
 1| 2008| 200| 4|41| 4| 64|A| 80| 2211|64,0| 0| 1
 1| 2008| 200| 4|41| 3| 80|A| 120| 2211|80,0| 0| 1
 1| 2008| 200| 4|41| 2| 68|A| 160| 2211|68,0| 0| 1
 1| 2008| 200| 4|41| 1| 67|A| 160| 2211|67,0| 0| 1
 1| 2008| 200| 4|41| 8| 22|R| 40| 2303|22,0| 0| 1
 1| 2008| 200| 4|41| 6| 26|R| 80| 2303|26,0| 0| 1
 1| 2008| 200| 4|41| 7| 24|R| 80| 2303|24,0| 0| 1
 1| 2008| 200| 4|41| 5| 18|R| 80| 2303|18,0| 0| 1
 1| 2008| 200| 4|41| 4| 15|R| 80| 2303|15,0| 0| 1
 1| 2008| 200| 4|41| 3| 21|R| 120| 2303|21,0| 0| 1
 1| 2008| 200| 4|41| 2| 13|R| 160| 2303|13,0| 0| 1
 1| 2008| 200| 4|41| 1| 20|R| 160| 2303|20,0| 0| 1
 1| 2008| 200| 4|41| 8| 90|A| 40| 2551|90,0| 0| 1
 1| 2008| 200| 4|41| 6| 87|A| 80| 2551|87,0| 0| 1
 1| 2008| 200| 4|41| 7| 84|A| 80| 2551|84,0| 0| 1
 1| 2008| 200| 4|41| 5| 80|A| 80| 2551|80,0| 0| 1
 1| 2008| 200| 4|41| 4| 70|A| 80| 2551|70,0| 0| 1
 1| 2008| 200| 4|41| 3| 89|A| 120| 2551|89,0| 0| 1
 1| 2008| 200| 4|41| 2| 77|A| 160| 2551|77,0| 0| 1
 1| 2008| 200| 4|41| 1| 79|A| 160| 2551|79,0| 0| 1
 1| 2008| 200| 4|41| 8| 72|A| 40| 2571|72,0| 0| 1
 1| 2008| 200| 4|41| 6| 79|A| 80| 2571|79,0| 0| 1
 1| 2008| 200| 4|41| 7| 76|A| 80| 2571|76,0| 0| 1
 1| 2008| 200| 4|41| 5| 68|A| 80| 2571|68,0| 0| 1
 1| 2008| 200| 4|41| 4| 77|A| 80| 2571|77,0| 0| 1
 1| 2008| 200| 4|41| 3| 85|A| 120| 2571|85,0| 0| 1
 1| 2008| 200| 4|41| 2| 78|A| 160| 2571|78,0| 0| 1
 1| 2008| 200| 4|41| 1| 75|A| 160| 2571|75,0| 0| 1
 1| 2008| 200| 4|41| 8| 77|A| 40| 2581|77,0| 0| 1
 1| 2008| 200| 4|41| 6| 86|A| 80| 2581|86,0| 0| 1
 1| 2008| 200| 4|41| 7| 84|A| 80| 2581|84,0| 0| 1
 1| 2008| 200| 4|41| 5| 71|A| 80| 2581|71,0| 0| 1
 1| 2008| 200| 4|41| 4| 76|A| 80| 2581|76,0| 0| 1
 1| 2008| 200| 4|41| 3| 93|A| 120| 2581|93,0| 0| 1
 1| 2008| 200| 4|41| 2| 76|A| 160| 2581|76,0| 0| 1
 1| 2008| 200| 4|41| 1| 76|A| 160| 2581|76,0| 0| 1
 1| 2008| 200| 4|41| 8| 86|A| 40| 2588|86,0| 0| 1
 1| 2008| 200| 4|41| 6| 80|A| 80| 2588|80,0| 0| 1
 1| 2008| 200| 4|41| 7| 84|A| 80| 2588|84,0| 0| 1
 1| 2008| 200| 4|41| 5| 72|A| 80| 2588|72,0| 0| 1
 1| 2008| 200| 4|41| 4| 74|A| 80| 2588|74,0| 0| 1
 1| 2008| 200| 4|41| 3| 88|A| 120| 2588|88,0| 0| 1
 1| 2008| 200| 4|41| 2| 87|A| 160| 2588|87,0| 0| 1
 1| 2008| 200| 4|41| 1| 82|A| 160| 2588|82,0| 0| 1
 1| 2008| 200| 4|41| 8| 77|A| 40| 2988|77,0| 0| 1
 1| 2008| 200| 4|41| 6| 76|A| 80| 2988|76,0| 0| 1
 1| 2008| 200| 4|41| 7| 73|A| 80| 2988|73,0| 0| 1
 1| 2008| 200| 4|41| 5| 72|A| 80| 2988|72,0| 0| 1
 1| 2008| 200| 4|41| 4| 71|A| 80| 2988|71,0| 0| 1
 1| 2008| 200| 4|41| 3| 74|A| 120| 2988|74,0| 0| 1
 1| 2008| 200| 4|41| 2| 68|A| 160| 2988|68,0| 0| 1
 1| 2008| 200| 4|41| 1| 77|A| 160| 2988|77,0| 0| 1
 1| 2008| 200| 4|41| 8| 71|A| 40| 3032|71,0| 0| 1
 1| 2008| 200| 4|41| 6| 74|A| 80| 3032|74,0| 0| 1
 1| 2008| 200| 4|41| 7| 72|A| 80| 3032|72,0| 0| 1
 1| 2008| 200| 4|41| 5| 66|A| 80| 3032|66,0| 0| 1
 1| 2008| 200| 4|41| 4| 76|A| 80| 3032|76,0| 0| 1
 1| 2008| 200| 4|41| 3| 67|A| 120| 3032|67,0| 0| 1
 1| 2008| 200| 4|41| 2| 71|A| 160| 3032|71,0| 0| 1
 1| 2008| 200| 4|41| 1| 75|A| 160| 3032|75,0| 0| 1
 1| 2008| 200| 4|41| 8| 69|A| 40| 3033|69,0| 0| 1
 1| 2008| 200| 4|41| 6| 70|A| 80| 3033|70,0| 0| 1
 1| 2008| 200| 4|41| 7| 72|A| 80| 3033|72,0| 0| 1
 1| 2008| 200| 4|41| 5| 45|R| 80| 3033|45,0| 0| 1
 1| 2008| 200| 4|41| 4| 49|R| 80| 3033|49,0| 0| 1
 1| 2008| 200| 4|41| 3| 56|R| 120| 3033|56,0| 0| 1
 1| 2008| 200| 4|41| 2| 38|R| 160| 3033|38,0| 0| 1
 1| 2008| 200| 4|41| 1| 50|R| 160| 3033|50,0| 0| 1
 4| 2008| 200| 2|21| 8| 73|A| 40| 2808|73,0| 0| 1
 4| 2008| 200| 2|21| 7| 73|A| 80| 2808|73,0| 0| 1
 4| 2008| 200| 2|21| 6| 67|A| 80| 2808|67,0| 0| 1
 4| 2008| 200| 2|21| 5| 58|R| 80| 2808|58,0| 0| 1
 4| 2008| 200| 2|21| 4| 80|A| 80| 2808|80,0| 0| 1
 4| 2008| 200| 2|21| 3| 51|R| 120| 2808|51,0| 0| 1
 4| 2008| 200| 2|21| 2| 54|R| 160| 2808|54,0| 0| 1
 4| 2008| 200| 2|21| 1| 54|R| 160| 2808|54,0| 0| 1
 4| 2008| 200| 2|21| 8| 72|A| 40| 2810|72,0| 0| 1
 4| 2008| 200| 2|21| 7| 77|A| 80| 2810|77,0| 0| 1
 4| 2008| 200| 2|21| 6| 70|A| 80| 2810|70,0| 0| 1
 4| 2008| 200| 2|21| 5| 54|R| 80| 2810|54,0| 0| 1
 4| 2008| 200| 2|21| 4| 63|A| 80| 2810|63,0| 0| 1
 4| 2008| 200| 2|21| 3| 42|R| 120| 2810|42,0| 0| 1
 4| 2008| 200| 2|21| 2| 47|R| 160| 2810|47,0| 0| 1
 4| 2008| 200| 2|21| 1| 38|R| 160| 2810|38,0| 0| 1
 4| 2008| 200| 2|21| 8| 76|A| 40| 2812|76,0| 0| 1
 4| 2008| 200| 2|21| 7| 81|A| 80| 2812|81,0| 0| 1
 4| 2008| 200| 2|21| 6| 69|A| 80| 2812|69,0| 0| 1
 4| 2008| 200| 2|21| 5| 52|R| 80| 2812|52,0| 0| 1
 4| 2008| 200| 2|21| 4| 75|A| 80| 2812|75,0| 0| 1
 2| 2008| 200| 3|31| 3| 18|R| 120| 2188|18,0| 0| 1
 2| 2008| 200| 3|31| 2| 19|R| 160| 2188|19,0| 0| 1
 2| 2008| 200| 3|31| 1| 20|R| 160| 2188|20,0| 0| 1
 2| 2008| 200| 3|31| 8| 62|A| 40| 2795|62,0| 0| 1
 2| 2008| 200| 3|31| 6| 62|A| 80| 2795|62,0| 0| 1
 2| 2008| 200| 3|31| 7| 78|A| 80| 2795|78,0| 0| 1
 2| 2008| 200| 3|31| 5| 65|A| 80| 2795|65,0| 0| 1
 2| 2008| 200| 3|31| 4| 61|A| 80| 2795|61,0| 0| 1
 2| 2008| 200| 3|31| 3| 69|A| 120| 2795|69,0| 0| 1
 2| 2008| 200| 3|31| 2| 72|A| 160| 2795|72,0| 0| 1
 2| 2008| 200| 3|31| 1| 66|A| 160| 2795|66,0| 0| 1
 2| 2008| 200| 3|31| 8| 72|A| 40| 3005|72,0| 0| 1
 2| 2008| 200| 3|31| 6| 62|A| 80| 3005|62,0| 0| 1
 2| 2008| 200| 3|31| 7| 70|A| 80| 3005|70,0| 0| 1
 2| 2008| 200| 3|31| 5| 72|A| 80| 3005|72,0| 0| 1
 2| 2008| 200| 3|31| 4| 67|A| 80| 3005|67,0| 0| 1
 2| 2008| 200| 3|31| 3| 64|A| 120| 3005|64,0| 0| 1
 2| 2008| 200| 3|31| 2| 67|A| 160| 3005|67,0| 0| 1
 2| 2008| 200| 3|31| 1| 69|A| 160| 3005|69,0| 0| 1
 2| 2008| 200| 3|31| 8| 61|A| 40| 3006|61,0| 0| 1
 2| 2008| 200| 3|31| 6| 62|A| 80| 3006|62,0| 0| 1
 2| 2008| 200| 3|31| 7| 72|A| 80| 3006|72,0| 0| 1
 2| 2008| 200| 3|31| 5| 64|A| 80| 3006|64,0| 0| 1
 2| 2008| 200| 3|31| 4| 64|A| 80| 3006|64,0| 0| 1
 2| 2008| 200| 3|31| 3| 64|A| 120| 3006|64,0| 0| 1
 2| 2008| 200| 3|31| 2| 65|A| 160| 3006|65,0| 0| 1
 2| 2008| 200| 3|31| 1| 63|A| 160| 3006|63,0| 0| 1
 2| 2008| 200| 3|31| 8| 74|A| 40| 3007|74,0| 0| 1
 2| 2008| 200| 3|31| 6| 86|A| 80| 3007|86,0| 0| 1
 2| 2008| 200| 3|31| 7| 86|A| 80| 3007|86,0| 0| 1
 2| 2008| 200| 3|31| 5| 74|A| 80| 3007|74,0| 0| 1
 2| 2008| 200| 3|31| 4| 70|A| 80| 3007|70,0| 0| 1
 2| 2008| 200| 3|31| 3| 64|A| 120| 3007|64,0| 0| 1
 2| 2008| 200| 3|31| 2| 68|A| 160| 3007|68,0| 0| 1
 2| 2008| 200| 3|31| 1| 64|A| 160| 3007|64,0| 0| 1
 2| 2008| 200| 3|31| 8| 90|A| 40| 3023|90,0| 0| 1
 2| 2008| 200| 3|31| 6| 94|A| 80| 3023|94,0| 0| 1
 2| 2008| 200| 3|31| 7| 85|A| 80| 3023|85,0| 0| 1
 2| 2008| 200| 3|31| 5| 78|A| 80| 3023|78,0| 0| 1
 2| 2008| 200| 3|31| 4| 70|A| 80| 3023|70,0| 0| 1
 2| 2008| 200| 3|31| 3| 80|A| 120| 3023|80,0| 0| 1
 2| 2008| 200| 3|31| 2| 65|A| 160| 3023|65,0| 0| 1
 2| 2008| 200| 3|31| 1| 72|A| 160| 3023|72,0| 0| 1
 2| 2008| 200| 3|31| 8| 62|A| 40| 3024|62,0| 0| 1
 2| 2008| 200| 3|31| 6| 62|A| 80| 3024|62,0| 0| 1
 2| 2008| 200| 3|31| 7| 78|A| 80| 3024|78,0| 0| 1
 2| 2008| 200| 3|31| 5| 71|A| 80| 3024|71,0| 0| 1
 2| 2008| 200| 3|31| 4| 72|A| 80| 3024|72,0| 0| 1
 2| 2008| 200| 3|31| 3| 86|A| 120| 3024|86,0| 0| 1
 2| 2008| 200| 3|31| 2| 72|A| 160| 3024|72,0| 0| 1
 2| 2008| 200| 3|31| 1| 73|A| 160| 3024|73,0| 0| 1
 2| 2008| 200| 3|31| 8| 68|A| 40| 3025|68,0| 0| 1
 2| 2008| 200| 3|31| 6| 66|A| 80| 3025|66,0| 0| 1
 2| 2008| 200| 3|31| 7| 80|A| 80| 3025|80,0| 0| 1
 2| 2008| 200| 3|31| 5| 73|A| 80| 3025|73,0| 0| 1
 2| 2008| 200| 3|31| 4| 70|A| 80| 3025|70,0| 0| 1
 2| 2008| 200| 3|31| 3| 86|A| 120| 3025|86,0| 0| 1
 2| 2008| 200| 3|31| 2| 68|A| 160| 3025|68,0| 0| 1
 2| 2008| 200| 3|31| 1| 78|A| 160| 3025|78,0| 0| 1
 2| 2008| 200| 3|31| 8| 62|A| 40| 3026|62,0| 0| 1
 2| 2008| 200| 3|31| 6| 62|A| 80| 3026|62,0| 0| 1
 2| 2008| 200| 3|31| 7| 80|A| 80| 3026|80,0| 0| 1
 2| 2008| 200| 3|31| 5| 72|A| 80| 3026|72,0| 0| 1
 2| 2008| 200| 3|31| 4| 70|A| 80| 3026|70,0| 0| 1
 2| 2008| 200| 3|31| 3| 79|A| 120| 3026|79,0| 0| 1
 2| 2008| 200| 3|31| 2| 82|A| 160| 3026|82,0| 0| 1
 2| 2008| 200| 3|31| 1| 78|A| 160| 3026|78,0| 0| 1
 2| 2008| 200| 3|31| 8| 76|A| 40| 3027|76,0| 0| 1
 2| 2008| 200| 3|31| 6| 74|A| 80| 3027|74,0| 0| 1
 2| 2008| 200| 3|31| 7| 88|A| 80| 3027|88,0| 0| 1
 2| 2008| 200| 3|31| 5| 69|A| 80| 3027|69,0| 0| 1
 2| 2008| 200| 3|31| 4| 66|A| 80| 3027|66,0| 0| 1
 2| 2008| 200| 3|31| 3| 72|A| 120| 3027|72,0| 0| 1
 2| 2008| 200| 3|31| 2| 69|A| 160| 3027|69,0| 0| 1
 2| 2008| 200| 3|31| 1| 69|A| 160| 3027|69,0| 0| 1
 2| 2008| 200| 3|31| 8| 73|A| 40| 3028|73,0| 0| 1
 2| 2008| 200| 3|31| 6| 62|A| 80| 3028|62,0| 0| 1
 2| 2008| 200| 3|31| 7| 94|A| 80| 3028|94,0| 0| 1
 2| 2008| 200| 3|31| 5| 86|A| 80| 3028|86,0| 0| 1
 2| 2008| 200| 3|31| 4| 77|A| 80| 3028|77,0| 0| 1
 2| 2008| 200| 3|31| 3| 78|A| 120| 3028|78,0| 0| 1
 2| 2008| 200| 3|31| 2| 74|A| 160| 3028|74,0| 0| 1
 2| 2008| 200| 3|31| 1| 72|A| 160| 3028|72,0| 0| 1
 2| 2008| 200| 3|31| 1| 80|A| 160| 3055|80,0| 0| 1
 2| 2008| 200| 4|41| 8| 76|A| 40| 2789|76,0| 0| 1
 2| 2008| 200| 4|41| 6| 75|A| 80| 2789|75,0| 0| 1
 2| 2008| 200| 4|41| 7| 87|A| 80| 2789|87,0| 0| 1
 2| 2008| 200| 4|41| 5| 65|A| 80| 2789|65,0| 0| 1
 2| 2008| 200| 4|41| 4| 67|A| 80| 2789|67,0| 0| 1
 2| 2008| 200| 4|41| 3| 65|A| 120| 2789|65,0| 0| 1
 2| 2008| 200| 4|41| 2| 63|A| 160| 2789|63,0| 0| 1
 2| 2008| 200| 4|41| 1| 63|A| 160| 2789|63,0| 0| 1
 2| 2008| 200| 4|41| 8| 77|A| 40| 2793|77,0| 0| 1
 2| 2008| 200| 4|41| 6| 80|A| 80| 2793|80,0| 0| 1
 2| 2008| 200| 4|41| 7| 89|A| 80| 2793|89,0| 0| 1
 2| 2008| 200| 4|41| 5| 81|A| 80| 2793|81,0| 0| 1
 2| 2008| 200| 4|41| 4| 86|A| 80| 2793|86,0| 0| 1
 2| 2008| 200| 4|41| 3| 88|A| 120| 2793|88,0| 0| 1
 2| 2008| 200| 4|41| 2| 87|A| 160| 2793|87,0| 0| 1
 2| 2008| 200| 4|41| 1| 79|A| 160| 2793|79,0| 0| 1
 2| 2008| 200| 4|41| 8| 78|A| 40| 2794|78,0| 0| 1
 2| 2008| 200| 4|41| 6| 82|A| 80| 2794|82,0| 0| 1
 2| 2008| 200| 4|41| 7| 90|A| 80| 2794|90,0| 0| 1
 2| 2008| 200| 4|41| 5| 81|A| 80| 2794|81,0| 0| 1
 2| 2008| 200| 4|41| 4| 73|A| 80| 2794|73,0| 0| 1
 2| 2008| 200| 4|41| 3| 88|A| 120| 2794|88,0| 0| 1
 2| 2008| 200| 4|41| 2| 64|A| 160| 2794|64,0| 0| 1
 2| 2008| 200| 4|41| 1| 75|A| 160| 2794|75,0| 0| 1
 2| 2008| 200| 4|41| 8| 83|A| 40| 2797|83,0| 0| 1
 2| 2008| 200| 4|41| 6| 82|A| 80| 2797|82,0| 0| 1
 2| 2008| 200| 4|41| 7| 93|A| 80| 2797|93,0| 0| 1
 2| 2008| 200| 4|41| 5| 71|A| 80| 2797|71,0| 0| 1
 2| 2008| 200| 4|41| 4| 76|A| 80| 2797|76,0| 0| 1
 2| 2008| 200| 4|41| 3| 82|A| 120| 2797|82,0| 0| 1
 2| 2008| 200| 4|41| 2| 64|A| 160| 2797|64,0| 0| 1
 2| 2008| 200| 4|41| 1| 74|A| 160| 2797|74,0| 0| 1
 2| 2008| 200| 4|41| 8| 80|A| 40| 3004|80,0| 0| 1
 2| 2008| 200| 4|41| 6| 84|A| 80| 3004|84,0| 0| 1
 2| 2008| 200| 4|41| 7| 94|A| 80| 3004|94,0| 0| 1
 2| 2008| 200| 4|41| 5| 85|A| 80| 3004|85,0| 0| 1
 2| 2008| 200| 4|41| 4| 88|A| 80| 3004|88,0| 0| 1
 2| 2008| 200| 4|41| 3| 72|A| 120| 3004|72,0| 0| 1
 2| 2008| 200| 4|41| 2| 76|A| 160| 3004|76,0| 0| 1
 2| 2008| 200| 4|41| 1| 82|A| 160| 3004|82,0| 0| 1
 2| 2008| 200| 4|41| 8| 0|R| 40| 3047|R| 0| 1
 2| 2008| 200| 4|41| 6| 0|R| 80| 3047|R| 0| 1
 2| 2008| 200| 4|41| 7| 0|R| 80| 3047|R| 0| 1
 2| 2008| 200| 4|41| 5| 0|R| 80| 3047|R| 0| 1
 2| 2008| 200| 4|41| 4| 0|R| 80| 3047|R| 0| 1
 2| 2008| 200| 4|41| 3| 0|R| 120| 3047|R| 0| 1
 2| 2008| 200| 4|41| 2| 0|R| 160| 3047|R| 0| 1
 2| 2008| 200| 4|41| 1| 0|R| 160| 3047|R| 0| 1
 2| 2008| 200| 5|51| 11| 70|A| 80| 2801|70,0| 0| 1
 2| 2008| 200| 5|51| 8| 91|A| 40| 2801|91,0| 0| 1
 2| 2008| 200| 5|51| 6| 90|A| 80| 2801|90,0| 0| 1
 2| 2008| 200| 5|51| 7| 90|A| 40| 2801|90,0| 0| 1
 2| 2008| 200| 5|51| 5| 86|A| 80| 2801|86,0| 0| 1
 2| 2008| 200| 5|51| 4| 82|A| 80| 2801|82,0| 0| 1
 2| 2008| 200| 5|51| 3| 87|A| 120| 2801|87,0| 0| 1
 2| 2008| 200| 5|51| 2| 72|A| 120| 2801|72,0| 0| 1
 2| 2008| 200| 5|51| 1| 79|A| 160| 2801|79,0| 0| 1
 2| 2008| 200| 5|51| 11| 20|R| 80| 2802|20,0| 0| 1
 2| 2008| 200| 5|51| 8| 27|R| 40| 2802|27,0| 0| 1
 2| 2008| 200| 5|51| 6| 28|R| 80| 2802|28,0| 0| 1
 2| 2008| 200| 5|51| 7| 29|R| 40| 2802|29,0| 0| 1
 2| 2008| 200| 5|51| 5| 26|R| 80| 2802|26,0| 0| 1
 2| 2008| 200| 5|51| 4| 27|R| 80| 2802|27,0| 0| 1
 2| 2008| 200| 5|51| 3| 28|R| 120| 2802|28,0| 0| 1
 2| 2008| 200| 5|51| 2| 28|R| 120| 2802|28,0| 0| 1
 2| 2008| 200| 5|51| 1| 27|R| 160| 2802|27,0| 0| 1
 2| 2008| 200| 5|51| 11| 70|A| 80| 2803|70,0| 0| 1
 2| 2008| 200| 5|51| 8| 89|A| 40| 2803|89,0| 0| 1
 2| 2008| 200| 5|51| 6| 91|A| 80| 2803|91,0| 0| 1
 2| 2008| 200| 5|51| 7| 90|A| 40| 2803|90,0| 0| 1
 2| 2008| 200| 5|51| 5| 80|A| 80| 2803|80,0| 0| 1
 2| 2008| 200| 5|51| 4| 81|A| 80| 2803|81,0| 0| 1
 2| 2008| 200| 5|51| 3| 84|A| 120| 2803|84,0| 0| 1
 2| 2008| 200| 5|51| 2| 71|A| 120| 2803|71,0| 0| 1
 2| 2008| 200| 5|51| 1| 78|A| 160| 2803|78,0| 0| 1
 2| 2008| 200| 5|51| 11| 20|R| 80| 2804|20,0| 0| 1
 2| 2008| 200| 5|51| 8| 27|R| 40| 2804|27,0| 0| 1
 2| 2008| 200| 5|51| 6| 28|R| 80| 2804|28,0| 0| 1
 2| 2008| 200| 5|51| 7| 29|R| 40| 2804|29,0| 0| 1
 2| 2008| 200| 5|51| 5| 28|R| 80| 2804|28,0| 0| 1
 2| 2008| 200| 5|51| 4| 25|R| 80| 2804|25,0| 0| 1
 2| 2008| 200| 5|51| 3| 24|R| 120| 2804|24,0| 0| 1
 2| 2008| 200| 5|51| 2| 20|R| 120| 2804|20,0| 0| 1
 2| 2008| 200| 5|51| 1| 22|R| 160| 2804|22,0| 0| 1
 2| 2008| 200| 5|51| 11| 18|R| 80| 2870|18,0| 0| 1
 2| 2008| 200| 5|51| 8| 21|R| 40| 2870|21,0| 0| 1
 2| 2008| 200| 5|51| 6| 20|R| 80| 2870|20,0| 0| 1
 2| 2008| 200| 5|51| 7| 22|R| 40| 2870|22,0| 0| 1
 2| 2008| 200| 5|51| 5| 21|R| 80| 2870|21,0| 0| 1
 2| 2008| 200| 5|51| 4| 20|R| 80| 2870|20,0| 0| 1
 2| 2008| 200| 5|51| 3| 18|R| 120| 2870|18,0| 0| 1
 2| 2008| 200| 5|51| 2| 10|R| 120| 2870|10,0| 0| 1
 2| 2008| 200| 5|51| 1| 18|R| 160| 2870|18,0| 0| 1
 2| 2008| 200| 5|51| 11| 70|A| 80| 3022|70,0| 0| 1
 2| 2008| 200| 5|51| 8| 88|A| 40| 3022|88,0| 0| 1
 2| 2008| 200| 5|51| 6| 89|A| 80| 3022|89,0| 0| 1
 2| 2008| 200| 5|51| 7| 94|A| 40| 3022|94,0| 0| 1
 2| 2008| 200| 5|51| 5| 80|A| 80| 3022|80,0| 0| 1
 2| 2008| 200| 5|51| 4| 85|A| 80| 3022|85,0| 0| 1
 2| 2008| 200| 5|51| 3| 82|A| 120| 3022|82,0| 0| 1
 2| 2008| 200| 5|51| 2| 79|A| 120| 3022|79,0| 0| 1
 2| 2008| 200| 2|21| 6| 62|A| 80| 3015|62,0| 0| 1
 2| 2008| 200| 2|21| 7| 70|A| 80| 3015|70,0| 0| 1
 2| 2008| 200| 2|21| 5| 64|A| 80| 3015|64,0| 0| 1
 2| 2008| 200| 2|21| 4| 63|A| 80| 3015|63,0| 0| 1
 2| 2008| 200| 2|21| 3| 60|A| 120| 3015|60,0| 0| 1
 2| 2008| 200| 2|21| 2| 62|A| 160| 3015|62,0| 0| 1
 2| 2008| 200| 2|21| 1| 60|A| 160| 3015|60,0| 0| 1
 2| 2008| 200| 2|21| 8| 84|A| 40| 3016|84,0| 0| 1
 2| 2008| 200| 2|21| 6| 70|A| 80| 3016|70,0| 0| 1
 2| 2008| 200| 2|21| 7| 80|A| 80| 3016|80,0| 0| 1
 2| 2008| 200| 2|21| 5| 64|A| 80| 3016|64,0| 0| 1
 2| 2008| 200| 2|21| 4| 63|A| 80| 3016|63,0| 0| 1
 2| 2008| 200| 2|21| 3| 62|A| 120| 3016|62,0| 0| 1
 2| 2008| 200| 2|21| 2| 60|A| 160| 3016|60,0| 0| 1
 2| 2008| 200| 2|21| 1| 60|A| 160| 3016|60,0| 0| 1
 2| 2008| 200| 2|21| 8| 78|A| 40| 3017|78,0| 0| 1
 2| 2008| 200| 2|21| 6| 76|A| 80| 3017|76,0| 0| 1
 2| 2008| 200| 2|21| 7| 78|A| 80| 3017|78,0| 0| 1
 2| 2008| 200| 2|21| 5| 77|A| 80| 3017|77,0| 0| 1
 2| 2008| 200| 2|21| 4| 73|A| 80| 3017|73,0| 0| 1
 2| 2008| 200| 2|21| 3| 71|A| 120| 3017|71,0| 0| 1
 2| 2008| 200| 2|21| 2| 62|A| 160| 3017|62,0| 0| 1
 2| 2008| 200| 2|21| 1| 69|A| 160| 3017|69,0| 0| 1
 2| 2008| 200| 2|21| 8| 94|A| 40| 3018|94,0| 0| 1
 2| 2008| 200| 2|21| 6| 89|A| 80| 3018|89,0| 0| 1
 2| 2008| 200| 2|21| 7| 98|A| 80| 3018|98,0| 0| 1
 2| 2008| 200| 2|21| 5| 75|A| 80| 3018|75,0| 0| 1
 2| 2008| 200| 2|21| 4| 80|A| 80| 3018|80,0| 0| 1
 2| 2008| 200| 2|21| 3| 81|A| 120| 3018|81,0| 0| 1
 2| 2008| 200| 2|21| 2| 66|A| 160| 3018|66,0| 0| 1
 2| 2008| 200| 2|21| 1| 78|A| 160| 3018|78,0| 0| 1
 2| 2008| 200| 2|21| 8| 82|A| 40| 3019|82,0| 0| 1
 2| 2008| 200| 2|21| 6| 78|A| 80| 3019|78,0| 0| 1
 2| 2008| 200| 2|21| 7| 97|A| 80| 3019|97,0| 0| 1
 2| 2008| 200| 2|21| 5| 71|A| 80| 3019|71,0| 0| 1
 2| 2008| 200| 2|21| 4| 76|A| 80| 3019|76,0| 0| 1
 2| 2008| 200| 2|21| 3| 73|A| 120| 3019|73,0| 0| 1
 2| 2008| 200| 5|51| 1| 78|A| 160| 3022|78,0| 0| 1
 3| 2008| 200| 2|21| 8| 76|A| 40| 2693|76,0| 0| 1
 3| 2008| 200| 2|21| 6| 79|A| 80| 2693|79,0| 0| 1
 3| 2008| 200| 2|21| 7| 82|A| 80| 2693|82,0| 0| 1
 3| 2008| 200| 2|21| 5| 85|A| 80| 2693|85,0| 0| 1
 3| 2008| 200| 2|21| 4| 86|A| 80| 2693|86,0| 0| 1
 3| 2008| 200| 2|21| 3| 81|A| 120| 2693|81,0| 0| 1
 3| 2008| 200| 2|21| 2| 70|A| 160| 2693|70,0| 0| 1
 3| 2008| 200| 2|21| 1| 76|A| 160| 2693|76,0| 0| 1
 3| 2008| 200| 2|21| 8| 72|A| 40| 2952|72,0| 0| 1
 3| 2008| 200| 2|21| 6| 84|A| 80| 2952|84,0| 0| 1
 3| 2008| 200| 2|21| 7| 85|A| 80| 2952|85,0| 0| 1
 3| 2008| 200| 2|21| 5| 78|A| 80| 2952|78,0| 0| 1
 3| 2008| 200| 2|21| 4| 86|A| 80| 2952|86,0| 0| 1
 3| 2008| 200| 2|21| 3| 85|A| 120| 2952|85,0| 0| 1
 3| 2008| 200| 2|21| 2| 85|A| 160| 2952|85,0| 0| 1
 3| 2008| 200| 2|21| 1| 76|A| 160| 2952|76,0| 0| 1
 3| 2008| 200| 2|21| 8| 70|A| 40| 2953|70,0| 0| 1
 3| 2008| 200| 2|21| 6| 81|A| 80| 2953|81,0| 0| 1
 3| 2008| 200| 2|21| 7| 76|A| 80| 2953|76,0| 0| 1
 3| 2008| 200| 2|21| 5| 55|R| 80| 2953|55,0| 0| 1
 3| 2008| 200| 2|21| 4| 70|A| 80| 2953|70,0| 0| 1
 3| 2008| 200| 2|21| 3| 73|A| 120| 2953|73,0| 0| 1
 3| 2008| 200| 2|21| 2| 42|R| 160| 2953|42,0| 0| 1
 3| 2008| 200| 2|21| 1| 54|R| 160| 2953|54,0| 0| 1
 3| 2008| 200| 2|21| 8| 90|A| 40| 2955|90,0| 0| 1
 3| 2008| 200| 2|21| 6| 92|A| 80| 2955|92,0| 0| 1
 3| 2008| 200| 2|21| 7| 94|A| 80| 2955|94,0| 0| 1
 3| 2008| 200| 2|21| 5| 91|A| 80| 2955|91,0| 0| 1
 3| 2008| 200| 2|21| 4| 98|A| 80| 2955|98,0| 0| 1
 3| 2008| 200| 2|21| 3| 97|A| 120| 2955|97,0| 0| 1
 3| 2008| 200| 2|21| 2| 98|A| 160| 2955|98,0| 0| 1
 3| 2008| 200| 2|21| 1| 96|A| 160| 2955|96,0| 0| 1
 3| 2008| 200| 2|21| 8| 20|R| 40| 2956|20,0| 0| 1
 3| 2008| 200| 2|21| 6| 27|R| 80| 2956|27,0| 0| 1
 3| 2008| 200| 2|21| 7| 25|R| 80| 2956|25,0| 0| 1
 3| 2008| 200| 2|21| 5| 23|R| 80| 2956|23,0| 0| 1
 3| 2008| 200| 2|21| 4| 21|R| 80| 2956|21,0| 0| 1
 3| 2008| 200| 2|21| 3| 20|R| 120| 2956|20,0| 0| 1
 3| 2008| 200| 2|21| 2| 23|R| 160| 2956|23,0| 0| 1
 3| 2008| 200| 2|21| 1| 21|R| 160| 2956|21,0| 0| 1
 3| 2008| 200| 2|21| 8| 73|A| 40| 2957|73,0| 0| 1
 3| 2008| 200| 2|21| 6| 83|A| 80| 2957|83,0| 0| 1
 3| 2008| 200| 2|21| 7| 79|A| 80| 2957|79,0| 0| 1
 3| 2008| 200| 2|21| 5| 70|A| 80| 2957|70,0| 0| 1
 3| 2008| 200| 2|21| 4| 80|A| 80| 2957|80,0| 0| 1
 3| 2008| 200| 2|21| 3| 81|A| 120| 2957|81,0| 0| 1
 3| 2008| 200| 2|21| 2| 74|A| 160| 2957|74,0| 0| 1
 3| 2008| 200| 2|21| 1| 82|A| 160| 2957|82,0| 0| 1
 3| 2008| 200| 2|21| 8| 82|A| 40| 2958|82,0| 0| 1
 3| 2008| 200| 2|21| 6| 89|A| 80| 2958|89,0| 0| 1
 3| 2008| 200| 2|21| 7| 83|A| 80| 2958|83,0| 0| 1
 3| 2008| 200| 2|21| 5| 89|A| 80| 2958|89,0| 0| 1
 3| 2008| 200| 2|21| 4| 84|A| 80| 2958|84,0| 0| 1
 3| 2008| 200| 2|21| 3| 91|A| 120| 2958|91,0| 0| 1
 3| 2008| 200| 2|21| 2| 91|A| 160| 2958|91,0| 0| 1
 3| 2008| 200| 2|21| 1| 87|A| 160| 2958|87,0| 0| 1
 3| 2008| 200| 2|21| 8| 78|A| 40| 2959|78,0| 0| 1
 3| 2008| 200| 2|21| 6| 66|A| 80| 2959|66,0| 0| 1
 3| 2008| 200| 2|21| 7| 88|A| 80| 2959|88,0| 0| 1
 3| 2008| 200| 2|21| 5| 61|A| 80| 2959|61,0| 0| 1
 3| 2008| 200| 2|21| 4| 65|A| 80| 2959|65,0| 0| 1
 3| 2008| 200| 2|21| 3| 62|A| 120| 2959|62,0| 0| 1
 3| 2008| 200| 2|21| 2| 62|A| 160| 2959|62,0| 0| 1
 3| 2008| 200| 2|21| 1| 61|A| 160| 2959|61,0| 0| 1
 3| 2008| 200| 2|21| 8| 75|A| 40| 2960|75,0| 0| 1
 3| 2008| 200| 2|21| 6| 89|A| 80| 2960|89,0| 0| 1
 3| 2008| 200| 2|21| 7| 74|A| 80| 2960|74,0| 0| 1
 3| 2008| 200| 2|21| 5| 67|A| 80| 2960|67,0| 0| 1
 3| 2008| 200| 2|21| 4| 80|A| 80| 2960|80,0| 0| 1
 3| 2008| 200| 2|21| 3| 79|A| 120| 2960|79,0| 0| 1
 3| 2008| 200| 2|21| 2| 72|A| 160| 2960|72,0| 0| 1
 3| 2008| 200| 2|21| 1| 79|A| 160| 2960|79,0| 0| 1
 3| 2008| 200| 2|21| 8| 68|A| 40| 2961|68,0| 0| 1
 3| 2008| 200| 2|21| 6| 67|A| 80| 2961|67,0| 0| 1
 3| 2008| 200| 2|21| 7| 96|A| 80| 2961|96,0| 0| 1
 3| 2008| 200| 2|21| 5| 55|R| 80| 2961|55,0| 0| 1
 3| 2008| 200| 2|21| 4| 56|R| 80| 2961|56,0| 0| 1
 3| 2008| 200| 2|21| 3| 52|R| 120| 2961|52,0| 0| 1
 3| 2008| 200| 2|21| 2| 41|R| 160| 2961|41,0| 0| 1
 3| 2008| 200| 2|21| 1| 43|R| 160| 2961|43,0| 0| 1
 3| 2008| 200| 2|21| 8| 75|A| 40| 2962|75,0| 0| 1
 3| 2008| 200| 2|21| 6| 85|A| 80| 2962|85,0| 0| 1
 3| 2008| 200| 2|21| 7| 79|A| 80| 2962|79,0| 0| 1
 3| 2008| 200| 2|21| 5| 80|A| 80| 2962|80,0| 0| 1
 3| 2008| 200| 2|21| 4| 82|A| 80| 2962|82,0| 0| 1
 3| 2008| 200| 2|21| 3| 88|A| 120| 2962|88,0| 0| 1
 3| 2008| 200| 2|21| 2| 76|A| 160| 2962|76,0| 0| 1
 3| 2008| 200| 2|21| 1| 77|A| 160| 2962|77,0| 0| 1
 3| 2008| 200| 3|31| 5| 67|A| 80| 720|67,0| 0| 1
 3| 2008| 200| 3|31| 8| 65|A| 40| 720|65,0| 0| 1
 3| 2008| 200| 3|31| 6| 69|A| 80| 720|69,0| 0| 1
 3| 2008| 200| 3|31| 7| 65|A| 80| 720|65,0| 0| 1
 3| 2008| 200| 3|31| 4| 63|A| 80| 720|63,0| 0| 1
 3| 2008| 200| 3|31| 3| 66|A| 120| 720|66,0| 0| 1
 3| 2008| 200| 3|31| 2| 68|A| 160| 720|68,0| 0| 1
 3| 2008| 200| 3|31| 1| 65|A| 160| 720|65,0| 0| 1
 3| 2008| 200| 3|31| 5| 87|A| 80| 1368|87,0| 0| 1
 3| 2008| 200| 3|31| 8| 87|A| 40| 1368|87,0| 0| 1
 3| 2008| 200| 3|31| 6| 94|A| 80| 1368|94,0| 0| 1
 3| 2008| 200| 3|31| 7| 86|A| 80| 1368|86,0| 0| 1
 3| 2008| 200| 3|31| 4| 81|A| 80| 1368|81,0| 0| 1
 3| 2008| 200| 3|31| 3| 69|A| 120| 1368|69,0| 0| 1
 3| 2008| 200| 3|31| 2| 75|A| 160| 1368|75,0| 0| 1
 3| 2008| 200| 3|31| 1| 74|A| 160| 1368|74,0| 0| 1
 3| 2008| 200| 3|31| 5| 97|A| 80| 2699|97,0| 0| 1
 3| 2008| 200| 3|31| 8| 87|A| 40| 2699|87,0| 0| 1
 3| 2008| 200| 3|31| 6| 98|A| 80| 2699|98,0| 0| 1
 3| 2008| 200| 3|31| 7| 88|A| 80| 2699|88,0| 0| 1
 3| 2008| 200| 3|31| 4| 90|A| 80| 2699|90,0| 0| 1
 3| 2008| 200| 3|31| 3| 82|A| 120| 2699|82,0| 0| 1
 3| 2008| 200| 3|31| 2| 88|A| 160| 2699|88,0| 0| 1
 3| 2008| 200| 3|31| 1| 79|A| 160| 2699|79,0| 0| 1
 3| 2008| 200| 3|31| 5| 72|A| 80| 2944|72,0| 0| 1
 3| 2008| 200| 3|31| 8| 62|A| 40| 2944|62,0| 0| 1
 3| 2008| 200| 3|31| 6| 68|A| 80| 2944|68,0| 0| 1
 3| 2008| 200| 3|31| 7| 72|A| 80| 2944|72,0| 0| 1
 3| 2008| 200| 3|31| 4| 64|A| 80| 2944|64,0| 0| 1
 3| 2008| 200| 3|31| 3| 66|A| 120| 2944|66,0| 0| 1
 3| 2008| 200| 3|31| 2| 60|A| 160| 2944|60,0| 0| 1
 3| 2008| 200| 3|31| 1| 65|A| 160| 2944|65,0| 0| 1
 3| 2008| 200| 3|31| 5| 87|A| 80| 2945|87,0| 0| 1
 3| 2008| 200| 3|31| 8| 88|A| 40| 2945|88,0| 0| 1
 3| 2008| 200| 3|31| 6| 98|A| 80| 2945|98,0| 0| 1
 3| 2008| 200| 3|31| 7| 94|A| 80| 2945|94,0| 0| 1
 3| 2008| 200| 3|31| 4| 88|A| 80| 2945|88,0| 0| 1
 3| 2008| 200| 3|31| 3| 93|A| 120| 2945|93,0| 0| 1
 3| 2008| 200| 3|31| 2| 91|A| 160| 2945|91,0| 0| 1
 3| 2008| 200| 3|31| 1| 88|A| 160| 2945|88,0| 0| 1
 3| 2008| 200| 3|31| 5| 61|A| 80| 2946|61,0| 0| 1
 3| 2008| 200| 3|31| 8| 67|A| 40| 2946|67,0| 0| 1
 3| 2008| 200| 3|31| 6| 71|A| 80| 2946|71,0| 0| 1
 3| 2008| 200| 3|31| 7| 64|A| 80| 2946|64,0| 0| 1
 3| 2008| 200| 3|31| 4| 62|A| 80| 2946|62,0| 0| 1
 3| 2008| 200| 3|31| 3| 60|A| 120| 2946|60,0| 0| 1
 3| 2008| 200| 3|31| 2| 62|A| 160| 2946|62,0| 0| 1
 3| 2008| 200| 3|31| 1| 62|A| 160| 2946|62,0| 0| 1
 3| 2008| 200| 3|31| 5| 64|A| 80| 2947|64,0| 0| 1
 3| 2008| 200| 3|31| 8| 65|A| 40| 2947|65,0| 0| 1
 3| 2008| 200| 3|31| 6| 65|A| 80| 2947|65,0| 0| 1
 3| 2008| 200| 3|31| 7| 64|A| 80| 2947|64,0| 0| 1
 3| 2008| 200| 3|31| 4| 64|A| 80| 2947|64,0| 0| 1
 3| 2008| 200| 3|31| 3| 63|A| 120| 2947|63,0| 0| 1
 3| 2008| 200| 3|31| 2| 61|A| 160| 2947|61,0| 0| 1
 3| 2008| 200| 3|31| 1| 60|A| 160| 2947|60,0| 0| 1
 3| 2008| 200| 3|31| 5| 61|A| 80| 3049|61,0| 0| 1
 3| 2008| 200| 3|31| 8| 64|A| 40| 3049|64,0| 0| 1
 3| 2008| 200| 3|31| 6| 65|A| 80| 3049|65,0| 0| 1
 3| 2008| 200| 3|31| 7| 68|A| 80| 3049|68,0| 0| 1
 3| 2008| 200| 3|31| 4| 65|A| 80| 3049|65,0| 0| 1
 3| 2008| 200| 3|31| 3| 64|A| 120| 3049|64,0| 0| 1
 3| 2008| 200| 3|31| 2| 61|A| 160| 3049|61,0| 0| 1
 3| 2008| 200| 3|31| 1| 64|A| 160| 3049|64,0| 0| 1
 3| 2008| 200| 3|31| 5| 86|A| 80| 3050|86,0| 0| 1
 3| 2008| 200| 3|31| 8| 75|A| 40| 3050|75,0| 0| 1
 3| 2008| 200| 3|31| 6| 77|A| 80| 3050|77,0| 0| 1
 3| 2008| 200| 3|31| 7| 75|A| 80| 3050|75,0| 0| 1
 3| 2008| 200| 3|31| 4| 70|A| 80| 3050|70,0| 0| 1
 3| 2008| 200| 3|31| 3| 77|A| 120| 3050|77,0| 0| 1
 3| 2008| 200| 3|31| 2| 78|A| 160| 3050|78,0| 0| 1
 3| 2008| 200| 3|31| 1| 78|A| 160| 3050|78,0| 0| 1
 3| 2008| 200| 3|31| 5| 82|A| 80| 3051|82,0| 0| 1
 3| 2008| 200| 3|31| 8| 80|A| 40| 3051|80,0| 0| 1
 3| 2008| 200| 3|31| 6| 78|A| 80| 3051|78,0| 0| 1
 3| 2008| 200| 3|31| 7| 83|A| 80| 3051|83,0| 0| 1
 3| 2008| 200| 3|31| 4| 64|A| 80| 3051|64,0| 0| 1
 3| 2008| 200| 3|31| 3| 79|A| 120| 3051|79,0| 0| 1
 3| 2008| 200| 3|31| 2| 77|A| 160| 3051|77,0| 0| 1
 3| 2008| 200| 3|31| 1| 82|A| 160| 3051|82,0| 0| 1
 3| 2008| 200| 3|31| 5| 82|A| 80| 3052|82,0| 0| 1
 3| 2008| 200| 3|31| 8| 83|A| 40| 3052|83,0| 0| 1
 3| 2008| 200| 3|31| 6| 86|A| 80| 3052|86,0| 0| 1
 3| 2008| 200| 3|31| 7| 78|A| 80| 3052|78,0| 0| 1
 3| 2008| 200| 3|31| 4| 69|A| 80| 3052|69,0| 0| 1
 3| 2008| 200| 3|31| 3| 72|A| 120| 3052|72,0| 0| 1
 3| 2008| 200| 3|31| 2| 76|A| 160| 3052|76,0| 0| 1
 3| 2008| 200| 3|31| 1| 84|A| 160| 3052|84,0| 0| 1
 3| 2008| 200| 3|31| 5| 78|A| 80| 3053|78,0| 0| 1
 3| 2008| 200| 3|31| 8| 88|A| 40| 3053|88,0| 0| 1
 3| 2008| 200| 3|31| 6| 96|A| 80| 3053|96,0| 0| 1
 3| 2008| 200| 3|31| 7| 86|A| 80| 3053|86,0| 0| 1
 3| 2008| 200| 3|31| 4| 72|A| 80| 3053|72,0| 0| 1
 3| 2008| 200| 3|31| 3| 88|A| 120| 3053|88,0| 0| 1
 3| 2008| 200| 3|31| 2| 72|A| 160| 3053|72,0| 0| 1
 3| 2008| 200| 3|31| 1| 88|A| 160| 3053|88,0| 0| 1
 4| 2008| 200| 2|21| 3| 50|R| 120| 2812|50,0| 0| 1
 4| 2008| 200| 2|21| 2| 51|R| 160| 2812|51,0| 0| 1
 4| 2008| 200| 2|21| 1| 53|R| 160| 2812|53,0| 0| 1
 4| 2008| 200| 2|21| 8| 80|A| 40| 2818|80,0| 0| 1
 4| 2008| 200| 2|21| 7| 79|A| 80| 2818|79,0| 0| 1
 4| 2008| 200| 2|21| 6| 83|A| 80| 2818|83,0| 0| 1
 4| 2008| 200| 2|21| 5| 48|R| 80| 2818|48,0| 0| 1
 4| 2008| 200| 2|21| 4| 57|R| 80| 2818|57,0| 0| 1
 4| 2008| 200| 2|21| 3| 48|R| 120| 2818|48,0| 0| 1
 4| 2008| 200| 2|21| 2| 39|R| 160| 2818|39,0| 0| 1
 4| 2008| 200| 2|21| 1| 42|R| 160| 2818|42,0| 0| 1
 4| 2008| 200| 2|21| 8| 78|A| 40| 2819|78,0| 0| 1
 4| 2008| 200| 2|21| 7| 81|A| 80| 2819|81,0| 0| 1
 4| 2008| 200| 2|21| 6| 73|A| 80| 2819|73,0| 0| 1
 4| 2008| 200| 2|21| 5| 57|R| 80| 2819|57,0| 0| 1
 4| 2008| 200| 2|21| 4| 53|R| 80| 2819|53,0| 0| 1
 4| 2008| 200| 2|21| 3| 45|R| 120| 2819|45,0| 0| 1
 4| 2008| 200| 2|21| 2| 51|R| 160| 2819|51,0| 0| 1
 4| 2008| 200| 2|21| 1| 40|R| 160| 2819|40,0| 0| 1
 4| 2008| 200| 2|21| 8| 86|A| 40| 2924|86,0| 0| 1
 4| 2008| 200| 2|21| 7| 88|A| 80| 2924|88,0| 0| 1
 4| 2008| 200| 2|21| 6| 80|A| 80| 2924|80,0| 0| 1
 4| 2008| 200| 2|21| 5| 89|A| 80| 2924|89,0| 0| 1
 4| 2008| 200| 2|21| 4| 86|A| 80| 2924|86,0| 0| 1
 4| 2008| 200| 2|21| 3| 82|A| 120| 2924|82,0| 0| 1
 4| 2008| 200| 2|21| 2| 76|A| 160| 2924|76,0| 0| 1
 4| 2008| 200| 2|21| 1| 80|A| 160| 2924|80,0| 0| 1
 4| 2008| 200| 2|21| 8| 75|A| 40| 2925|75,0| 0| 1
 4| 2008| 200| 2|21| 7| 83|A| 80| 2925|83,0| 0| 1
 4| 2008| 200| 2|21| 6| 73|A| 80| 2925|73,0| 0| 1
 4| 2008| 200| 2|21| 5| 94|A| 80| 2925|94,0| 0| 1
 4| 2008| 200| 2|21| 4| 90|A| 80| 2925|90,0| 0| 1
 4| 2008| 200| 2|21| 3| 77|A| 120| 2925|77,0| 0| 1
 4| 2008| 200| 2|21| 2| 75|A| 160| 2925|75,0| 0| 1
 4| 2008| 200| 2|21| 1| 84|A| 160| 2925|84,0| 0| 1
 4| 2008| 200| 2|21| 8| 81|A| 40| 2926|81,0| 0| 1
 4| 2008| 200| 2|21| 7| 91|A| 80| 2926|91,0| 0| 1
 4| 2008| 200| 2|21| 6| 81|A| 80| 2926|81,0| 0| 1
 4| 2008| 200| 2|21| 5| 93|A| 80| 2926|93,0| 0| 1
 4| 2008| 200| 2|21| 4| 79|A| 80| 2926|79,0| 0| 1
 4| 2008| 200| 2|21| 3| 83|A| 120| 2926|83,0| 0| 1
 4| 2008| 200| 2|21| 2| 62|A| 160| 2926|62,0| 0| 1
 4| 2008| 200| 2|21| 1| 82|A| 160| 2926|82,0| 0| 1
 4| 2008| 200| 2|21| 8| 84|A| 40| 2927|84,0| 0| 1
 4| 2008| 200| 2|21| 7| 85|A| 80| 2927|85,0| 0| 1
 4| 2008| 200| 2|21| 6| 86|A| 80| 2927|86,0| 0| 1
 4| 2008| 200| 2|21| 5| 73|A| 80| 2927|73,0| 0| 1
 4| 2008| 200| 2|21| 4| 77|A| 80| 2927|77,0| 0| 1
 4| 2008| 200| 2|21| 3| 70|A| 120| 2927|70,0| 0| 1
 4| 2008| 200| 2|21| 2| 71|A| 160| 2927|71,0| 0| 1
 4| 2008| 200| 2|21| 1| 78|A| 160| 2927|78,0| 0| 1
 4| 2008| 200| 2|21| 8| 93|A| 40| 2928|93,0| 0| 1
 4| 2008| 200| 2|21| 7| 91|A| 80| 2928|91,0| 0| 1
 4| 2008| 200| 2|21| 6| 94|A| 80| 2928|94,0| 0| 1
 4| 2008| 200| 2|21| 5| 95|A| 80| 2928|95,0| 0| 1
 4| 2008| 200| 2|21| 4| 96|A| 80| 2928|96,0| 0| 1
 4| 2008| 200| 2|21| 3| 95|A| 120| 2928|95,0| 0| 1
 4| 2008| 200| 2|21| 2| 100|A| 160| 2928|100,0| 0| 1
 4| 2008| 200| 2|21| 1| 96|A| 160| 2928|96,0| 0| 1
 4| 2008| 200| 2|21| 3| 0|R| 120| 2929|R| 0| 1
 4| 2008| 200| 2|21| 4| 0|R| 80| 2929|R| 0| 1
 4| 2008| 200| 2|21| 2| 0|R| 160| 2929|R| 0| 1
 4| 2008| 200| 2|21| 8| 87|A| 40| 3043|87,0| 0| 1
 4| 2008| 200| 2|21| 7| 83|A| 80| 3043|83,0| 0| 1
 4| 2008| 200| 2|21| 6| 68|A| 80| 3043|68,0| 0| 1
 4| 2008| 200| 2|21| 5| 46|R| 80| 3043|46,0| 0| 1
 4| 2008| 200| 2|21| 3| 34|R| 120| 3043|34,0| 0| 1
 4| 2008| 200| 2|21| 1| 43|R| 160| 3043|43,0| 0| 1
 4| 2008| 200| 2|21| 4| 38|R| 80| 3043|38,0| 0| 1
 4| 2008| 200| 2|21| 2| 39|R| 160| 3043|39,0| 0| 1
 2| 2008| 200| 2|21| 8| 66|A| 40| 2796|66,0| 0| 1
 2| 2008| 200| 2|21| 6| 64|A| 80| 2796|64,0| 0| 1
 2| 2008| 200| 2|21| 7| 87|A| 80| 2796|87,0| 0| 1
 2| 2008| 200| 2|21| 5| 78|A| 80| 2796|78,0| 0| 1
 2| 2008| 200| 2|21| 4| 66|A| 80| 2796|66,0| 0| 1
 2| 2008| 200| 2|21| 3| 75|A| 120| 2796|75,0| 0| 1
 2| 2008| 200| 2|21| 2| 68|A| 160| 2796|68,0| 0| 1
 2| 2008| 200| 2|21| 1| 64|A| 160| 2796|64,0| 0| 1
 2| 2008| 200| 2|21| 8| 62|A| 40| 2798|62,0| 0| 1
 2| 2008| 200| 2|21| 6| 62|A| 80| 2798|62,0| 0| 1
 2| 2008| 200| 2|21| 7| 72|A| 80| 2798|72,0| 0| 1
 2| 2008| 200| 2|21| 5| 60|A| 80| 2798|60,0| 0| 1
 2| 2008| 200| 2|21| 4| 62|A| 80| 2798|62,0| 0| 1
 2| 2008| 200| 2|21| 3| 62|A| 120| 2798|62,0| 0| 1
 2| 2008| 200| 2|21| 2| 60|A| 160| 2798|60,0| 0| 1
 2| 2008| 200| 2|21| 1| 60|A| 160| 2798|60,0| 0| 1
 2| 2008| 200| 2|21| 8| 44|R| 40| 3012|44,0| 0| 1
 2| 2008| 200| 2|21| 6| 42|R| 80| 3012|42,0| 0| 1
 2| 2008| 200| 2|21| 7| 47|R| 80| 3012|47,0| 0| 1
 2| 2008| 200| 2|21| 5| 50|R| 80| 3012|50,0| 0| 1
 2| 2008| 200| 2|21| 4| 43|R| 80| 3012|43,0| 0| 1
 2| 2008| 200| 2|21| 3| 50|R| 120| 3012|50,0| 0| 1
 2| 2008| 200| 2|21| 2| 42|R| 160| 3012|42,0| 0| 1
 2| 2008| 200| 2|21| 1| 42|R| 160| 3012|42,0| 0| 1
 2| 2008| 200| 2|21| 8| 80|A| 40| 3013|80,0| 0| 1
 2| 2008| 200| 2|21| 6| 82|A| 80| 3013|82,0| 0| 1
 2| 2008| 200| 2|21| 7| 87|A| 80| 3013|87,0| 0| 1
 2| 2008| 200| 2|21| 5| 76|A| 80| 3013|76,0| 0| 1
 2| 2008| 200| 2|21| 4| 74|A| 80| 3013|74,0| 0| 1
 2| 2008| 200| 2|21| 3| 74|A| 120| 3013|74,0| 0| 1
 2| 2008| 200| 2|21| 2| 64|A| 160| 3013|64,0| 0| 1
 2| 2008| 200| 2|21| 1| 62|A| 160| 3013|62,0| 0| 1
 2| 2008| 200| 2|21| 8| 81|A| 40| 3014|81,0| 0| 1
 2| 2008| 200| 2|21| 6| 72|A| 80| 3014|72,0| 0| 1
 2| 2008| 200| 2|21| 7| 80|A| 80| 3014|80,0| 0| 1
 2| 2008| 200| 2|21| 5| 68|A| 80| 3014|68,0| 0| 1
 2| 2008| 200| 2|21| 4| 66|A| 80| 3014|66,0| 0| 1
 2| 2008| 200| 2|21| 3| 63|A| 120| 3014|63,0| 0| 1
 2| 2008| 200| 2|21| 2| 62|A| 160| 3014|62,0| 0| 1
 2| 2008| 200| 2|21| 1| 68|A| 160| 3014|68,0| 0| 1
 2| 2008| 200| 2|21| 8| 64|A| 40| 3015|64,0| 0| 1
 2| 2008| 200| 2|21| 2| 64|A| 160| 3019|64,0| 0| 1
 2| 2008| 200| 2|21| 1| 68|A| 160| 3019|68,0| 0| 1
 2| 2008| 200| 2|21| 8| 82|A| 40| 3020|82,0| 0| 1
 2| 2008| 200| 2|21| 6| 78|A| 80| 3020|78,0| 0| 1
 2| 2008| 200| 2|21| 7| 97|A| 80| 3020|97,0| 0| 1
 2| 2008| 200| 2|21| 5| 64|A| 80| 3020|64,0| 0| 1
 2| 2008| 200| 2|21| 4| 76|A| 80| 3020|76,0| 0| 1
 2| 2008| 200| 2|21| 3| 74|A| 120| 3020|74,0| 0| 1
 2| 2008| 200| 2|21| 2| 62|A| 160| 3020|62,0| 0| 1
 2| 2008| 200| 2|21| 1| 68|A| 160| 3020|68,0| 0| 1
 2| 2008| 200| 2|21| 8| 88|A| 40| 3021|88,0| 0| 1
 2| 2008| 200| 2|21| 6| 78|A| 80| 3021|78,0| 0| 1
 2| 2008| 200| 2|21| 7| 88|A| 80| 3021|88,0| 0| 1
 2| 2008| 200| 2|21| 5| 80|A| 80| 3021|80,0| 0| 1
 2| 2008| 200| 2|21| 4| 74|A| 80| 3021|74,0| 0| 1
 2| 2008| 200| 2|21| 3| 76|A| 120| 3021|76,0| 0| 1
 2| 2008| 200| 2|21| 2| 66|A| 160| 3021|66,0| 0| 1
 2| 2008| 200| 2|21| 1| 62|A| 160| 3021|62,0| 0| 1
 2| 2008| 200| 2|21| 8| 18|R| 40| 3046|18,0| 0| 1
 2| 2008| 200| 2|21| 6| 20|R| 80| 3046|20,0| 0| 1
 2| 2008| 200| 2|21| 7| 26|R| 80| 3046|26,0| 0| 1
 2| 2008| 200| 2|21| 5| 18|R| 80| 3046|18,0| 0| 1
 2| 2008| 200| 2|21| 4| 18|R| 80| 3046|18,0| 0| 1
 2| 2008| 200| 2|21| 3| 20|R| 120| 3046|20,0| 0| 1
 2| 2008| 200| 2|21| 2| 18|R| 160| 3046|18,0| 0| 1
 2| 2008| 200| 2|21| 1| 18|R| 160| 3046|18,0| 0| 1
 2| 2008| 800| 9|11| 1| 0|R| 179| 3008|R| 0| 1
 2| 2008| 800| 9|11| 1| 0|R| 179| 3009|R| 0| 1
 2| 2008| 800| 9|11| 1| 0|R| 179| 3010|R| 0| 1
 2| 2008| 800| 9|11| 1| 0|R| 179| 3011|R| 0| 1
 2| 2008| 800| 9|11| 1| 0|R| 179| 3045|R| 0| 1
 2| 2008| 800| 9|11| 1| 0|R| 179| 3056|R| 0| 1
 2| 2008| 200| 3|31| 8| 24|R| 40| 2188|24,0| 0| 1
 2| 2008| 200| 3|31| 6| 24|R| 80| 2188|24,0| 0| 1
 2| 2008| 200| 3|31| 7| 20|R| 80| 2188|20,0| 0| 1
 2| 2008| 200| 3|31| 5| 18|R| 80| 2188|18,0| 0| 1
 2| 2008| 200| 3|31| 4| 18|R| 80| 2188|18,0| 0| 1
 3| 2008| 200| 3|31| 5| 88|A| 80| 3054|88,0| 0| 1
 3| 2008| 200| 3|31| 8| 83|A| 40| 3054|83,0| 0| 1
 3| 2008| 200| 3|31| 6| 92|A| 80| 3054|92,0| 0| 1
 3| 2008| 200| 3|31| 7| 82|A| 80| 3054|82,0| 0| 1
 3| 2008| 200| 3|31| 4| 75|A| 80| 3054|75,0| 0| 1
 3| 2008| 200| 3|31| 3| 72|A| 120| 3054|72,0| 0| 1
 3| 2008| 200| 3|31| 2| 64|A| 160| 3054|64,0| 0| 1
 3| 2008| 200| 3|31| 1| 86|A| 160| 3054|86,0| 0| 1
 3| 2008| 200| 4|41| 8| 72|A| 40| 1372|72,0| 0| 1
 3| 2008| 200| 4|41| 6| 74|A| 80| 1372|74,0| 0| 1
 3| 2008| 200| 4|41| 7| 76|A| 80| 1372|76,0| 0| 1
 3| 2008| 200| 4|41| 5| 83|A| 80| 1372|83,0| 0| 1
 3| 2008| 200| 4|41| 4| 80|A| 80| 1372|80,0| 0| 1
 3| 2008| 200| 4|41| 3| 71|A| 120| 1372|71,0| 0| 1
 3| 2008| 200| 4|41| 2| 72|A| 160| 1372|72,0| 0| 1
 3| 2008| 200| 4|41| 1| 75|A| 160| 1372|75,0| 0| 1
 3| 2008| 200| 4|41| 8| 25|R| 40| 2963|25,0| 0| 1
 3| 2008| 200| 4|41| 6| 23|R| 80| 2963|23,0| 0| 1
 3| 2008| 200| 4|41| 7| 26|R| 80| 2963|26,0| 0| 1
 3| 2008| 200| 4|41| 5| 24|R| 80| 2963|24,0| 0| 1
 3| 2008| 200| 4|41| 4| 25|R| 80| 2963|25,0| 0| 1
 3| 2008| 200| 4|41| 3| 24|R| 120| 2963|24,0| 0| 1
 3| 2008| 200| 4|41| 2| 26|R| 160| 2963|26,0| 0| 1
 3| 2008| 200| 4|41| 1| 0|R| 160| 2963|R| 0| 1
 3| 2008| 200| 4|41| 8| 76|A| 40| 2964|76,0| 0| 1
 3| 2008| 200| 4|41| 6| 78|A| 80| 2964|78,0| 0| 1
 3| 2008| 200| 4|41| 7| 79|A| 80| 2964|79,0| 0| 1
 3| 2008| 200| 4|41| 5| 83|A| 80| 2964|83,0| 0| 1
 3| 2008| 200| 4|41| 4| 86|A| 80| 2964|86,0| 0| 1
 3| 2008| 200| 4|41| 3| 81|A| 120| 2964|81,0| 0| 1
 3| 2008| 200| 4|41| 2| 72|A| 160| 2964|72,0| 0| 1
 3| 2008| 200| 4|41| 1| 75|A| 160| 2964|75,0| 0| 1
 3| 2008| 200| 4|41| 8| 72|A| 40| 2965|72,0| 0| 1
 3| 2008| 200| 4|41| 6| 76|A| 80| 2965|76,0| 0| 1
 3| 2008| 200| 4|41| 7| 76|A| 80| 2965|76,0| 0| 1
 3| 2008| 200| 4|41| 5| 79|A| 80| 2965|79,0| 0| 1
 3| 2008| 200| 4|41| 4| 78|A| 80| 2965|78,0| 0| 1
 3| 2008| 200| 4|41| 3| 64|A| 120| 2965|64,0| 0| 1
 3| 2008| 200| 4|41| 2| 84|A| 160| 2965|84,0| 0| 1
 3| 2008| 200| 4|41| 1| 66|A| 160| 2965|66,0| 0| 1
 3| 2008| 200| 4|41| 8| 75|A| 40| 2966|75,0| 0| 1
 3| 2008| 200| 4|41| 6| 75|A| 80| 2966|75,0| 0| 1
 3| 2008| 200| 4|41| 7| 72|A| 80| 2966|72,0| 0| 1
 3| 2008| 200| 4|41| 5| 74|A| 80| 2966|74,0| 0| 1
 3| 2008| 200| 4|41| 4| 65|A| 80| 2966|65,0| 0| 1
 3| 2008| 200| 4|41| 3| 69|A| 120| 2966|69,0| 0| 1
 3| 2008| 200| 4|41| 2| 64|A| 160| 2966|64,0| 0| 1
 3| 2008| 200| 4|41| 1| 61|A| 160| 2966|61,0| 0| 1
 3| 2008| 200| 4|41| 8| 70|A| 40| 2967|70,0| 0| 1
 3| 2008| 200| 4|41| 6| 70|A| 80| 2967|70,0| 0| 1
 3| 2008| 200| 4|41| 7| 69|A| 80| 2967|69,0| 0| 1
 3| 2008| 200| 4|41| 5| 63|A| 80| 2967|63,0| 0| 1
 3| 2008| 200| 4|41| 4| 62|A| 80| 2967|62,0| 0| 1
 3| 2008| 200| 4|41| 3| 64|A| 120| 2967|64,0| 0| 1
 3| 2008| 200| 4|41| 2| 63|A| 160| 2967|63,0| 0| 1
 3| 2008| 200| 4|41| 1| 66|A| 160| 2967|66,0| 0| 1
 4| 2008| 800| 3|31| 8| 68|A| 40| 2131|68,0| 0| 1
 4| 2008| 800| 3|31| 7| 66|A| 80| 2131|66,0| 0| 1
 4| 2008| 800| 3|31| 6| 66|A| 80| 2131|66,0| 0| 1
 4| 2008| 800| 3|31| 5| 64|A| 80| 2131|64,0| 0| 1
 4| 2008| 800| 3|31| 4| 76|A| 80| 2131|76,0| 0| 1
 4| 2008| 800| 3|31| 3| 61|A| 120| 2131|61,0| 0| 1
 4| 2008| 800| 3|31| 2| 57|R| 160| 2131|57,0| 0| 1
 4| 2008| 800| 3|31| 1| 41|R| 160| 2131|41,0| 0| 1
 4| 2008| 800| 3|31| 8| 76|A| 40| 2807|76,0| 0| 1
 4| 2008| 800| 3|31| 7| 75|A| 80| 2807|75,0| 0| 1
 4| 2008| 800| 3|31| 6| 79|A| 80| 2807|79,0| 0| 1
 4| 2008| 800| 3|31| 5| 85|A| 80| 2807|85,0| 0| 1
 4| 2008| 800| 3|31| 4| 69|A| 80| 2807|69,0| 0| 1
 4| 2008| 800| 3|31| 3| 92|A| 120| 2807|92,0| 0| 1
 4| 2008| 800| 3|31| 2| 63|A| 160| 2807|63,0| 0| 1
 4| 2008| 800| 3|31| 1| 68|A| 160| 2807|68,0| 0| 1
 4| 2008| 800| 3|31| 8| 76|A| 40| 2816|76,0| 0| 1
 4| 2008| 800| 3|31| 7| 77|A| 80| 2816|77,0| 0| 1
 4| 2008| 800| 3|31| 6| 72|A| 80| 2816|72,0| 0| 1
 4| 2008| 800| 3|31| 5| 78|A| 80| 2816|78,0| 0| 1
 4| 2008| 800| 3|31| 4| 65|A| 80| 2816|65,0| 0| 1
 4| 2008| 800| 3|31| 3| 75|A| 120| 2816|75,0| 0| 1
 4| 2008| 800| 3|31| 2| 66|A| 160| 2816|66,0| 0| 1
 4| 2008| 800| 3|31| 1| 60|A| 160| 2816|60,0| 0| 1
 4| 2008| 800| 3|31| 8| 67|A| 40| 2817|67,0| 0| 1
 4| 2008| 800| 3|31| 7| 65|A| 80| 2817|65,0| 0| 1
 4| 2008| 800| 3|31| 6| 75|A| 80| 2817|75,0| 0| 1
 4| 2008| 800| 3|31| 5| 69|A| 80| 2817|69,0| 0| 1
 4| 2008| 800| 3|31| 4| 74|A| 80| 2817|74,0| 0| 1
 4| 2008| 800| 3|31| 3| 60|A| 120| 2817|60,0| 0| 1
 4| 2008| 800| 3|31| 2| 48|R| 160| 2817|48,0| 0| 1
 4| 2008| 800| 3|31| 1| 52|R| 160| 2817|52,0| 0| 1
 4| 2008| 800| 3|31| 8| 99|A| 40| 2930|99,0| 0| 1
 4| 2008| 800| 3|31| 7| 94|A| 80| 2930|94,0| 0| 1
 4| 2008| 800| 3|31| 6| 97|A| 80| 2930|97,0| 0| 1
 4| 2008| 800| 3|31| 5| 96|A| 80| 2930|96,0| 0| 1
 4| 2008| 800| 3|31| 4| 100|A| 80| 2930|100,0| 0| 1
 4| 2008| 800| 3|31| 3| 90|A| 120| 2930|90,0| 0| 1
 4| 2008| 800| 3|31| 2| 95|A| 160| 2930|95,0| 0| 1
 4| 2008| 800| 3|31| 1| 91|A| 160| 2930|91,0| 0| 1
 4| 2008| 800| 3|31| 8| 74|A| 40| 2931|74,0| 0| 1
 4| 2008| 800| 3|31| 7| 76|A| 80| 2931|76,0| 0| 1
 4| 2008| 800| 3|31| 6| 75|A| 80| 2931|75,0| 0| 1
 4| 2008| 800| 3|31| 5| 89|A| 80| 2931|89,0| 0| 1
 4| 2008| 800| 3|31| 4| 75|A| 80| 2931|75,0| 0| 1
 4| 2008| 800| 3|31| 3| 74|A| 120| 2931|74,0| 0| 1
 4| 2008| 800| 3|31| 2| 60|A| 160| 2931|60,0| 0| 1
 4| 2008| 800| 3|31| 1| 68|A| 160| 2931|68,0| 0| 1
 4| 2008| 800| 3|31| 8| 81|A| 40| 2932|81,0| 0| 1
 4| 2008| 800| 3|31| 7| 81|A| 80| 2932|81,0| 0| 1
 4| 2008| 800| 3|31| 6| 78|A| 80| 2932|78,0| 0| 1
 4| 2008| 800| 3|31| 5| 67|A| 80| 2932|67,0| 0| 1
 4| 2008| 800| 3|31| 4| 72|A| 80| 2932|72,0| 0| 1
 4| 2008| 800| 3|31| 3| 68|A| 120| 2932|68,0| 0| 1
 4| 2008| 800| 3|31| 2| 64|A| 160| 2932|64,0| 0| 1
 4| 2008| 800| 3|31| 1| 67|A| 160| 2932|67,0| 0| 1
 4| 2008| 800| 3|31| 8| 72|A| 40| 2933|72,0| 0| 1
 4| 2008| 800| 3|31| 7| 69|A| 80| 2933|69,0| 0| 1
 4| 2008| 800| 3|31| 6| 74|A| 80| 2933|74,0| 0| 1
 4| 2008| 800| 3|31| 5| 79|A| 80| 2933|79,0| 0| 1
 4| 2008| 800| 3|31| 4| 68|A| 80| 2933|68,0| 0| 1
 4| 2008| 800| 3|31| 3| 76|A| 120| 2933|76,0| 0| 1
 4| 2008| 800| 3|31| 2| 66|A| 160| 2933|66,0| 0| 1
 4| 2008| 800| 3|31| 1| 61|A| 160| 2933|61,0| 0| 1
 4| 2008| 800| 3|31| 8| 80|A| 40| 2936|80,0| 0| 1
 4| 2008| 800| 3|31| 7| 82|A| 80| 2936|82,0| 0| 1
 4| 2008| 800| 3|31| 6| 83|A| 80| 2936|83,0| 0| 1
 4| 2008| 800| 3|31| 5| 79|A| 80| 2936|79,0| 0| 1
 4| 2008| 800| 3|31| 4| 78|A| 80| 2936|78,0| 0| 1
 4| 2008| 800| 3|31| 3| 70|A| 120| 2936|70,0| 0| 1
 4| 2008| 800| 3|31| 2| 65|A| 160| 2936|65,0| 0| 1
 4| 2008| 800| 3|31| 1| 69|A| 160| 2936|69,0| 0| 1
 4| 2008| 800| 3|31| 8| 97|A| 40| 2937|97,0| 0| 1
 4| 2008| 800| 3|31| 7| 93|A| 80| 2937|93,0| 0| 1
 4| 2008| 800| 3|31| 6| 87|A| 80| 2937|87,0| 0| 1
 4| 2008| 800| 3|31| 5| 97|A| 80| 2937|97,0| 0| 1
 4| 2008| 800| 3|31| 4| 88|A| 80| 2937|88,0| 0| 1
 4| 2008| 800| 3|31| 3| 95|A| 120| 2937|95,0| 0| 1
 4| 2008| 800| 3|31| 2| 85|A| 160| 2937|85,0| 0| 1
 4| 2008| 800| 3|31| 1| 84|A| 160| 2937|84,0| 0| 1
 4| 2008| 800| 3|31| 8| 98|A| 40| 2938|98,0| 0| 1
 4| 2008| 800| 3|31| 7| 96|A| 80| 2938|96,0| 0| 1
 4| 2008| 800| 3|31| 6| 96|A| 80| 2938|96,0| 0| 1
 4| 2008| 800| 3|31| 5| 95|A| 80| 2938|95,0| 0| 1
 4| 2008| 800| 3|31| 4| 92|A| 80| 2938|92,0| 0| 1
 4| 2008| 800| 3|31| 3| 94|A| 120| 2938|94,0| 0| 1
 4| 2008| 800| 3|31| 2| 92|A| 160| 2938|92,0| 0| 1
 4| 2008| 800| 3|31| 1| 83|A| 160| 2938|83,0| 0| 1
 4| 2008| 800| 3|31| 8| 77|A| 40| 2939|77,0| 0| 1
 4| 2008| 800| 3|31| 7| 75|A| 80| 2939|75,0| 0| 1
 4| 2008| 800| 3|31| 6| 76|A| 80| 2939|76,0| 0| 1
 4| 2008| 800| 3|31| 5| 78|A| 80| 2939|78,0| 0| 1
 4| 2008| 800| 3|31| 4| 66|A| 80| 2939|66,0| 0| 1
 4| 2008| 800| 3|31| 3| 67|A| 120| 2939|67,0| 0| 1
 4| 2008| 800| 3|31| 2| 77|A| 160| 2939|77,0| 0| 1
 4| 2008| 800| 3|31| 1| 66|A| 160| 2939|66,0| 0| 1
 4| 2008| 800| 3|31| 8| 75|A| 40| 2940|75,0| 0| 1
 4| 2008| 800| 3|31| 7| 78|A| 80| 2940|78,0| 0| 1
 4| 2008| 800| 3|31| 6| 72|A| 80| 2940|72,0| 0| 1
 4| 2008| 800| 3|31| 5| 75|A| 80| 2940|75,0| 0| 1
 4| 2008| 800| 3|31| 4| 62|A| 80| 2940|62,0| 0| 1
 4| 2008| 800| 3|31| 3| 60|A| 120| 2940|60,0| 0| 1
 4| 2008| 800| 3|31| 2| 51|R| 160| 2940|51,0| 0| 1
 4| 2008| 800| 3|31| 1| 46|R| 160| 2940|46,0| 0| 1
 4| 2008| 800| 3|31| 8| 99|A| 40| 2941|99,0| 0| 1
 4| 2008| 800| 3|31| 7| 98|A| 80| 2941|98,0| 0| 1
 4| 2008| 800| 3|31| 6| 98|A| 80| 2941|98,0| 0| 1
 4| 2008| 800| 3|31| 5| 100|A| 80| 2941|100,0| 0| 1
 4| 2008| 800| 3|31| 4| 96|A| 80| 2941|96,0| 0| 1
 4| 2008| 800| 3|31| 3| 89|A| 120| 2941|89,0| 0| 1
 4| 2008| 800| 3|31| 2| 96|A| 160| 2941|96,0| 0| 1
 4| 2008| 800| 3|31| 1| 91|A| 160| 2941|91,0| 0| 1
 4| 2008| 800| 3|31| 8| 76|A| 40| 2942|76,0| 0| 1
 4| 2008| 800| 3|31| 7| 75|A| 80| 2942|75,0| 0| 1
 4| 2008| 800| 3|31| 6| 72|A| 80| 2942|72,0| 0| 1
 4| 2008| 800| 3|31| 5| 69|A| 80| 2942|69,0| 0| 1
 4| 2008| 800| 3|31| 4| 65|A| 80| 2942|65,0| 0| 1
 4| 2008| 800| 3|31| 3| 58|R| 120| 2942|58,0| 0| 1
 4| 2008| 800| 3|31| 2| 49|R| 160| 2942|49,0| 0| 1
 4| 2008| 800| 3|31| 1| 56|R| 160| 2942|56,0| 0| 1
 4| 2008| 800| 3|31| 8| 85|A| 40| 3044|85,0| 0| 1
 4| 2008| 800| 3|31| 6| 81|A| 80| 3044|81,0| 0| 1
 4| 2008| 800| 3|31| 7| 83|A| 80| 3044|83,0| 0| 1
 4| 2008| 800| 3|31| 5| 72|A| 80| 3044|72,0| 0| 1
 4| 2008| 800| 3|31| 4| 73|A| 80| 3044|73,0| 0| 1
 4| 2008| 800| 3|31| 3| 51|R| 120| 3044|51,0| 0| 1
 4| 2008| 800| 3|31| 2| 33|R| 160| 3044|33,0| 0| 1
 4| 2008| 800| 3|31| 1| 36|R| 160| 3044|36,0| 0| 1
 4| 2008| 200| 4|41| 6| 85|A| 80| 1373|85,0| 0| 1
 4| 2008| 200| 4|41| 5| 74|A| 80| 1373|74,0| 0| 1
 4| 2008| 200| 4|41| 4| 89|A| 80| 1373|89,0| 0| 1
 4| 2008| 200| 4|41| 8| 89|A| 40| 1373|89,0| 0| 1
 4| 2008| 200| 4|41| 7| 91|A| 80| 1373|91,0| 0| 1
 4| 2008| 200| 4|41| 3| 84|A| 120| 1373|84,0| 0| 1
 4| 2008| 200| 4|41| 2| 62|A| 160| 1373|62,0| 0| 1
 4| 2008| 200| 4|41| 1| 61|A| 160| 1373|61,0| 0| 1
 4| 2008| 200| 4|41| 6| 86|A| 80| 2814|86,0| 0| 1
 4| 2008| 200| 4|41| 5| 85|A| 80| 2814|85,0| 0| 1
 4| 2008| 200| 4|41| 8| 87|A| 40| 2814|87,0| 0| 1
 4| 2008| 200| 4|41| 7| 92|A| 80| 2814|92,0| 0| 1
 4| 2008| 200| 4|41| 4| 85|A| 80| 2814|85,0| 0| 1
 4| 2008| 200| 4|41| 3| 94|A| 120| 2814|94,0| 0| 1
 4| 2008| 200| 4|41| 2| 84|A| 160| 2814|84,0| 0| 1
 4| 2008| 200| 4|41| 1| 84|A| 160| 2814|84,0| 0| 1
 4| 2008| 200| 4|41| 6| 81|A| 80| 2815|81,0| 0| 1
 4| 2008| 200| 4|41| 5| 96|A| 80| 2815|96,0| 0| 1
 4| 2008| 200| 4|41| 8| 84|A| 40| 2815|84,0| 0| 1
 4| 2008| 200| 4|41| 7| 83|A| 80| 2815|83,0| 0| 1
 4| 2008| 200| 4|41| 4| 91|A| 80| 2815|91,0| 0| 1
 4| 2008| 200| 4|41| 3| 90|A| 120| 2815|90,0| 0| 1
 4| 2008| 200| 4|41| 2| 74|A| 160| 2815|74,0| 0| 1
 4| 2008| 200| 4|41| 1| 75|A| 160| 2815|75,0| 0| 1
 4| 2008| 200| 4|41| 6| 81|A| 80| 2821|81,0| 0| 1
 4| 2008| 200| 4|41| 5| 87|A| 80| 2821|87,0| 0| 1
 4| 2008| 200| 4|41| 8| 86|A| 40| 2821|86,0| 0| 1
 4| 2008| 200| 4|41| 7| 91|A| 80| 2821|91,0| 0| 1
 4| 2008| 200| 4|41| 4| 93|A| 80| 2821|93,0| 0| 1
 4| 2008| 200| 4|41| 3| 93|A| 120| 2821|93,0| 0| 1
 4| 2008| 200| 4|41| 2| 69|A| 160| 2821|69,0| 0| 1
 4| 2008| 200| 4|41| 1| 79|A| 160| 2821|79,0| 0| 1
 4| 2008| 200| 4|41| 6| 91|A| 80| 2824|91,0| 0| 1
 4| 2008| 200| 4|41| 5| 100|A| 80| 2824|100,0| 0| 1
 4| 2008| 200| 4|41| 4| 100|A| 80| 2824|100,0| 0| 1
 4| 2008| 200| 4|41| 8| 94|A| 40| 2824|94,0| 0| 1
 4| 2008| 200| 4|41| 7| 95|A| 80| 2824|95,0| 0| 1
 4| 2008| 200| 4|41| 3| 100|A| 120| 2824|100,0| 0| 1
 4| 2008| 200| 4|41| 2| 96|A| 160| 2824|96,0| 0| 1
 4| 2008| 200| 4|41| 1| 93|A| 160| 2824|93,0| 0| 1
 4| 2008| 200| 4|41| 6| 91|A| 80| 2825|91,0| 0| 1
 4| 2008| 200| 4|41| 5| 98|A| 80| 2825|98,0| 0| 1
 4| 2008| 200| 4|41| 4| 98|A| 80| 2825|98,0| 0| 1
 4| 2008| 200| 4|41| 8| 94|A| 40| 2825|94,0| 0| 1
 4| 2008| 200| 4|41| 7| 95|A| 80| 2825|95,0| 0| 1
 4| 2008| 200| 4|41| 3| 98|A| 120| 2825|98,0| 0| 1
 4| 2008| 200| 4|41| 2| 90|A| 160| 2825|90,0| 0| 1
 4| 2008| 200| 4|41| 1| 86|A| 160| 2825|86,0| 0| 1
 4| 2008| 200| 4|41| 6| 52|R| 80| 2826|52,0| 0| 1
 4| 2008| 200| 4|41| 5| 50|R| 80| 2826|50,0| 0| 1
 4| 2008| 200| 4|41| 4| 50|R| 80| 2826|50,0| 0| 1
 4| 2008| 200| 4|41| 8| 40|R| 40| 2826|40,0| 0| 1
 4| 2008| 200| 4|41| 7| 48|R| 80| 2826|48,0| 0| 1
 4| 2008| 200| 4|41| 3| 52|R| 120| 2826|52,0| 0| 1
 4| 2008| 200| 4|41| 2| 22|R| 160| 2826|22,0| 0| 1
 4| 2008| 200| 4|41| 1| 21|R| 160| 2826|21,0| 0| 1
 4| 2008| 200| 4|41| 6| 79|A| 80| 2884|79,0| 0| 1
 4| 2008| 200| 4|41| 5| 81|A| 80| 2884|81,0| 0| 1
 4| 2008| 200| 4|41| 8| 87|A| 40| 2884|87,0| 0| 1
 4| 2008| 200| 4|41| 7| 90|A| 80| 2884|90,0| 0| 1
 4| 2008| 200| 4|41| 4| 81|A| 80| 2884|81,0| 0| 1
 4| 2008| 200| 4|41| 3| 90|A| 120| 2884|90,0| 0| 1
 4| 2008| 200| 4|41| 2| 73|A| 160| 2884|73,0| 0| 1
 4| 2008| 200| 4|41| 1| 77|A| 160| 2884|77,0| 0| 1
 4| 2008| 200| 4|41| 6| 87|A| 80| 2886|87,0| 0| 1
 4| 2008| 200| 4|41| 5| 81|A| 80| 2886|81,0| 0| 1
 4| 2008| 200| 4|41| 8| 89|A| 40| 2886|89,0| 0| 1
 4| 2008| 200| 4|41| 7| 86|A| 80| 2886|86,0| 0| 1
 4| 2008| 200| 4|41| 4| 83|A| 80| 2886|83,0| 0| 1
 4| 2008| 200| 4|41| 3| 70|A| 120| 2886|70,0| 0| 1
 4| 2008| 200| 4|41| 2| 60|A| 160| 2886|60,0| 0| 1
 4| 2008| 200| 4|41| 1| 75|A| 160| 2886|75,0| 0| 1
 4| 2008| 200| 4|41| 6| 44|R| 80| 2891|44,0| 0| 1
 4| 2008| 200| 4|41| 5| 56|R| 80| 2891|56,0| 0| 1
 4| 2008| 200| 4|41| 8| 42|R| 40| 2891|42,0| 0| 1
 4| 2008| 200| 4|41| 7| 40|R| 80| 2891|40,0| 0| 1
 4| 2008| 200| 4|41| 4| 36|R| 80| 2891|36,0| 0| 1
 4| 2008| 200| 4|41| 3| 31|R| 120| 2891|31,0| 0| 1
 4| 2008| 200| 4|41| 2| 30|R| 160| 2891|30,0| 0| 1
 4| 2008| 200| 4|41| 1| 40|R| 160| 2891|40,0| 0| 1
 4| 2008| 200| 4|41| 6| 83|A| 80| 2892|83,0| 0| 1
 4| 2008| 200| 4|41| 5| 84|A| 80| 2892|84,0| 0| 1
 4| 2008| 200| 4|41| 4| 84|A| 80| 2892|84,0| 0| 1
 4| 2008| 200| 4|41| 8| 81|A| 40| 2892|81,0| 0| 1
 4| 2008| 200| 4|41| 7| 86|A| 80| 2892|86,0| 0| 1
 4| 2008| 200| 4|41| 3| 74|A| 120| 2892|74,0| 0| 1
 4| 2008| 200| 4|41| 2| 65|A| 160| 2892|65,0| 0| 1
 4| 2008| 200| 4|41| 1| 74|A| 160| 2892|74,0| 0| 1
 4| 2008| 200| 4|41| 6| 87|A| 80| 2893|87,0| 0| 1
 4| 2008| 200| 4|41| 5| 93|A| 80| 2893|93,0| 0| 1
 4| 2008| 200| 4|41| 4| 90|A| 80| 2893|90,0| 0| 1
 4| 2008| 200| 4|41| 8| 93|A| 40| 2893|93,0| 0| 1
 4| 2008| 200| 4|41| 7| 93|A| 80| 2893|93,0| 0| 1
 4| 2008| 200| 4|41| 3| 96|A| 120| 2893|96,0| 0| 1
 4| 2008| 200| 4|41| 2| 77|A| 160| 2893|77,0| 0| 1
 4| 2008| 200| 4|41| 1| 78|A| 160| 2893|78,0| 0| 1
 4| 2008| 200| 4|41| 6| 88|A| 80| 2934|88,0| 0| 1
 4| 2008| 200| 4|41| 5| 85|A| 80| 2934|85,0| 0| 1
 4| 2008| 200| 4|41| 8| 88|A| 40| 2934|88,0| 0| 1
 4| 2008| 200| 4|41| 7| 95|A| 80| 2934|95,0| 0| 1
 4| 2008| 200| 4|41| 4| 88|A| 80| 2934|88,0| 0| 1
 4| 2008| 200| 4|41| 3| 96|A| 120| 2934|96,0| 0| 1
 4| 2008| 200| 4|41| 2| 95|A| 160| 2934|95,0| 0| 1
 4| 2008| 200| 4|41| 1| 87|A| 160| 2934|87,0| 0| 1
 4| 2008| 200| 4|41| 6| 81|A| 80| 2935|81,0| 0| 1
 4| 2008| 200| 4|41| 5| 69|A| 80| 2935|69,0| 0| 1
 4| 2008| 200| 4|41| 8| 74|A| 40| 2935|74,0| 0| 1
 4| 2008| 200| 4|41| 7| 75|A| 80| 2935|75,0| 0| 1
 4| 2008| 200| 4|41| 4| 79|A| 80| 2935|79,0| 0| 1
 4| 2008| 200| 4|41| 3| 80|A| 120| 2935|80,0| 0| 1
 4| 2008| 200| 4|41| 2| 44|R| 160| 2935|44,0| 0| 1
 4| 2008| 200| 4|41| 1| 68|A| 160| 2935|68,0| 0| 1
 1| 2008| 200| 9|11| 16| 0|R| 1600| 2968|R| 0| 1
 1| 2008| 200| 9|11| 16| 0|R| 1600| 2969|R| 0| 1
 1| 2008| 200| 9|11| 16| 0|R| 1600| 2970|R| 0| 1
 1| 2008| 200| 9|11| 16| 0|R| 1600| 2971|R| 0| 1
 1| 2008| 200| 9|11| 16| 0|R| 1600| 2972|R| 0| 1
 1| 2008| 200| 9|11| 16| 0|R| 1600| 2973|R| 0| 1
 1| 2008| 200| 9|11| 16| 0|R| 1600| 2974|R| 0| 1
 1| 2008| 200| 9|11| 16| 0|R| 1600| 2975|R| 0| 1
 1| 2008| 200| 9|11| 16| 0|R| 1600| 2976|R| 0| 1
 1| 2008| 200| 9|11| 16| 0|R| 1600| 2977|R| 0| 1
 1| 2008| 200| 9|11| 16| 0|R| 1600| 2978|R| 0| 1
 1| 2008| 200| 9|11| 16| 0|R| 1600| 2979|R| 0| 1
 1| 2008| 200| 9|11| 16| 0|R| 1600| 2980|R| 0| 1
 1| 2008| 200| 9|11| 16| 0|R| 1600| 3039|R| 0| 1
 1| 2008| 200| 9|11| 16| 0|R| 1600| 3040|R| 0| 1
 2| 2008| 200| 3|31| 8| 90|A| 40| 3055|90,0| 0| 1
 2| 2008| 200| 3|31| 7| 95|A| 80| 3055|95,0| 0| 1
 2| 2008| 200| 3|31| 6| 90|A| 80| 3055|90,0| 0| 1
 2| 2008| 200| 3|31| 5| 60|A| 80| 3055|60,0| 0| 1
 2| 2008| 200| 3|31| 4| 64|A| 80| 3055|64,0| 0| 1
 2| 2008| 200| 3|31| 3| 68|A| 120| 3055|68,0| 0| 1
 2| 2008| 200| 3|31| 2| 75|A| 160| 3055|75,0| 0| 1
 1| 2009| 200| 10|21| 18| 88|A| 800| 2208|88,0| 0| 1
 1| 2009| 200| 10|21| 18| 45|R| 800| 2968|45,0| 0| 1
 1| 2009| 200| 10|21| 18| 80|A| 800| 2969|80,0| 0| 1
 1| 2009| 200| 10|21| 18| 95|A| 800| 2970|95,0| 0| 1
 1| 2009| 200| 10|21| 18| 62|A| 800| 2971|62,0| 0| 1
 1| 2009| 200| 10|21| 18| 72|A| 800| 2972|72,0| 0| 1
 1| 2009| 200| 10|21| 18| 63|A| 800| 2973|63,0| 0| 1
 1| 2009| 200| 10|21| 18| 0|R| 800| 2975|R| 0| 1
 1| 2009| 200| 10|21| 18| 91|A| 800| 2976|91,0| 0| 1
 1| 2009| 200| 10|21| 18| 95|A| 800| 2977|95,0| 0| 1
 1| 2009| 200| 10|21| 18| 88|A| 800| 2978|88,0| 0| 1
 1| 2009| 200| 10|21| 18| 64|A| 800| 2979|64,0| 0| 1
 1| 2009| 200| 10|21| 18| 47|R| 800| 2980|47,0| 0| 1
 1| 2009| 200| 10|21| 18| 93|A| 800| 2984|93,0| 0| 1
 1| 2009| 200| 10|21| 18| 46|R| 800| 3039|46,0| 0| 1
 1| 2009| 200| 10|21| 18| 85|A| 800| 3069|85,0| 0| 1
 1| 2009| 200| 10|21| 18| 41|R| 800| 3097|41,0| 0| 1
 1| 2009| 200| 10|21| 18| 94|A| 800| 3098|94,0| 0| 1
 1| 2009| 200| 4|41| 8| 69|A| 40| 471|69,0| 0| 1
 1| 2009| 200| 4|41| 6| 85|A| 80| 471|85,0| 0| 1
 1| 2009| 200| 4|41| 7| 70|A| 80| 471|70,0| 0| 1
 1| 2009| 200| 4|41| 5| 61|A| 80| 471|61,0| 0| 1
 1| 2009| 200| 4|41| 4| 63|A| 80| 471|63,0| 0| 1
 1| 2009| 200| 4|41| 3| 67|A| 120| 471|67,0| 0| 1
 1| 2009| 200| 4|41| 1| 70|A| 160| 471|70,0| 0| 1
 1| 2009| 200| 4|41| 2| 69|A| 160| 471|69,0| 0| 1
 1| 2009| 200| 4|41| 8| 69|A| 40| 2200|69,0| 0| 1
 1| 2009| 200| 4|41| 6| 85|A| 80| 2200|85,0| 0| 1
 1| 2009| 200| 4|41| 7| 70|A| 80| 2200|70,0| 0| 1
 1| 2009| 200| 4|41| 5| 63|A| 80| 2200|63,0| 0| 1
 1| 2009| 200| 4|41| 4| 67|A| 80| 2200|67,0| 0| 1
 1| 2009| 200| 4|41| 3| 64|A| 120| 2200|64,0| 0| 1
 1| 2009| 200| 4|41| 1| 65|A| 160| 2200|65,0| 0| 1
 1| 2009| 200| 4|41| 2| 77|A| 160| 2200|77,0| 0| 1
 1| 2009| 200| 4|41| 8| 76|A| 40| 2201|76,0| 0| 1
 1| 2009| 200| 4|41| 6| 98|A| 80| 2201|98,0| 0| 1
 1| 2009| 200| 4|41| 7| 90|A| 80| 2201|90,0| 0| 1
 1| 2009| 200| 4|41| 5| 76|A| 80| 2201|76,0| 0| 1
 1| 2009| 200| 4|41| 4| 72|A| 80| 2201|72,0| 0| 1
 1| 2009| 200| 4|41| 3| 69|A| 120| 2201|69,0| 0| 1
 1| 2009| 200| 4|41| 1| 72|A| 160| 2201|72,0| 0| 1
 1| 2009| 200| 4|41| 2| 71|A| 160| 2201|71,0| 0| 1
 1| 2009| 200| 4|41| 8| 60|A| 40| 2444|60,0| 0| 1
 1| 2009| 200| 4|41| 6| 76|A| 80| 2444|76,0| 0| 1
 1| 2009| 200| 4|41| 7| 66|A| 80| 2444|66,0| 0| 1
 1| 2009| 200| 4|41| 5| 40|R| 80| 2444|40,0| 0| 1
 1| 2009| 200| 4|41| 4| 40|R| 80| 2444|40,0| 0| 1
 1| 2009| 200| 4|41| 3| 61|A| 120| 2444|61,0| 0| 1
 1| 2009| 200| 4|41| 1| 47|R| 160| 2444|47,0| 0| 1
 1| 2009| 200| 4|41| 2| 32|R| 160| 2444|32,0| 0| 1
 1| 2009| 200| 4|41| 8| 62|A| 40| 2573|62,0| 0| 1
 1| 2009| 200| 4|41| 6| 74|A| 80| 2573|74,0| 0| 1
 1| 2009| 200| 4|41| 7| 68|A| 80| 2573|68,0| 0| 1
 1| 2009| 200| 4|41| 5| 40|R| 80| 2573|40,0| 0| 1
 1| 2009| 200| 4|41| 4| 45|R| 80| 2573|45,0| 0| 1
 1| 2009| 200| 4|41| 3| 65|A| 120| 2573|65,0| 0| 1
 1| 2009| 200| 4|41| 1| 64|A| 160| 2573|64,0| 0| 1
 1| 2009| 200| 4|41| 2| 46,50|R| 160| 2573|46,5| 0| 1
 1| 2009| 200| 4|41| 8| 91|A| 40| 2592|91,0| 0| 1
 1| 2009| 200| 4|41| 6| 98|A| 80| 2592|98,0| 0| 1
 1| 2009| 200| 4|41| 7| 85|A| 80| 2592|85,0| 0| 1
 1| 2009| 200| 4|41| 5| 73|A| 80| 2592|73,0| 0| 1
 1| 2009| 200| 4|41| 4| 80|A| 80| 2592|80,0| 0| 1
 1| 2009| 200| 4|41| 3| 77|A| 120| 2592|77,0| 0| 1
 1| 2009| 200| 4|41| 1| 71|A| 160| 2592|71,0| 0| 1
 1| 2009| 200| 4|41| 2| 74|A| 160| 2592|74,0| 0| 1
 1| 2009| 200| 4|41| 8| 68|A| 40| 3001|68,0| 0| 1
 1| 2009| 200| 4|41| 6| 80|A| 80| 3001|80,0| 0| 1
 1| 2009| 200| 4|41| 7| 68|A| 80| 3001|68,0| 0| 1
 1| 2009| 200| 4|41| 5| 64|A| 80| 3001|64,0| 0| 1
 1| 2009| 200| 4|41| 4| 68|A| 80| 3001|68,0| 0| 1
 1| 2009| 200| 4|41| 3| 67|A| 120| 3001|67,0| 0| 1
 1| 2009| 200| 4|41| 2| 63|A| 160| 3001|63,0| 0| 1
 1| 2009| 200| 4|41| 1| 65|A| 160| 3001|65,0| 0| 1
 1| 2009| 200| 4|41| 8| 93|A| 40| 3002|93,0| 0| 1
 1| 2009| 200| 4|41| 6| 98|A| 80| 3002|98,0| 0| 1
 1| 2009| 200| 4|41| 7| 96|A| 80| 3002|96,0| 0| 1
 1| 2009| 200| 4|41| 5| 80|A| 80| 3002|80,0| 0| 1
 1| 2009| 200| 4|41| 4| 83|A| 80| 3002|83,0| 0| 1
 1| 2009| 200| 4|41| 3| 92|A| 120| 3002|92,0| 0| 1
 1| 2009| 200| 4|41| 2| 85|A| 160| 3002|85,0| 0| 1
 1| 2009| 200| 4|41| 1| 91|A| 160| 3002|91,0| 0| 1
 1| 2009| 200| 4|41| 8| 70|A| 40| 3003|70,0| 0| 1
 1| 2009| 200| 4|41| 6| 79|A| 80| 3003|79,0| 0| 1
 1| 2009| 200| 4|41| 7| 82|A| 80| 3003|82,0| 0| 1
 1| 2009| 200| 4|41| 5| 70|A| 80| 3003|70,0| 0| 1
 1| 2009| 200| 4|41| 4| 71|A| 80| 3003|71,0| 0| 1
 1| 2009| 200| 4|41| 3| 64|A| 120| 3003|64,0| 0| 1
 1| 2009| 200| 4|41| 1| 65|A| 160| 3003|65,0| 0| 1
 1| 2009| 200| 4|41| 2| 68|A| 160| 3003|68,0| 0| 1
 1| 2009| 200| 4|41| 8| 98|A| 40| 3029|98,0| 0| 1
 1| 2009| 200| 4|41| 6| 100|A| 80| 3029|100,0| 0| 1
 1| 2009| 200| 4|41| 7| 96|A| 80| 3029|96,0| 0| 1
 1| 2009| 200| 4|41| 5| 97|A| 80| 3029|97,0| 0| 1
 1| 2009| 200| 4|41| 4| 94|A| 80| 3029|94,0| 0| 1
 1| 2009| 200| 4|41| 3| 99|A| 120| 3029|99,0| 0| 1
 1| 2009| 200| 4|41| 1| 85|A| 160| 3029|85,0| 0| 1
 1| 2009| 200| 4|41| 2| 87|A| 160| 3029|87,0| 0| 1
 1| 2009| 200| 4|41| 8| 87|A| 40| 3030|87,0| 0| 1
 1| 2009| 200| 4|41| 6| 100|A| 80| 3030|100,0| 0| 1
 1| 2009| 200| 4|41| 7| 96|A| 80| 3030|96,0| 0| 1
 1| 2009| 200| 4|41| 5| 84|A| 80| 3030|84,0| 0| 1
 1| 2009| 200| 4|41| 4| 85|A| 80| 3030|85,0| 0| 1
 1| 2009| 200| 4|41| 3| 91|A| 120| 3030|91,0| 0| 1
 1| 2009| 200| 4|41| 1| 84|A| 160| 3030|84,0| 0| 1
 1| 2009| 200| 4|41| 2| 83|A| 160| 3030|83,0| 0| 1
 1| 2009| 200| 4|41| 8| 92|A| 40| 3031|92,0| 0| 1
 1| 2009| 200| 4|41| 6| 98|A| 80| 3031|98,0| 0| 1
 1| 2009| 200| 4|41| 7| 96|A| 80| 3031|96,0| 0| 1
 1| 2009| 200| 4|41| 5| 78|A| 80| 3031|78,0| 0| 1
 1| 2009| 200| 4|41| 4| 92|A| 80| 3031|92,0| 0| 1
 1| 2009| 200| 4|41| 3| 91|A| 120| 3031|91,0| 0| 1
 1| 2009| 200| 4|41| 1| 92|A| 160| 3031|92,0| 0| 1
 1| 2009| 200| 4|41| 2| 89|A| 160| 3031|89,0| 0| 1
 1| 2009| 200| 4|41| 8| 63|A| 40| 3033|63,0| 0| 1
 1| 2009| 200| 4|41| 6| 77|A| 80| 3033|77,0| 0| 1
 1| 2009| 200| 4|41| 7| 81|A| 80| 3033|81,0| 0| 1
 1| 2009| 200| 4|41| 5| 66|A| 80| 3033|66,0| 0| 1
 1| 2009| 200| 4|41| 4| 71|A| 80| 3033|71,0| 0| 1
 1| 2009| 200| 4|41| 3| 63|A| 120| 3033|63,0| 0| 1
 1| 2009| 200| 4|41| 2| 63|A| 160| 3033|63,0| 0| 1
 1| 2009| 200| 4|41| 1| 63|A| 160| 3033|63,0| 0| 1
 1| 2009| 200| 4|41| 8| 64|A| 40| 3034|64,0| 0| 1
 1| 2009| 200| 4|41| 6| 85|A| 80| 3034|85,0| 0| 1
 1| 2009| 200| 4|41| 7| 70|A| 80| 3034|70,0| 0| 1
 1| 2009| 200| 4|41| 5| 54|R| 80| 3034|54,0| 0| 1
 1| 2009| 200| 4|41| 4| 55|R| 80| 3034|55,0| 0| 1
 1| 2009| 200| 4|41| 3| 61|A| 120| 3034|61,0| 0| 1
 1| 2009| 200| 4|41| 1| 64|A| 160| 3034|64,0| 0| 1
 1| 2009| 200| 4|41| 2| 72|A| 160| 3034|72,0| 0| 1
 1| 2009| 200| 4|41| 8| 100|A| 40| 3035|100,0| 0| 1
 1| 2009| 200| 4|41| 6| 100|A| 80| 3035|100,0| 0| 1
 1| 2009| 200| 4|41| 7| 97|A| 80| 3035|97,0| 0| 1
 1| 2009| 200| 4|41| 5| 100|A| 80| 3035|100,0| 0| 1
 1| 2009| 200| 4|41| 4| 100|A| 80| 3035|100,0| 0| 1
 1| 2009| 200| 4|41| 3| 100|A| 120| 3035|100,0| 0| 1
 1| 2009| 200| 4|41| 1| 96|A| 160| 3035|96,0| 0| 1
 1| 2009| 200| 4|41| 2| 95|A| 160| 3035|95,0| 0| 1
 1| 2009| 200| 4|41| 8| 68|A| 40| 3036|68,0| 0| 1
 1| 2009| 200| 4|41| 6| 75|A| 80| 3036|75,0| 0| 1
 1| 2009| 200| 4|41| 7| 82|A| 80| 3036|82,0| 0| 1
 1| 2009| 200| 4|41| 5| 72|A| 80| 3036|72,0| 0| 1
 1| 2009| 200| 4|41| 4| 66|A| 80| 3036|66,0| 0| 1
 1| 2009| 200| 4|41| 3| 75|A| 120| 3036|75,0| 0| 1
 1| 2009| 200| 4|41| 1| 66|A| 160| 3036|66,0| 0| 1
 1| 2009| 200| 4|41| 2| 73|A| 160| 3036|73,0| 0| 1
 1| 2009| 200| 9|11| 18| 0|R| 800| 3062|R| 0| 1
 1| 2009| 200| 9|11| 18| 0|R| 800| 3063|R| 0| 1
 1| 2009| 200| 9|11| 18| 0|R| 800| 3064|R| 0| 1
 1| 2009| 200| 9|11| 18| 0|R| 800| 3065|R| 0| 1
 1| 2009| 200| 9|11| 18| 0|R| 800| 3066|R| 0| 1
 1| 2009| 200| 9|11| 18| 0|R| 800| 3067|R| 0| 1
 1| 2009| 200| 9|11| 18| 0|R| 800| 3068|R| 0| 1
 4| 2009| 200| 10|21| 18| 0|R| 800| 2808|R| 0| 1
 4| 2009| 200| 10|21| 18| 76|A| 800| 2812|76,0| 0| 1
 4| 2009| 200| 10|21| 18| 60|A| 800| 2818|60,0| 0| 1
 4| 2009| 200| 10|21| 18| 70|A| 800| 2819|70,0| 0| 1
 4| 2009| 200| 10|21| 18| 88|A| 800| 2901|88,0| 0| 1
 4| 2009| 200| 10|21| 18| 83|A| 800| 2902|83,0| 0| 1
 4| 2009| 200| 10|21| 18| 98|A| 800| 2903|98,0| 0| 1
 4| 2009| 200| 10|21| 18| 95|A| 800| 2904|95,0| 0| 1
 4| 2009| 200| 10|21| 18| 99|A| 800| 2909|99,0| 0| 1
 4| 2009| 200| 10|21| 18| 49|R| 800| 2910|49,0| 0| 1
 1| 2009| 200| 3|31| 7| 72|A| 80| 2602|72,0| 0| 1
 1| 2009| 200| 3|31| 5| 39|R| 80| 2602|39,0| 0| 1
 1| 2009| 200| 3|31| 4| 36|R| 80| 2602|36,0| 0| 1
 1| 2009| 200| 3|31| 3| 57|R| 120| 2602|57,0| 0| 1
 1| 2009| 200| 3|31| 8| 61|A| 40| 2602|61,0| 0| 1
 1| 2009| 200| 3|31| 1| 39|R| 160| 2602|39,0| 0| 1
 1| 2009| 200| 3|31| 8| 88|A| 40| 2981|88,0| 0| 1
 1| 2009| 200| 3|31| 6| 87|A| 80| 2981|87,0| 0| 1
 1| 2009| 200| 3|31| 2| 80|A| 160| 2981|80,0| 0| 1
 1| 2009| 200| 3|31| 7| 99|A| 80| 2981|99,0| 0| 1
 1| 2009| 200| 3|31| 5| 86|A| 80| 2981|86,0| 0| 1
 1| 2009| 200| 3|31| 4| 76|A| 80| 2981|76,0| 0| 1
 1| 2009| 200| 3|31| 3| 89|A| 120| 2981|89,0| 0| 1
 1| 2009| 200| 3|31| 1| 86|A| 160| 2981|86,0| 0| 1
 1| 2009| 200| 3|31| 8| 93|A| 40| 2982|93,0| 0| 1
 1| 2009| 200| 3|31| 6| 99|A| 80| 2982|99,0| 0| 1
 1| 2009| 200| 3|31| 2| 97|A| 160| 2982|97,0| 0| 1
 1| 2009| 200| 3|31| 7| 100|A| 80| 2982|100,0| 0| 1
 1| 2009| 200| 3|31| 5| 100|A| 80| 2982|100,0| 0| 1
 1| 2009| 200| 3|31| 4| 97|A| 80| 2982|97,0| 0| 1
 1| 2009| 200| 3|31| 3| 99|A| 120| 2982|99,0| 0| 1
 1| 2009| 200| 3|31| 1| 98|A| 160| 2982|98,0| 0| 1
 1| 2009| 200| 3|31| 8| 100|A| 40| 2983|100,0| 0| 1
 1| 2009| 200| 3|31| 6| 100|A| 80| 2983|100,0| 0| 1
 1| 2009| 200| 3|31| 2| 84|A| 160| 2983|84,0| 0| 1
 1| 2009| 200| 3|31| 7| 97|A| 80| 2983|97,0| 0| 1
 1| 2009| 200| 3|31| 5| 98|A| 80| 2983|98,0| 0| 1
 1| 2009| 200| 3|31| 4| 91|A| 80| 2983|91,0| 0| 1
 1| 2009| 200| 3|31| 3| 90|A| 120| 2983|90,0| 0| 1
 1| 2009| 200| 3|31| 1| 83|A| 160| 2983|83,0| 0| 1
 1| 2009| 200| 3|31| 8| 85|A| 40| 2985|85,0| 0| 1
 1| 2009| 200| 3|31| 6| 91|A| 80| 2985|91,0| 0| 1
 1| 2009| 200| 3|31| 2| 64|A| 160| 2985|64,0| 0| 1
 1| 2009| 200| 3|31| 7| 92|A| 80| 2985|92,0| 0| 1
 1| 2009| 200| 3|31| 5| 74|A| 80| 2985|74,0| 0| 1
 1| 2009| 200| 3|31| 4| 77|A| 80| 2985|77,0| 0| 1
 1| 2009| 200| 3|31| 3| 79|A| 120| 2985|79,0| 0| 1
 4| 2009| 200| 10|21| 18| 99|A| 800| 2911|99,0| 0| 1
 4| 2009| 200| 10|21| 18| 93|A| 800| 2913|93,0| 0| 1
 4| 2009| 200| 10|21| 18| 98|A| 800| 2914|98,0| 0| 1
 4| 2009| 200| 10|21| 18| 96|A| 800| 2915|96,0| 0| 1
 4| 2009| 200| 10|21| 18| 0|R| 800| 2916|R| 0| 1
 4| 2009| 200| 10|21| 18| 87|A| 800| 2918|87,0| 0| 1
 4| 2009| 200| 10|21| 18| 84|A| 800| 2919|84,0| 0| 1
 4| 2009| 200| 10|21| 18| 86|A| 800| 2921|86,0| 0| 1
 4| 2009| 200| 10|21| 18| 0|R| 800| 2922|R| 0| 1
 4| 2009| 200| 10|21| 18| 97|A| 800| 2923|97,0| 0| 1
 4| 2009| 200| 10|21| 18| 0|R| 800| 3042|R| 0| 1
 4| 2009| 200| 10|21| 18| 0|R| 800| 3043|R| 0| 1
 4| 2009| 200| 10|22| 18| 76|A| 800| 2810|76,0| 0| 1
 4| 2009| 200| 10|22| 18| 85|A| 800| 2905|85,0| 0| 1
 4| 2009| 200| 10|22| 18| 72|A| 800| 2906|72,0| 0| 1
 4| 2009| 200| 10|22| 18| 76|A| 800| 2907|76,0| 0| 1
 4| 2009| 200| 10|22| 18| 80|A| 800| 2908|80,0| 0| 1
 4| 2009| 200| 10|22| 18| 74|A| 800| 2912|74,0| 0| 1
 4| 2009| 200| 10|22| 18| 40|R| 800| 2920|40,0| 0| 1
 4| 2009| 200| 3|31| 8| 84|A| 40| 2131|84,0| 0| 1
 4| 2009| 200| 3|31| 6| 85|A| 80| 2131|85,0| 0| 1
 4| 2009| 200| 3|31| 7| 89|A| 81| 2131|89,0| 0| 1
 4| 2009| 200| 3|31| 5| 96|A| 80| 2131|96,0| 0| 1
 4| 2009| 200| 3|31| 4| 90|A| 80| 2131|90,0| 0| 1
 4| 2009| 200| 3|31| 3| 76|A| 121| 2131|76,0| 0| 1
 4| 2009| 200| 3|31| 2| 91|A| 160| 2131|91,0| 0| 1
 4| 2009| 200| 3|31| 1| 81|A| 160| 2131|81,0| 0| 1
 4| 2009| 200| 3|31| 8| 89|A| 40| 2817|89,0| 0| 1
 4| 2009| 200| 3|31| 6| 86|A| 80| 2817|86,0| 0| 1
 4| 2009| 200| 3|31| 7| 79|A| 81| 2817|79,0| 0| 1
 4| 2009| 200| 3|31| 5| 94|A| 80| 2817|94,0| 0| 1
 4| 2009| 200| 3|31| 4| 99|A| 80| 2817|99,0| 0| 1
 4| 2009| 200| 3|31| 3| 79|A| 121| 2817|79,0| 0| 1
 4| 2009| 200| 3|31| 2| 76|A| 160| 2817|76,0| 0| 1
 4| 2009| 200| 3|31| 1| 81|A| 160| 2817|81,0| 0| 1
 4| 2009| 200| 3|31| 8| 84|A| 40| 2924|84,0| 0| 1
 4| 2009| 200| 3|31| 6| 87|A| 80| 2924|87,0| 0| 1
 4| 2009| 200| 3|31| 7| 83|A| 81| 2924|83,0| 0| 1
 4| 2009| 200| 3|31| 5| 97|A| 80| 2924|97,0| 0| 1
 4| 2009| 200| 3|31| 4| 98|A| 80| 2924|98,0| 0| 1
 4| 2009| 200| 3|31| 3| 72|A| 121| 2924|72,0| 0| 1
 4| 2009| 200| 3|31| 2| 75|A| 160| 2924|75,0| 0| 1
 4| 2009| 200| 3|31| 1| 75|A| 160| 2924|75,0| 0| 1
 4| 2009| 200| 3|31| 8| 89|A| 40| 2925|89,0| 0| 1
 4| 2009| 200| 3|31| 6| 87|A| 80| 2925|87,0| 0| 1
 4| 2009| 200| 3|31| 7| 90|A| 81| 2925|90,0| 0| 1
 4| 2009| 200| 3|31| 5| 95|A| 80| 2925|95,0| 0| 1
 4| 2009| 200| 3|31| 4| 94|A| 80| 2925|94,0| 0| 1
 4| 2009| 200| 3|31| 3| 74|A| 121| 2925|74,0| 0| 1
 4| 2009| 200| 3|31| 2| 79|A| 160| 2925|79,0| 0| 1
 4| 2009| 200| 3|31| 1| 73|A| 160| 2925|73,0| 0| 1
 4| 2009| 200| 3|31| 8| 87|A| 40| 2926|87,0| 0| 1
 4| 2009| 200| 3|31| 6| 85|A| 80| 2926|85,0| 0| 1
 4| 2009| 200| 3|31| 7| 86|A| 81| 2926|86,0| 0| 1
 4| 2009| 200| 3|31| 5| 94|A| 80| 2926|94,0| 0| 1
 4| 2009| 200| 3|31| 4| 92|A| 80| 2926|92,0| 0| 1
 4| 2009| 200| 3|31| 3| 74|A| 121| 2926|74,0| 0| 1
 4| 2009| 200| 3|31| 2| 64|A| 160| 2926|64,0| 0| 1
 4| 2009| 200| 3|31| 1| 80|A| 160| 2926|80,0| 0| 1
 4| 2009| 200| 3|31| 8| 78|A| 40| 2927|78,0| 0| 1
 4| 2009| 200| 3|31| 6| 77|A| 80| 2927|77,0| 0| 1
 4| 2009| 200| 3|31| 7| 88|A| 81| 2927|88,0| 0| 1
 4| 2009| 200| 3|31| 5| 86|A| 80| 2927|86,0| 0| 1
 4| 2009| 200| 3|31| 4| 85|A| 80| 2927|85,0| 0| 1
 4| 2009| 200| 3|31| 3| 70|A| 121| 2927|70,0| 0| 1
 4| 2009| 200| 3|31| 2| 63|A| 160| 2927|63,0| 0| 1
 4| 2009| 200| 3|31| 1| 68|A| 160| 2927|68,0| 0| 1
 4| 2009| 200| 3|31| 8| 88|A| 40| 2928|88,0| 0| 1
 4| 2009| 200| 3|31| 6| 92|A| 80| 2928|92,0| 0| 1
 4| 2009| 200| 3|31| 7| 93|A| 81| 2928|93,0| 0| 1
 4| 2009| 200| 3|31| 5| 100|A| 80| 2928|100,0| 0| 1
 4| 2009| 200| 3|31| 4| 94|A| 80| 2928|94,0| 0| 1
 4| 2009| 200| 3|31| 3| 98|A| 121| 2928|98,0| 0| 1
 4| 2009| 200| 3|31| 2| 97|A| 160| 2928|97,0| 0| 1
 4| 2009| 200| 3|31| 1| 90|A| 160| 2928|90,0| 0| 1
 4| 2009| 200| 3|31| 8| 90|A| 40| 2940|90,0| 0| 1
 4| 2009| 200| 3|31| 6| 82|A| 80| 2940|82,0| 0| 1
 4| 2009| 200| 3|31| 7| 81|A| 81| 2940|81,0| 0| 1
 4| 2009| 200| 3|31| 5| 91|A| 80| 2940|91,0| 0| 1
 4| 2009| 200| 3|31| 4| 85|A| 80| 2940|85,0| 0| 1
 4| 2009| 200| 3|31| 3| 77|A| 121| 2940|77,0| 0| 1
 4| 2009| 200| 3|31| 2| 76|A| 160| 2940|76,0| 0| 1
 4| 2009| 200| 3|31| 1| 67|A| 160| 2940|67,0| 0| 1
 4| 2009| 200| 3|31| 8| 92|A| 40| 2942|92,0| 0| 1
 4| 2009| 200| 3|31| 6| 86|A| 80| 2942|86,0| 0| 1
 4| 2009| 200| 3|31| 7| 90|A| 81| 2942|90,0| 0| 1
 4| 2009| 200| 3|31| 5| 88|A| 80| 2942|88,0| 0| 1
 4| 2009| 200| 3|31| 4| 93|A| 80| 2942|93,0| 0| 1
 4| 2009| 200| 3|31| 3| 85|A| 121| 2942|85,0| 0| 1
 4| 2009| 200| 3|31| 2| 88|A| 160| 2942|88,0| 0| 1
 4| 2009| 200| 3|31| 1| 83|A| 160| 2942|83,0| 0| 1
 4| 2009| 200| 3|31| 8| 29|R| 40| 3044|29,0| 0| 1
 4| 2009| 200| 3|31| 6| 27|R| 80| 3044|27,0| 0| 1
 4| 2009| 200| 3|31| 7| 25|R| 81| 3044|25,0| 0| 1
 4| 2009| 200| 3|31| 5| 0|R| 80| 3044|R| 0| 1
 4| 2009| 200| 3|31| 4| 30|R| 80| 3044|30,0| 0| 1
 4| 2009| 200| 3|31| 3| 24|R| 121| 3044|24,0| 0| 1
 4| 2009| 200| 3|31| 2| 21|R| 160| 3044|21,0| 0| 1
 4| 2009| 200| 3|31| 1| 22|R| 160| 3044|22,0| 0| 1
 4| 2009| 200| 3|31| 8| 60|A| 40| 3108|60,0| 0| 1
 4| 2009| 200| 3|31| 6| 64|A| 80| 3108|64,0| 0| 1
 4| 2009| 200| 3|31| 7| 60|A| 81| 3108|60,0| 0| 1
 4| 2009| 200| 3|31| 5| 61|A| 80| 3108|61,0| 0| 1
 4| 2009| 200| 3|31| 4| 60|A| 80| 3108|60,0| 0| 1
 4| 2009| 200| 3|31| 3| 43|R| 121| 3108|43,0| 0| 1
 4| 2009| 200| 3|31| 2| 42|R| 160| 3108|42,0| 0| 1
 4| 2009| 200| 3|31| 1| 47|R| 160| 3108|47,0| 0| 1
 4| 2009| 200| 4|41| 8| 87|A| 40| 2697|87,0| 0| 1
 4| 2009| 200| 4|41| 6| 78|A| 80| 2697|78,0| 0| 1
 4| 2009| 200| 4|41| 7| 80|A| 80| 2697|80,0| 0| 1
 4| 2009| 200| 4|41| 5| 100|A| 80| 2697|100,0| 0| 1
 4| 2009| 200| 4|41| 4| 100|A| 80| 2697|100,0| 0| 1
 4| 2009| 200| 4|41| 3| 89|A| 120| 2697|89,0| 0| 1
 4| 2009| 200| 4|41| 2| 81|A| 160| 2697|81,0| 0| 1
 4| 2009| 200| 4|41| 1| 93|A| 160| 2697|93,0| 0| 1
 4| 2009| 200| 4|41| 8| 88|A| 40| 2816|88,0| 0| 1
 4| 2009| 200| 4|41| 6| 82|A| 80| 2816|82,0| 0| 1
 4| 2009| 200| 4|41| 7| 77|A| 80| 2816|77,0| 0| 1
 4| 2009| 200| 4|41| 5| 92|A| 80| 2816|92,0| 0| 1
 4| 2009| 200| 4|41| 4| 86|A| 80| 2816|86,0| 0| 1
 4| 2009| 200| 4|41| 3| 80|A| 120| 2816|80,0| 0| 1
 4| 2009| 200| 4|41| 2| 71|A| 160| 2816|71,0| 0| 1
 4| 2009| 200| 4|41| 1| 84|A| 160| 2816|84,0| 0| 1
 4| 2009| 200| 4|41| 8| 98|A| 40| 2930|98,0| 0| 1
 4| 2009| 200| 4|41| 6| 96|A| 80| 2930|96,0| 0| 1
 4| 2009| 200| 4|41| 7| 96|A| 80| 2930|96,0| 0| 1
 4| 2009| 200| 4|41| 5| 100|A| 80| 2930|100,0| 0| 1
 4| 2009| 200| 4|41| 4| 99|A| 80| 2930|99,0| 0| 1
 4| 2009| 200| 4|41| 3| 100|A| 120| 2930|100,0| 0| 1
 4| 2009| 200| 4|41| 2| 98|A| 160| 2930|98,0| 0| 1
 4| 2009| 200| 4|41| 1| 100|A| 160| 2930|100,0| 0| 1
 4| 2009| 200| 4|41| 8| 88|A| 40| 2931|88,0| 0| 1
 4| 2009| 200| 4|41| 6| 80|A| 80| 2931|80,0| 0| 1
 4| 2009| 200| 4|41| 7| 86|A| 80| 2931|86,0| 0| 1
 4| 2009| 200| 4|41| 5| 94|A| 80| 2931|94,0| 0| 1
 4| 2009| 200| 4|41| 4| 98|A| 80| 2931|98,0| 0| 1
 4| 2009| 200| 4|41| 3| 82|A| 120| 2931|82,0| 0| 1
 4| 2009| 200| 4|41| 2| 67|A| 160| 2931|67,0| 0| 1
 4| 2009| 200| 4|41| 1| 85|A| 160| 2931|85,0| 0| 1
 4| 2009| 200| 4|41| 8| 86|A| 40| 2932|86,0| 0| 1
 4| 2009| 200| 4|41| 6| 84|A| 80| 2932|84,0| 0| 1
 4| 2009| 200| 4|41| 7| 78|A| 80| 2932|78,0| 0| 1
 4| 2009| 200| 4|41| 5| 96|A| 80| 2932|96,0| 0| 1
 4| 2009| 200| 4|41| 4| 93|A| 80| 2932|93,0| 0| 1
 4| 2009| 200| 4|41| 3| 77|A| 120| 2932|77,0| 0| 1
 4| 2009| 200| 4|41| 2| 77|A| 160| 2932|77,0| 0| 1
 4| 2009| 200| 4|41| 1| 86|A| 160| 2932|86,0| 0| 1
 4| 2009| 200| 4|41| 1| 0|R| 160| 2933|R| 0| 1
 4| 2009| 200| 4|41| 8| 21|R| 40| 2935|21,0| 0| 1
 4| 2009| 200| 4|41| 6| 23|R| 80| 2935|23,0| 0| 1
 4| 2009| 200| 4|41| 7| 20|R| 80| 2935|20,0| 0| 1
 4| 2009| 200| 4|41| 5| 20|R| 80| 2935|20,0| 0| 1
 4| 2009| 200| 4|41| 4| 30|R| 80| 2935|30,0| 0| 1
 4| 2009| 200| 4|41| 3| 19|R| 120| 2935|19,0| 0| 1
 4| 2009| 200| 4|41| 2| 18|R| 160| 2935|18,0| 0| 1
 4| 2009| 200| 4|41| 1| 22|R| 160| 2935|22,0| 0| 1
 4| 2009| 200| 4|41| 8| 96|A| 40| 2936|96,0| 0| 1
 4| 2009| 200| 4|41| 6| 88|A| 80| 2936|88,0| 0| 1
 4| 2009| 200| 4|41| 7| 91|A| 80| 2936|91,0| 0| 1
 4| 2009| 200| 4|41| 5| 93|A| 80| 2936|93,0| 0| 1
 4| 2009| 200| 4|41| 4| 99|A| 80| 2936|99,0| 0| 1
 4| 2009| 200| 4|41| 3| 87|A| 120| 2936|87,0| 0| 1
 4| 2009| 200| 4|41| 2| 63|A| 160| 2936|63,0| 0| 1
 4| 2009| 200| 4|41| 1| 96|A| 160| 2936|96,0| 0| 1
 4| 2009| 200| 4|41| 8| 95|A| 40| 2937|95,0| 0| 1
 4| 2009| 200| 4|41| 6| 87|A| 80| 2937|87,0| 0| 1
 4| 2009| 200| 4|41| 7| 95|A| 80| 2937|95,0| 0| 1
 4| 2009| 200| 4|41| 5| 100|A| 80| 2937|100,0| 0| 1
 4| 2009| 200| 4|41| 4| 99|A| 80| 2937|99,0| 0| 1
 4| 2009| 200| 4|41| 3| 96|A| 120| 2937|96,0| 0| 1
 4| 2009| 200| 4|41| 2| 75|A| 160| 2937|75,0| 0| 1
 4| 2009| 200| 4|41| 1| 95|A| 160| 2937|95,0| 0| 1
 4| 2009| 200| 4|41| 8| 97|A| 40| 2938|97,0| 0| 1
 4| 2009| 200| 4|41| 6| 90|A| 80| 2938|90,0| 0| 1
 4| 2009| 200| 4|41| 7| 97|A| 80| 2938|97,0| 0| 1
 4| 2009| 200| 4|41| 5| 100|A| 80| 2938|100,0| 0| 1
 4| 2009| 200| 4|41| 4| 99|A| 80| 2938|99,0| 0| 1
 4| 2009| 200| 4|41| 3| 95|A| 120| 2938|95,0| 0| 1
 4| 2009| 200| 4|41| 2| 97|A| 160| 2938|97,0| 0| 1
 4| 2009| 200| 4|41| 1| 95|A| 160| 2938|95,0| 0| 1
 4| 2009| 200| 4|41| 8| 90|A| 40| 2939|90,0| 0| 1
 4| 2009| 200| 4|41| 6| 83|A| 80| 2939|83,0| 0| 1
 4| 2009| 200| 4|41| 7| 89|A| 80| 2939|89,0| 0| 1
 4| 2009| 200| 4|41| 5| 94|A| 80| 2939|94,0| 0| 1
 4| 2009| 200| 4|41| 4| 95|A| 80| 2939|95,0| 0| 1
 4| 2009| 200| 4|41| 3| 74|A| 120| 2939|74,0| 0| 1
 4| 2009| 200| 4|41| 2| 73|A| 160| 2939|73,0| 0| 1
 4| 2009| 200| 4|41| 1| 76|A| 160| 2939|76,0| 0| 1
 4| 2009| 200| 4|41| 8| 99|A| 40| 2941|99,0| 0| 1
 4| 2009| 200| 4|41| 6| 93|A| 80| 2941|93,0| 0| 1
 4| 2009| 200| 4|41| 7| 97|A| 80| 2941|97,0| 0| 1
 4| 2009| 200| 4|41| 5| 98|A| 80| 2941|98,0| 0| 1
 4| 2009| 200| 4|41| 4| 99|A| 80| 2941|99,0| 0| 1
 4| 2009| 200| 4|41| 3| 100|A| 120| 2941|100,0| 0| 1
 4| 2009| 200| 4|41| 2| 97|A| 160| 2941|97,0| 0| 1
 4| 2009| 200| 4|41| 1| 94|A| 160| 2941|94,0| 0| 1
 1| 2009| 200| 3|31| 8| 93|A| 40| 1093|93,0| 0| 1
 1| 2009| 200| 3|31| 6| 85|A| 80| 1093|85,0| 0| 1
 1| 2009| 200| 3|31| 2| 62|A| 160| 1093|62,0| 0| 1
 1| 2009| 200| 3|31| 7| 100|A| 80| 1093|100,0| 0| 1
 1| 2009| 200| 3|31| 5| 93|A| 80| 1093|93,0| 0| 1
 1| 2009| 200| 3|31| 4| 74|A| 80| 1093|74,0| 0| 1
 1| 2009| 200| 3|31| 3| 83|A| 120| 1093|83,0| 0| 1
 1| 2009| 200| 3|31| 1| 76|A| 160| 1093|76,0| 0| 1
 1| 2009| 200| 3|31| 8| 67|A| 40| 2213|67,0| 0| 1
 1| 2009| 200| 3|31| 6| 82|A| 80| 2213|82,0| 0| 1
 1| 2009| 200| 3|31| 2| 77|A| 160| 2213|77,0| 0| 1
 1| 2009| 200| 3|31| 7| 76|A| 80| 2213|76,0| 0| 1
 1| 2009| 200| 3|31| 5| 65|A| 80| 2213|65,0| 0| 1
 1| 2009| 200| 3|31| 4| 60|A| 80| 2213|60,0| 0| 1
 1| 2009| 200| 3|31| 3| 73|A| 120| 2213|73,0| 0| 1
 1| 2009| 200| 3|31| 1| 65|A| 160| 2213|65,0| 0| 1
 1| 2009| 200| 3|31| 8| 90|A| 40| 2583|90,0| 0| 1
 1| 2009| 200| 3|31| 6| 82|A| 80| 2583|82,0| 0| 1
 1| 2009| 200| 3|31| 2| 69|A| 160| 2583|69,0| 0| 1
 1| 2009| 200| 3|31| 7| 91|A| 80| 2583|91,0| 0| 1
 1| 2009| 200| 3|31| 5| 86|A| 80| 2583|86,0| 0| 1
 1| 2009| 200| 3|31| 4| 81|A| 80| 2583|81,0| 0| 1
 1| 2009| 200| 3|31| 3| 83|A| 120| 2583|83,0| 0| 1
 1| 2009| 200| 3|31| 1| 73|A| 160| 2583|73,0| 0| 1
 1| 2009| 200| 3|31| 6| 74|A| 80| 2602|74,0| 0| 1
 1| 2009| 200| 3|31| 2| 31|R| 160| 2602|31,0| 0| 1
 1| 2009| 200| 3|31| 1| 70|A| 160| 2985|70,0| 0| 1
 1| 2009| 200| 3|31| 8| 85|A| 40| 2986|85,0| 0| 1
 1| 2009| 200| 3|31| 6| 88|A| 80| 2986|88,0| 0| 1
 1| 2009| 200| 3|31| 2| 77|A| 160| 2986|77,0| 0| 1
 1| 2009| 200| 3|31| 7| 82|A| 80| 2986|82,0| 0| 1
 1| 2009| 200| 3|31| 5| 88|A| 80| 2986|88,0| 0| 1
 1| 2009| 200| 3|31| 4| 82|A| 80| 2986|82,0| 0| 1
 1| 2009| 200| 3|31| 3| 78|A| 120| 2986|78,0| 0| 1
 1| 2009| 200| 3|31| 1| 72|A| 160| 2986|72,0| 0| 1
 1| 2009| 200| 3|31| 8| 84|A| 40| 2987|84,0| 0| 1
 1| 2009| 200| 3|31| 6| 89|A| 80| 2987|89,0| 0| 1
 1| 2009| 200| 3|31| 2| 73|A| 160| 2987|73,0| 0| 1
 1| 2009| 200| 3|31| 7| 86|A| 80| 2987|86,0| 0| 1
 1| 2009| 200| 3|31| 5| 78|A| 80| 2987|78,0| 0| 1
 1| 2009| 200| 3|31| 4| 74|A| 80| 2987|74,0| 0| 1
 1| 2009| 200| 3|31| 3| 81|A| 120| 2987|81,0| 0| 1
 1| 2009| 200| 3|31| 1| 73|A| 160| 2987|73,0| 0| 1
 1| 2009| 200| 3|31| 8| 61|A| 40| 2990|61,0| 0| 1
 1| 2009| 200| 3|31| 6| 81|A| 80| 2990|81,0| 0| 1
 1| 2009| 200| 3|31| 2| 35|R| 160| 2990|35,0| 0| 1
 1| 2009| 200| 3|31| 7| 77|A| 80| 2990|77,0| 0| 1
 1| 2009| 200| 3|31| 5| 69|A| 80| 2990|69,0| 0| 1
 1| 2009| 200| 3|31| 4| 55|R| 80| 2990|55,0| 0| 1
 1| 2009| 200| 3|31| 3| 79|A| 120| 2990|79,0| 0| 1
 1| 2009| 200| 3|31| 1| 55|R| 160| 2990|55,0| 0| 1
 1| 2009| 200| 3|31| 8| 76|A| 40| 2991|76,0| 0| 1
 1| 2009| 200| 3|31| 6| 86|A| 80| 2991|86,0| 0| 1
 1| 2009| 200| 3|31| 2| 80|A| 160| 2991|80,0| 0| 1
 1| 2009| 200| 3|31| 7| 81|A| 80| 2991|81,0| 0| 1
 1| 2009| 200| 3|31| 5| 72|A| 80| 2991|72,0| 0| 1
 1| 2009| 200| 3|31| 4| 74|A| 80| 2991|74,0| 0| 1
 1| 2009| 200| 3|31| 3| 74|A| 120| 2991|74,0| 0| 1
 1| 2009| 200| 3|31| 1| 64|A| 160| 2991|64,0| 0| 1
 1| 2009| 200| 3|31| 8| 83|A| 40| 2992|83,0| 0| 1
 1| 2009| 200| 3|31| 6| 92|A| 80| 2992|92,0| 0| 1
 1| 2009| 200| 3|31| 2| 68|A| 160| 2992|68,0| 0| 1
 1| 2009| 200| 3|31| 7| 86|A| 80| 2992|86,0| 0| 1
 1| 2009| 200| 3|31| 2| 78|A| 160| 2997|78,0| 0| 1
 1| 2009| 200| 3|31| 7| 85|A| 80| 2997|85,0| 0| 1
 1| 2009| 200| 3|31| 5| 73|A| 80| 2997|73,0| 0| 1
 1| 2009| 200| 3|31| 4| 67|A| 80| 2997|67,0| 0| 1
 1| 2009| 200| 3|31| 3| 87|A| 120| 2997|87,0| 0| 1
 1| 2009| 200| 3|31| 8| 77|A| 40| 2997|77,0| 0| 1
 1| 2009| 200| 3|31| 1| 77|A| 160| 2997|77,0| 0| 1
 1| 2009| 200| 3|31| 6| 100|A| 80| 2998|100,0| 0| 1
 1| 2009| 200| 3|31| 2| 95|A| 160| 2998|95,0| 0| 1
 1| 2009| 200| 3|31| 7| 100|A| 80| 2998|100,0| 0| 1
 1| 2009| 200| 3|31| 5| 99|A| 80| 2998|99,0| 0| 1
 1| 2009| 200| 3|31| 4| 99|A| 80| 2998|99,0| 0| 1
 1| 2009| 200| 3|31| 3| 97|A| 120| 2998|97,0| 0| 1
 1| 2009| 200| 3|31| 8| 98|A| 40| 2998|98,0| 0| 1
 1| 2009| 200| 3|31| 1| 95|A| 160| 2998|95,0| 0| 1
 1| 2009| 200| 3|31| 6| 90|A| 80| 2999|90,0| 0| 1
 1| 2009| 200| 3|31| 2| 66|A| 160| 2999|66,0| 0| 1
 1| 2009| 200| 3|31| 7| 86|A| 80| 2999|86,0| 0| 1
 1| 2009| 200| 3|31| 5| 77|A| 80| 2999|77,0| 0| 1
 1| 2009| 200| 3|31| 4| 72|A| 80| 2999|72,0| 0| 1
 1| 2009| 200| 3|31| 3| 79|A| 120| 2999|79,0| 0| 1
 1| 2009| 200| 3|31| 8| 78|A| 40| 2999|78,0| 0| 1
 1| 2009| 200| 3|31| 1| 71|A| 160| 2999|71,0| 0| 1
 1| 2009| 200| 3|31| 6| 0|R| 80| 3000|R| 0| 1
 1| 2009| 200| 3|31| 2| 0|R| 160| 3000|R| 0| 1
 1| 2009| 200| 3|31| 7| 0|R| 80| 3000|R| 0| 1
 1| 2009| 200| 3|31| 5| 0|R| 80| 3000|R| 0| 1
 1| 2009| 200| 3|31| 4| 0|R| 80| 3000|R| 0| 1
 1| 2009| 200| 3|31| 3| 0|R| 120| 3000|R| 0| 1
 1| 2009| 200| 3|31| 8| 0|R| 40| 3000|R| 0| 1
 1| 2009| 200| 3|31| 1| 0|R| 160| 3000|R| 0| 1
 1| 2009| 200| 3|31| 8| 78|A| 40| 3037|78,0| 0| 1
 1| 2009| 200| 3|31| 6| 77|A| 80| 3037|77,0| 0| 1
 1| 2009| 200| 3|31| 2| 62|A| 160| 3037|62,0| 0| 1
 1| 2009| 200| 3|31| 7| 74|A| 80| 3037|74,0| 0| 1
 1| 2009| 200| 3|31| 5| 67|A| 80| 3037|67,0| 0| 1
 1| 2009| 200| 3|31| 4| 68|A| 80| 3037|68,0| 0| 1
 1| 2009| 200| 3|31| 5| 87|A| 80| 2992|87,0| 0| 1
 1| 2009| 200| 3|31| 4| 72|A| 80| 2992|72,0| 0| 1
 1| 2009| 200| 3|31| 3| 73|A| 120| 2992|73,0| 0| 1
 1| 2009| 200| 3|31| 1| 67|A| 160| 2992|67,0| 0| 1
 1| 2009| 200| 3|31| 8| 77|A| 40| 2993|77,0| 0| 1
 1| 2009| 200| 3|31| 6| 91|A| 80| 2993|91,0| 0| 1
 1| 2009| 200| 3|31| 2| 71|A| 160| 2993|71,0| 0| 1
 1| 2009| 200| 3|31| 7| 83|A| 80| 2993|83,0| 0| 1
 1| 2009| 200| 3|31| 5| 87|A| 80| 2993|87,0| 0| 1
 1| 2009| 200| 3|31| 4| 67|A| 80| 2993|67,0| 0| 1
 1| 2009| 200| 3|31| 3| 84|A| 120| 2993|84,0| 0| 1
 1| 2009| 200| 3|31| 1| 66|A| 160| 2993|66,0| 0| 1
 1| 2009| 200| 3|31| 8| 63|A| 40| 2994|63,0| 0| 1
 1| 2009| 200| 3|31| 6| 75|A| 80| 2994|75,0| 0| 1
 1| 2009| 200| 3|31| 2| 77|A| 160| 2994|77,0| 0| 1
 1| 2009| 200| 3|31| 7| 76|A| 80| 2994|76,0| 0| 1
 1| 2009| 200| 3|31| 5| 53|R| 80| 2994|53,0| 0| 1
 1| 2009| 200| 3|31| 4| 77|A| 80| 2994|77,0| 0| 1
 1| 2009| 200| 3|31| 3| 67|A| 120| 2994|67,0| 0| 1
 1| 2009| 200| 3|31| 1| 68|A| 160| 2994|68,0| 0| 1
 1| 2009| 200| 3|31| 6| 89|A| 80| 2995|89,0| 0| 1
 1| 2009| 200| 3|31| 2| 89|A| 160| 2995|89,0| 0| 1
 1| 2009| 200| 3|31| 7| 88|A| 80| 2995|88,0| 0| 1
 1| 2009| 200| 3|31| 5| 91|A| 80| 2995|91,0| 0| 1
 1| 2009| 200| 3|31| 4| 87|A| 80| 2995|87,0| 0| 1
 1| 2009| 200| 3|31| 3| 86|A| 120| 2995|86,0| 0| 1
 1| 2009| 200| 3|31| 8| 93|A| 40| 2995|93,0| 0| 1
 1| 2009| 200| 3|31| 1| 88|A| 160| 2995|88,0| 0| 1
 1| 2009| 200| 3|31| 6| 98|A| 80| 2996|98,0| 0| 1
 1| 2009| 200| 3|31| 2| 89|A| 160| 2996|89,0| 0| 1
 1| 2009| 200| 3|31| 7| 99|A| 80| 2996|99,0| 0| 1
 1| 2009| 200| 3|31| 5| 96|A| 80| 2996|96,0| 0| 1
 1| 2009| 200| 3|31| 4| 93|A| 80| 2996|93,0| 0| 1
 1| 2009| 200| 3|31| 3| 94|A| 120| 2996|94,0| 0| 1
 1| 2009| 200| 3|31| 8| 96|A| 40| 2996|96,0| 0| 1
 1| 2009| 200| 3|31| 1| 90|A| 160| 2996|90,0| 0| 1
 1| 2009| 200| 3|31| 6| 91|A| 80| 2997|91,0| 0| 1
 1| 2009| 200| 3|31| 3| 78|A| 120| 3037|78,0| 0| 1
 1| 2009| 200| 3|31| 1| 62|A| 160| 3037|62,0| 0| 1
 1| 2009| 200| 3|31| 8| 89|A| 40| 3038|89,0| 0| 1
 1| 2009| 200| 3|31| 6| 90|A| 80| 3038|90,0| 0| 1
 1| 2009| 200| 3|31| 2| 88|A| 160| 3038|88,0| 0| 1
 1| 2009| 200| 3|31| 7| 82|A| 80| 3038|82,0| 0| 1
 1| 2009| 200| 3|31| 5| 90|A| 80| 3038|90,0| 0| 1
 1| 2009| 200| 3|31| 4| 83|A| 80| 3038|83,0| 0| 1
 1| 2009| 200| 3|31| 3| 84|A| 120| 3038|84,0| 0| 1
 1| 2009| 200| 3|31| 1| 81|A| 160| 3038|81,0| 0| 1
 1| 2009| 200| 3|31| 8| 86|A| 40| 3057|86,0| 0| 1
 1| 2009| 200| 3|31| 6| 92|A| 80| 3057|92,0| 0| 1
 1| 2009| 200| 3|31| 2| 73|A| 160| 3057|73,0| 0| 1
 1| 2009| 200| 3|31| 7| 88|A| 80| 3057|88,0| 0| 1
 1| 2009| 200| 3|31| 5| 91|A| 80| 3057|91,0| 0| 1
 1| 2009| 200| 3|31| 4| 80|A| 80| 3057|80,0| 0| 1
 1| 2009| 200| 3|31| 3| 81|A| 120| 3057|81,0| 0| 1
 1| 2009| 200| 3|31| 1| 81|A| 160| 3057|81,0| 0| 1
