0201010038001200810
0201010038004200810
0201010097004200810
0201010119004200810
0201010127001200810
0201010127004200810
0201010135001200810
0201010135004200810
0201010143005200810
0201010160008200810
0201010186004200810
0201010208001200810
0201010240004200810
0201010259001200810
0201010267001200810
0201010305001200810
0201010313001200810
0201010313008200810
0201010321001200810
0201010330001200810
0201010402001200810
0201010534001200810
0201010534004200810
0201010534006200810
0201010577001200810
0201010577004200810
0201010577006200810
0202030024009200810
0202031071009200810
0203010027005200810
0204020018005200810
0204030048005200810
0205010016005200810
0205010024005200810
0205010032005200810
0205020011005200810
0205020038005200810
0205020054005200810
0205020070005200810
0205020089005200810
0205020119005200810
0205020127005200810
0205020135005200810
0205020160005200810
0205020178005200810
0205020194005200810
0206010010005200810
0206010028005200810
0206010036005200810
0206010044005200810
0206010060005200810
0206010079005200810
0206020031005200810
0206020040005200810
0206030010005200810
0206030037005200810
0207010013005200810
0207010021005200810
0207010030005200810
0207010048005200810
0207010056005200810
0207020019005200810
0207020027005200810
0207020035005200810
0207030014005200810
0207030022005200810
0207030030005200810
0208010025005200810
0208010033005200810
0208010041005200810
0208010050005200810
0208010068005200810
0208010076005200810
0208010084005200810
0208010092005200810
0208020012005200810
0208020020005200810
0208020039005200810
0208020055005200810
0208020063005200810
0208020071005200810
0208020080005200810
0208020098005200810
0208020101005200810
0208020110005200810
0208020128005200810
0208030018005200810
0208030026005200810
0208030034005200810
0208030042005200810
0208030050005200810
0208040021005200810
0208040030005200810
0208040056005200810
0208040064005200810
0208040072005200810
0208040080005200810
0208040099005200810
0208040102005200810
0208050019005200810
0208050035005200810
0208050043005200810
0208060014005200810
0208060022005200810
0208060030005200810
0208070010005200810
0208070028005200810
0208070036005200810
0208070044005200810
0208080015005200810
0208080023005200810
0208080031005200810
0208080040005200810
0208090010005200810
0208090029005200810
0208090037005200810
0209010010005200810
0209010029005200810
0209010037005200810
0209010045005200810
0209040033001200810
0209040033004200810
0209040050001200810
0209040050004200810
0209040050005200810
0210010010005200810
0210010045005200810
0210010053005200810
0210010061005200810
0210010070005200810
0210010096005200810
0210010100005200810
0210010118005200810
0210010126005200810
0210010134005200810
0210010142005200810
0210010150005200810
0210010193005200810
0210020016005200810
0211020010006200810
0211020028001200810
0211020028006200810
0211030015005200810
0211030023005200810
0211030031005200810
0211030040005200810
0211030058005200810
0211030066005200810
0211030074005200810
0211030082005200810
0211030090005200810
0211050091001200810
0211050091005200810
0211050091006200810
0211050105005200810
0211050148006200810
0301010013012200810
0301010021012200810
0301010030012200810
0301010048012200810
0301010056012200810
0301010064012200810
0301010072012200810
0301010080012200810
0301010099012200810
0301010110012200810
0301010129012200810
0301010137012200810
0301010145005200810
0301010153012200810
0301050074007200810
0301050074008200810
0301060070008200810
0301060088008200810
0301090017007200810
0301090025007200810
0301120056006200810
0302010017005200810
0302010025005200810
0302010033005200810
0302020012005200810
0302020020005200810
0302020039005200810
0302030018005200810
0302030026005200810
0302040013005200810
0302040021005200810
0302040030005200810
0302040048005200810
0302040056005200810
0302050019005200810
0302050027005200810
0302050035005200810
0302060014005200810
0302060022005200810
0302060030005200810
0302060049005200810
0302060057005200810
0302070010005200810
0302070028005200810
0302070036005200810
0303010010004200810
0303010029004200810
0303010037004200810
0303010045004200810
0303010053004200810
0303010061004200810
0303010070004200810
0303010088004200810
0303010096004200810
0303010100004200810
0303010118004200810
0303010126004200810
0303010134004200810
0303010142004200810
0303010150004200810
0303010169004200810
0303010177004200810
0303010185004200810
0303010193004200810
0303010207004200810
0303010215003200810
0303010215007200810
0303020032004200810
0303020040004200810
0303020059004200810
0303020067004200810
0303020075004200810
0303020083004200810
0303030011007200810
0303030020004200810
0303030038004200810
0303030038011200810
0303030046004200810
0303030054004200810
0303030062004200810
0303040017004200810
0303040025004200810
0303040033004200810
0303040041004200810
0303040050004200810
0303040068004200810
0303040076004200810
0303040084004200810
0303040092004200810
0303040106004200810
0303040114004200810
0303040122004200810
0303040130004200810
0303040149004200810
0303040157004200810
0303040165004200810
0303040165011200810
0303040173004200810
0303040181004200810
0303040190004200810
0303040203004200810
0303040211004200810
0303040220004200810
0303040238004200810
0303040246004200810
0303040254004200810
0303040262004200810
0303040270004200810
0303040289004200810
0303040297004200810
0303060018004200810
0303060026004200810
0303060026011200810
0303060034004200810
0303060042004200810
0303060042011200810
0303060050004200810
0303060069004200810
0303060077004200810
0303060085004200810
0303060093004200810
0303060093011200810
0303060107004200810
0303060107011200810
0303060115004200810
0303060123004200810
0303060131004200810
0303060140004200810
0303060158004200810
0303060166004200810
0303060174004200810
0303060182004200810
0303060182011200810
0303060190004200810
0303060204004200810
0303060212004200810
0303060220004200810
0303060239004200810
0303060247004200810
0303060255004200810
0303060263004200810
0303060271004200810
0303060280004200810
0303060280011200810
0303060298004200810
0303060301004200810
0303070064004200810
0303070072004200810
0303070080004200810
0303070099004200810
0303070102004200810
0303070110004200810
0303070129004200810
0303080043004200810
0303080051004200810
0303080051011200810
0303080060004200810
0303080078004200810
0303080086004200810
0303080094004200810
0303090014005200810
0303090022005200810
0303090049005200810
0303090138004200810
0303090197004200810
0303090200004200810
0303090235004200810
0303090243004200810
0303090286004200810
0303090294004200810
0303090316004200810
0303090324004200810
0303090332004200810
0303090340004200810
0303090359004200810
0303090367004200810
0303090375004200810
0303100010004200810
0303100028004200810
0303100036004200810
0303100044004200810
0303100052004200810
0303110015004200810
0303110023004200810
0303110031004200810
0303110040004200810
0303110058004200810
0303110066004200810
0303110074004200810
0303110082004200810
0303110090004200810
0303110104004200810
0303110112004200810
0303130016003200810
0303130016007200810
0303130016008200810
0303130024003200810
0303130024007200810
0303130024008200810
0303130032003200810
0303130032007200810
0303130032008200810
0303130040003200810
0303130040007200810
0303130040008200810
0303130059003200810
0303130059007200810
0303130059008200810
0303130067003200810
0303130067007200810
0303130067008200810
0303130075003200810
0303130075007200810
0303130075008200810
0303130083003200810
0303130083007200810
0303140020004200810
0303140038004200810
0303140046004200810
0303140046011200810
0303140054004200810
0303140054011200810
0303140062004200810
0303140070004200810
0303140089004200810
0303140089011200810
0303140097004200810
0303140100004200810
0303140119004200810
0303140127004200810
0303140135004200810
0303140135011200810
0303140143004200810
0303140151004200810
0303150017004200810
0303150025004200810
0303150033004200810
0303150041004200810
0303150050004200810
0303150068004200810
0303160012004200810
0303160020004200810
0303160039004200810
0303160047004200810
0303160055004200810
0303160063004200810
0303160071004200810
0303170018008200810
0303170034007200810
0303170042007200810
0303170050007200810
0303170069007200810
0303170077003200810
0303170077007200810
0303170077008200810
0303170085007200810
0303170085008200810
0303170093003200810
0303170093007200810
0303170093008200810
0303170107007200810
0303180013004200810
0303180013008200810
0303180030004200810
0303180048004200810
0303180056004200810
0303180064004200810
0303180072007200810
0303190019007200810
0303190019008200810
0304010014009200810
0304010022009200810
0304010030009200810
0304010049006200810
0304010057006200810
0304010065006200810
0304010073009200810
0304010090009200810
0304010103009200810
0304010111006200810
0304010111007200810
0304010120009200810
0304010138009200810
0304010146009200810
0304010162004200810
0304010162006200810
0304010170001200810
0304010219006200810
0304010219009200810
0304010227006200810
0304010227009200810
0304010235009200810
0304010243006200810
0304010243009200810
0304010260009200810
0304010286009200810
0304010294009200810
0304010324001200810
0304010324004200810
0304010324006200810
0304010332001200810
0304010332006200810
0304020010009200810
0304020028009200810
0304020036009200810
0304020044009200810
0304020052009200810
0304020060009200810
0304020079009200810
0304020087009200810
0304020095009200810
0304020109009200810
0304020117009200810
0304020125009200810
0304020133009200810
0304020141009200810
0304020150009200810
0304020168009200810
0304020176009200810
0304020184009200810
0304020192009200810
0304020206009200810
0304020214009200810
0304020222009200810
0304020230009200810
0304020249009200810
0304020257009200810
0304020265009200810
0304020273009200810
0304020281009200810
0304020290009200810
0304020303009200810
0304020311009200810
0304020320009200810
0304020338009200810
0304020346009200810
0304020354009200810
0304020362009200810
0304020370009200810
0304030015009200810
0304030023009200810
0304030031009200810
0304030040009200810
0304030058009200810
0304030066009200810
0304030074009200810
0304030082009200810
0304030090009200810
0304030104009200810
0304030112009200810
0304030120009200810
0304030139009200810
0304030147009200810
0304030155009200810
0304030163009200810
0304030171009200810
0304030180009200810
0304030198009200810
0304030201009200810
0304030210009200810
0304040010009200810
0304040029009200810
0304040037009200810
0304040045009200810
0304040053009200810
0304040061009200810
0304040070009200810
0304040088009200810
0304040096009200810
0304040100009200810
0304040118009200810
0304040126009200810
0304040134009200810
0304040142009200810
0304040150009200810
0304040169009200810
0304050016009200810
0304050024009200810
0304050032009200810
0304050040009200810
0304050067009200810
0304050075009200810
0304050113009200810
0304050121009200810
0304050130009200810
0304050148009200810
0304050164009200810
0304050172009200810
0304050180009200810
0304050202009200810
0304050210009200810
0304050229009200810
0304060011009200810
0304060038009200810
0304060046009200810
0304060054009200810
0304060062009200810
0304060070009200810
0304060089009200810
0304060097009200810
0304060100009200810
0304060119009200810
0304060127009200810
0304060135009200810
0304060151009200810
0304060160009200810
0304060178009200810
0304060186009200810
0304060194009200810
0304060208009200810
0304060216009200810
0304070017009200810
0304070025009200810
0304070033009200810
0304070041009200810
0304070050009200810
0304080020006200810
0304080039004200810
0304080039006200810
0304080047006200810
0304080055009200810
0304080063006200810
0304080071009200810
0304090018004200810
0304090018006200810
0304090026006200810
0304090034006200810
0304100013004200810
0305010026009200810
0305010069009200810
0305010085009200810
0305010107009200810
0305010115009200810
0305010131005200810
0305010166009200810
0305010174007200810
0305010182009200810
0305020013004200810
0305020021004200810
0305020030004200810
0305020030011200810
0305020048004200810
0305020056004200810
0308010019004200810
0308010019011200810
0308010027004200810
0308010027011200810
0308010035004200810
0308010043004200810
0308020022004200810
0308020022011200810
0308020030004200810
0308020030011200810
0308030010004200810
0308030010011200810
0308030028004200810
0308030028011200810
0308030036004200810
0308030036011200810
0308040015004200810
0308040015011200810
0308040023004200810
0309010020001200810
0309010039001200810
0309010055005200810
0309010080005200810
0310010020005200810
0310010039004200810
0310010039010200810
0310010047004200810
0310010047010200810
0401010031001200810
0401010058009200810
0401010066001200810
0401010074001200810
0401010090001200810
0401010112001200810
0401010120001200810
0401010139001200810
0401020010001200810
0401020010004200810
0401020029001200810
0401020029004200810
0401020037001200810
0401020037004200810
0401020045001200810
0401020045004200810
0401020053001200810
0401020053004200810
0401020061001200810
0401020061004200810
0401020070001200810
0401020070004200810
0401020088001200810
0401020088002200810
0401020088004200810
0401020096001200810
0401020096004200810
0401020100001200810
0401020100004200810
0401020118001200810
0401020118004200810
0401020126001200810
0401020126004200810
0401020134001200810
0401020142001200810
0401020142004200810
0401020150001200810
0401020150004200810
0401020169001200810
0401020169004200810
0402010019001200810
0402010019004200810
0402010027001200810
0402010027004200810
0402010035001200810
0402010035002200810
0402010035004200810
0402010043001200810
0402010043004200810
0402010051001200810
0402010051004200810
0402020014001200810
0402020014004200810
0402020022001200810
0402020022004200810
0403010012001200810
0403010012004200810
0403010020001200810
0403010020004200810
0403010039001200810
0403010039004200810
0403010047001200810
0403010047004200810
0403010055001200810
0403010055004200810
0403010063001200810
0403010063004200810
0403010071001200810
0403010071004200810
0403010080001200810
0403010080004200810
0403010098001200810
0403010098004200810
0403010101001200810
0403010101004200810
0403010110001200810
0403010110004200810
0403010128001200810
0403010128004200810
0403010136001200810
0403010136004200810
0403010144001200810
0403010144004200810
0403010152001200810
0403010152004200810
0403010160001200810
0403010160004200810
0403010179001200810
0403010179004200810
0403010187001200810
0403010187004200810
0403010195001200810
0403010195004200810
0403010209001200810
0403010209004200810
0403010217001200810
0403010217004200810
0403010225001200810
0403010225004200810
0403010233001200810
0403010233004200810
0403010241001200810
0403010241004200810
0403010250001200810
0403010250004200810
0403010268001200810
0403010268004200810
0403010276001200810
0403010276004200810
0403010284001200810
0403010284004200810
0403010292001200810
0403010292004200810
0403010306001200810
0403010306004200810
0403010314001200810
0403010314004200810
0403010322001200810
0403010322004200810
0403010322006200810
0403010330001200810
0403010330004200810
0403010349001200810
0403010349004200810
0403010357001200810
0403010357004200810
0403010365001200810
0403010365004200810
0403020018001200810
0403020018006200810
0403020026001200810
0403020026006200810
0403020034001200810
0403020034006200810
0403020042001200810
0403020042006200810
0403020050001200810
0403020050006200810
0403020069001200810
0403020069006200810
0403020077001200810
0403020085001200810
0403020093001200810
0403020107001200810
0403020115001200810
0403020123001200810
0403020123002200810
0403020123004200810
0403020131001200810
0403020131006200810
0403030013001200810
0403030013004200810
0403030021001200810
0403030021004200810
0403030030001200810
0403030030004200810
0403030048001200810
0403030048004200810
0403030056001200810
0403030056004200810
0403030056006200810
0403030064001200810
0403030064004200810
0403030064006200810
0403030072001200810
0403030072004200810
0403030072006200810
0403030080001200810
0403030080004200810
0403030099001200810
0403030099004200810
0403030099006200810
0403030102001200810
0403030102004200810
0403030102006200810
0403030110001200810
0403030110004200810
0403030129001200810
0403030129004200810
0403030137001200810
0403030137004200810
0403030137006200810
0403030145001200810
0403030145004200810
0403030153001200810
0403030153004200810
0403030161001200810
0403030161004200810
0403030170001200810
0403030170004200810
0403040019001200810
0403040019004200810
0403040019006200810
0403040027001200810
0403040027004200810
0403040027006200810
0403040035001200810
0403040035004200810
0403040035006200810
0403040043001200810
0403040043004200810
0403040043006200810
0403040051001200810
0403040051004200810
0403040060001200810
0403040060004200810
0403040060006200810
0403040078001200810
0403040078004200810
0403040078006200810
0403040086001200810
0403040086004200810
0403040086006200810
0403050014001200810
0403050022001200810
0403050030001200810
0403050030004200810
0403050030006200810
0403050049001200810
0403050049004200810
0403050049006200810
0403050057001200810
0403050057004200810
0403050057006200810
0403050065001200810
0403050065004200810
0403050065006200810
0403050073001200810
0403050073004200810
0403050073006200810
0403050081001200810
0403050090001200810
0403050090004200810
0403050090006200810
0403050103001200810
0403050103004200810
0403050103006200810
0403050111001200810
0403050111004200810
0403050111006200810
0403050120001200810
0403050120004200810
0403050120006200810
0403050138001200810
0403050138004200810
0403050138006200810
0403050146001200810
0403050146004200810
0403050146006200810
0403050154001200810
0403050154004200810
0403050154006200810
0403050162001200810
0403050162004200810
0403050162006200810
0403060010001200810
0403060010006200810
0403060028001200810
0403060028006200810
0403060036001200810
0403060036004200810
0403060036006200810
0403060044001200810
0403060044004200810
0403060044006200810
0403060052001200810
0403060052004200810
0403060052006200810
0403060060001200810
0403060060004200810
0403060060006200810
0403060079001200810
0403060079004200810
0403060079006200810
0403060087001200810
0403060087004200810
0403060087006200810
0403060095001200810
0403060095004200810
0403060095006200810
0403070015001200810
0403070015004200810
0403070015006200810
0403070023001200810
0403070023006200810
0403070031001200810
0403070031004200810
0403070040001200810
0403070040006200810
0403070058001200810
0403070058006200810
0403070066001200810
0403070066006200810
0403070074001200810
0403070074006200810
0403070082001200810
0403070082006200810
0403070090001200810
0403070090006200810
0403070104001200810
0403070104006200810
0403070112001200810
0403070112006200810
0403070120001200810
0403070120006200810
0403070139001200810
0403070139006200810
0403070147001200810
0403070147006200810
0403080010001200810
0403080010004200810
0403080010006200810
0403080029001200810
0403080029004200810
0403080029006200810
0403080037001200810
0403080037004200810
0403080037006200810
0403080045001200810
0403080045004200810
0403080045006200810
0403080053001200810
0403080053004200810
0403080053006200810
0403080061001200810
0403080061004200810
0403080061006200810
0403080070001200810
0403080070004200810
0403080070006200810
0403080088001200810
0403080088004200810
0403080088006200810
0403080096001200810
0403080096004200810
0403080096006200810
0403080100001200810
0403080100004200810
0403080100006200810
0404010016001200810
0404010016002200810
0404010016004200810
0404010024001200810
0404010024002200810
0404010032001200810
0404010032002200810
0404010032004200810
0404010040001200810
0404010040004200810
0404010059001200810
0404010059004200810
0404010067001200810
0404010067004200810
0404010083001200810
0404010083004200810
0404010105001200810
0404010105004200810
0404010113001200810
0404010113004200810
0404010121001200810
0404010121004200810
0404010130001200810
0404010130004200810
0404010148001200810
0404010148004200810
0404010164001200810
0404010164004200810
0404010172001200810
0404010172004200810
0404010180001200810
0404010180004200810
0404010199001200810
0404010199004200810
0404010202001200810
0404010202004200810
0404010210001200810
0404010210004200810
0404010229001200810
0404010229002200810
0404010229004200810
0404010237001200810
0404010288001200810
0404010288004200810
0404010318001200810
0404010326001200810
0404010326004200810
0404010334001200810
0404010334004200810
0404010350001200810
0404010350002200810
0404010350004200810
0404010377001200810
0404010377004200810
0404010385001200810
0404010385004200810
0404010407001200810
0404010407004200810
0404010415001200810
0404010415002200810
0404010415004200810
0404010423001200810
0404010423004200810
0404020011001200810
0404020011004200810
0404020038001200810
0404020038004200810
0404020046001200810
0404020046004200810
0404020062001200810
0404020062004200810
0404020070001200810
0404020070004200810
0404020089001200810
0404020089004200810
0404020119001200810
0404020119004200810
0404020135001200810
0404020135004200810
0404020143001200810
0404020143004200810
0404020151001200810
0404020151004200810
0404020160001200810
0404020160004200810
0404020178001200810
0404020178004200810
0404020186001200810
0404020186004200810
0404020194001200810
0404020194004200810
0404020208001200810
0404020208004200810
0404020216001200810
0404020216004200810
0404020224001200810
0404020224004200810
0404020232001200810
0404020232004200810
0404020240001200810
0404020240004200810
0404020259001200810
0404020259004200810
0404020267001200810
0404020267004200810
0404020275001200810
0404020275004200810
0404020283001200810
0404020283004200810
0404020291001200810
0404020291004200810
0404020305001200810
0404020305004200810
0404020313001200810
0404020313004200810
0404020321001200810
0404020321004200810
0404020330001200810
0404020330002200810
0404020330004200810
0404020348001200810
0404020348004200810
0404020356001200810
0404020356004200810
0404020364001200810
0404020364004200810
0404020372001200810
0404020372004200810
0404020380001200810
0404020380004200810
0404020399001200810
0404020399004200810
0404020402001200810
0404020402004200810
0404020410001200810
0404020410004200810
0404020429001200810
0404020429004200810
0404020437001200810
0404020437004200810
0404030017001200810
0404030017004200810
0404030025001200810
0404030025004200810
0404030033001200810
0404030041001200810
0404030041004200810
0404030050001200810
0404030068001200810
0404030076001200810
0404030076004200810
0404030084001200810
0404030084004200810
0404030092001200810
0404030092004200810
0404030106001200810
0404030106004200810
0404030114001200810
0404030114004200810
0404030122001200810
0404030122004200810
0404030130001200810
0404030130004200810
0404030149001200810
0404030149004200810
0404030157001200810
0404030157004200810
0404030165001200810
0404030165004200810
0404030173001200810
0404030173004200810
0404030181001200810
0404030181004200810
0404030190001200810
0404030190004200810
0404030203001200810
0404030203004200810
0404030211001200810
0404030211004200810
0405010010004200810
0405010028004200810
0405010036004200810
0405010052001200810
0405010060001200810
0405010087001200810
0405010087004200810
0405010117001200810
0405010117004200810
0405010125004200810
0405010133001200810
0405010133004200810
0405010150001200810
0405010150004200810
0405010176004200810
0405020015004200810
0405020023004200810
0405030010001200810
0405030010004200810
0405030029004200810
0405030045001200810
0405030045002200810
0405030053001200810
0405030070001200810
0405030070004200810
0405030096004200810
0405030118004200810
0405030134001200810
0405030142002200810
0405030150001200810
0405030169002200810
0405030169004200810
0405030177002200810
0405030177004200810
0405030185002200810
0405030185004200810
0405030193001200810
0405030193002200810
0405030193004200810
0405030207004200810
0405040016004200810
0405040024004200810
0405040040004200810
0405040059004200810
0405040067004200810
0405040075004200810
0405040083001200810
0405040083004200810
0405040091001200810
0405040091004200810
0405040105001200810
0405040105004200810
0405040130001200810
0405040148001200810
0405040148004200810
0405040156001200810
0405040156004200810
0405040164001200810
0405040164004200810
0405040180001200810
0405040180004200810
0405040202002200810
0405040202004200810
0405050011004200810
0405050020001200810
0405050020002200810
0405050046004200810
0405050054004200810
0405050097001200810
0405050097002200810
0405050097004200810
0405050100001200810
0405050100002200810
0405050100004200810
0405050119001200810
0405050119002200810
0405050119004200810
0405050127001200810
0405050127002200810
0405050135001200810
0405050135002200810
0405050135004200810
0405050143001200810
0405050143004200810
0405050151001200810
0405050151004200810
0405050160001200810
0405050186001200810
0405050186004200810
0405050194001200810
0405050194002200810
0405050216004200810
0405050224004200810
0405050232001200810
0405050232004200810
0405050259001200810
0405050267001200810
0405050313001200810
0405050313004200810
0405050321004200810
0405050356001200810
0405050356002200810
0405050356004200810
0405050372001200810
0405050372002200810
0405050380001200810
0405050380004200810
0405050399004200810
0406010013001200810
0406010013004200810
0406010013006200810
0406010021001200810
0406010021004200810
0406010021006200810
0406010030001200810
0406010030004200810
0406010030006200810
0406010048001200810
0406010048004200810
0406010048006200810
0406010056001200810
0406010056004200810
0406010056006200810
0406010064001200810
0406010064004200810
0406010064006200810
0406010072001200810
0406010072004200810
0406010072006200810
0406010080001200810
0406010080004200810
0406010080006200810
0406010099001200810
0406010099004200810
0406010099006200810
0406010102001200810
0406010102004200810
0406010110001200810
0406010110004200810
0406010137001200810
0406010137004200810
0406010137006200810
0406010145001200810
0406010145004200810
0406010145006200810
0406010153001200810
0406010153004200810
0406010153006200810
0406010161001200810
0406010161004200810
0406010161006200810
0406010170001200810
0406010170004200810
0406010170006200810
0406010188001200810
0406010188004200810
0406010188006200810
0406010196001200810
0406010196004200810
0406010196006200810
0406010200001200810
0406010200004200810
0406010200006200810
0406010218001200810
0406010218004200810
0406010218006200810
0406010226001200810
0406010226004200810
0406010226006200810
0406010234001200810
0406010234004200810
0406010234006200810
0406010242001200810
0406010242004200810
0406010242006200810
0406010250001200810
0406010250004200810
0406010250006200810
0406010269001200810
0406010269004200810
0406010269006200810
0406010277001200810
0406010277004200810
0406010277006200810
0406010285001200810
0406010285004200810
0406010285006200810
0406010293001200810
0406010293004200810
0406010293006200810
0406010307001200810
0406010307004200810
0406010307006200810
0406010315001200810
0406010315004200810
0406010315006200810
0406010323001200810
0406010323004200810
0406010323006200810
0406010331001200810
0406010331004200810
0406010331006200810
0406010340001200810
0406010340004200810
0406010340006200810
0406010358001200810
0406010358004200810
0406010358006200810
0406010366001200810
0406010366004200810
0406010366006200810
0406010374001200810
0406010374004200810
0406010374006200810
0406010382001200810
0406010382004200810
0406010382006200810
0406010390001200810
0406010390004200810
0406010390006200810
0406010404001200810
0406010404004200810
0406010404006200810
0406010412001200810
0406010412004200810
0406010420001200810
0406010420004200810
0406010420006200810
0406010439001200810
0406010439004200810
0406010439006200810
0406010447001200810
0406010447004200810
0406010447006200810
0406010455001200810
0406010455004200810
0406010455006200810
0406010463001200810
0406010463004200810
0406010463006200810
0406010471001200810
0406010471004200810
0406010471006200810
0406010480001200810
0406010480004200810
0406010480006200810
0406010498001200810
0406010498004200810
0406010498006200810
0406010501001200810
0406010501004200810
0406010501006200810
0406010510001200810
0406010510004200810
0406010528001200810
0406010528004200810
0406010528006200810
0406010536001200810
0406010536004200810
0406010536006200810
0406010544001200810
0406010544004200810
0406010544006200810
0406010552001200810
0406010552004200810
0406010552006200810
0406010560004200810
0406010560006200810
0406010579001200810
0406010579004200810
0406010587004200810
0406010587006200810
0406010595001200810
0406010595004200810
0406010609001200810
0406010609004200810
0406010617001200810
0406010617004200810
0406010625001200810
0406010625004200810
0406010633001200810
0406010633004200810
0406010633006200810
0406010641004200810
0406010641006200810
0406010650004200810
0406010650006200810
0406010668004200810
0406010668006200810
0406010676004200810
0406010676006200810
0406010684004200810
0406010692001200810
0406010692004200810
0406010706001200810
0406010706004200810
0406010714001200810
0406010714004200810
0406010714006200810
0406010730001200810
0406010730004200810
0406010730006200810
0406010749004200810
0406010757001200810
0406010757004200810
0406010757006200810
0406010765001200810
0406010765004200810
0406010765006200810
0406010773004200810
0406010781001200810
0406010781004200810
0406010790004200810
0406010803001200810
0406010803004200810
0406010811001200810
0406010811004200810
0406010820001200810
0406010820004200810
0406010838001200810
0406010838004200810
0406010838006200810
0406010846001200810
0406010846004200810
0406010846006200810
0406010854004200810
0406010862004200810
0406010862006200810
0406010870004200810
0406010889001200810
0406010889004200810
0406010889006200810
0406010897001200810
0406010897004200810
0406010897006200810
0406010900001200810
0406010900004200810
0406010919004200810
0406010919006200810
0406010927001200810
0406010927004200810
0406010927006200810
0406010935001200810
0406010935004200810
0406010943001200810
0406010943004200810
0406010943006200810
0406010951001200810
0406010951004200810
0406010951006200810
0406010960004200810
0406010978004200810
0406010986001200810
0406010986004200810
0406010986006200810
0406010994001200810
0406010994004200810
0406010994006200810
0406011001004200810
0406011010004200810
0406011028004200810
0406011036004200810
0406011044004200810
0406011052004200810
0406011060004200810
0406011079004200810
0406011087004200810
0406011095004200810
0406011109004200810
0406011109006200810
0406011117004200810
0406011125004200810
0406011125006200810
0406011133004200810
0406011133006200810
0406011141004200810
0406011150004200810
0406011168004200810
0406011176004200810
0406011184004200810
0406011192004200810
0406011206001200810
0406011206004200810
0406011206006200810
0406011214001200810
0406011214004200810
0406011214006200810
0406011222001200810
0406011222004200810
0406011222006200810
0406020019001200810
0406020019004200810
0406020027001200810
0406020027004200810
0406020035001200810
0406020035004200810
0406020043001200810
0406020043004200810
0406020051001200810
0406020051004200810
0406020051006200810
0406020078001200810
0406020078004200810
0406020108001200810
0406020108004200810
0406020116001200810
0406020116004200810
0406020124001200810
0406020124004200810
0406020159001200810
0406020167001200810
0406020167004200810
0406020191001200810
0406020191004200810
0406020205001200810
0406020213001200810
0406020213004200810
0406020221001200810
0406020221004200810
0406020230001200810
0406020230004200810
0406020248001200810
0406020248004200810
0406020256001200810
0406020256004200810
0406020264001200810
0406020264004200810
0406020272001200810
0406020272004200810
0406020280001200810
0406020280004200810
0406020302001200810
0406020302004200810
0406020310001200810
0406020310004200810
0406020329001200810
0406020329004200810
0406020337001200810
0406020337004200810
0406020345001200810
0406020345004200810
0406020353001200810
0406020353004200810
0406020361001200810
0406020361004200810
0406020370001200810
0406020370004200810
0406020388001200810
0406020388004200810
0406020396001200810
0406020396004200810
0406020400001200810
0406020400004200810
0406020418001200810
0406020418004200810
0406020426001200810
0406020426004200810
0406020434001200810
0406020434004200810
0406020442001200810
0406020442004200810
0406020450001200810
0406020450004200810
0406020469001200810
0406020469004200810
0406020477001200810
0406020477004200810
0406020485001200810
0406020485004200810
0406020493001200810
0406020493004200810
0406020507001200810
0406020507004200810
0406020515001200810
0406020515004200810
0406020523001200810
0406020523004200810
0406020531001200810
0406020531004200810
0406020540001200810
0406020540004200810
0406020558001200810
0406020558004200810
0406020566001200810
0406020566002200810
0406020566004200810
0406020574001200810
0406020574002200810
0406020574004200810
0406020582001200810
0406020582004200810
0406020582006200810
0406020590001200810
0406020590004200810
0406020604001200810
0406020604004200810
0406030014001200810
0406030014006200810
0406030022001200810
0406030022006200810
0406030030001200810
0406030030006200810
0406030049001200810
0406030049004200810
0406030049006200810
0406030057001200810
0406030057004200810
0406030057006200810
0406030065001200810
0406030065006200810
0406030073001200810
0406030073006200810
0406030081001200810
0406030081006200810
0406030090001200810
0406030090004200810
0406030090006200810
0406030103001200810
0406030103004200810
0406030103006200810
0406030111001200810
0406030111006200810
0406030120001200810
0406030120006200810
0406030138001200810
0406030138004200810
0406030138006200810
0406030146001200810
0406030146006200810
0406040010004200810
0406040028001200810
0406040028004200810
0406040028006200810
0406040044001200810
0406040044004200810
0406040044006200810
0406040052001200810
0406040052004200810
0406040052006200810
0406040060001200810
0406040060004200810
0406040060006200810
0406040079004200810
0406040087001200810
0406040087004200810
0406040087006200810
0406040095001200810
0406040095004200810
0406040095006200810
0406040109004200810
0406040109006200810
0406040117004200810
0406040125004200810
0406040125006200810
0406040133001200810
0406040133004200810
0406040133006200810
0406040141004200810
0406040141006200810
0406040150001200810
0406040150004200810
0406040150006200810
0406040168001200810
0406040168004200810
0406040168006200810
0406040176001200810
0406040176004200810
0406040176006200810
0406040184001200810
0406040184004200810
0406040192001200810
0406040192004200810
0406040206001200810
0406040206004200810
0406040214001200810
0406040214004200810
0406040222001200810
0406040222004200810
0406040230001200810
0406040230004200810
0406040249001200810
0406040249004200810
0406040257001200810
0406040257004200810
0406040265001200810
0406040265004200810
0406040265006200810
0406040273001200810
0406040273004200810
0406040281001200810
0406040281004200810
0406040290001200810
0406040290004200810
0406040303001200810
0406040303004200810
0406040311001200810
0406040311004200810
0406040320001200810
0406040320004200810
0406040338001200810
0406040338004200810
0406050015004200810
0406050015006200810
0406050023004200810
0406050023006200810
0406050031004200810
0406050031006200810
0406050040001200810
0406050040004200810
0406050040006200810
0406050058004200810
0406050058006200810
0406050066004200810
0406050066006200810
0406050074004200810
0406050074006200810
0406050082004200810
0406050082006200810
0406050090001200810
0406050090004200810
0406050104004200810
0406050104006200810
0406050112001200810
0406050112004200810
0406050112006200810
0406050120004200810
0406050120006200810
0406050139004200810
0406050139006200810
0407010017001200810
0407010017004200810
0407010017006200810
0407010033001200810
0407010033004200810
0407010041001200810
0407010041004200810
0407010050001200810
0407010050004200810
0407010068001200810
0407010068004200810
0407010076001200810
0407010076004200810
0407010084001200810
0407010084004200810
0407010092001200810
0407010092004200810
0407010106001200810
0407010106004200810
0407010114001200810
0407010114004200810
0407010122001200810
0407010122004200810
0407010130001200810
0407010130004200810
0407010149001200810
0407010149004200810
0407010157001200810
0407010157004200810
0407010165001200810
0407010165004200810
0407010173001200810
0407010173004200810
0407010173006200810
0407010181001200810
0407010181004200810
0407010181006200810
0407010190001200810
0407010190004200810
0407010203001200810
0407010203004200810
0407010211001200810
0407010211004200810
0407010220001200810
0407010220004200810
0407010238001200810
0407010238004200810
0407010262001200810
0407010270001200810
0407010270004200810
0407010289001200810
0407010289004200810
0407010297001200810
0407010297004200810
0407010300001200810
0407010300004200810
0407010319001200810
0407010335001200810
0407010335004200810
0407010343001200810
0407010343004200810
0407010351001200810
0407010351004200810
0407020012001200810
0407020012004200810
0407020020001200810
0407020020004200810
0407020039001200810
0407020039004200810
0407020047001200810
0407020047004200810
0407020055001200810
0407020063001200810
0407020063004200810
0407020071001200810
0407020071004200810
0407020080001200810
0407020080004200810
0407020098001200810
0407020098004200810
0407020101001200810
0407020101004200810
0407020110001200810
0407020110004200810
0407020136001200810
0407020136004200810
0407020144001200810
0407020144004200810
0407020152001200810
0407020152004200810
0407020179001200810
0407020179004200810
0407020187001200810
0407020187004200810
0407020195001200810
0407020195004200810
0407020209001200810
0407020209004200810
0407020217001200810
0407020217004200810
0407020225001200810
0407020225002200810
0407020225004200810
0407020233001200810
0407020233004200810
0407020241001200810
0407020241004200810
0407020250001200810
0407020250004200810
0407020268001200810
0407020268004200810
0407020276001200810
0407020276002200810
0407020276004200810
0407020284001200810
0407020284002200810
0407020284004200810
0407020292001200810
0407020292004200810
0407020306001200810
0407020306004200810
0407020322001200810
0407020322004200810
0407020330001200810
0407020330004200810
0407020349001200810
0407020349004200810
0407020357001200810
0407020357004200810
0407020365001200810
0407020365004200810
0407020381001200810
0407020381004200810
0407020403001200810
0407020403004200810
0407020411001200810
0407020411004200810
0407020420001200810
0407020420004200810
0407020438001200810
0407020438004200810
0407020446001200810
0407020446004200810
0407020454001200810
0407020454004200810
0407020462001200810
0407020462004200810
0407020470001200810
0407020470004200810
0407030018001200810
0407030018004200810
0407030026001200810
0407030026002200810
0407030026004200810
0407030034001200810
0407030034002200810
0407030034004200810
0407030042001200810
0407030042004200810
0407030050001200810
0407030050004200810
0407030069001200810
0407030069002200810
0407030069004200810
0407030077001200810
0407030077004200810
0407030123001200810
0407030123004200810
0407030131001200810
0407030131004200810
0407030140001200810
0407030140004200810
0407030158001200810
0407030158004200810
0407030166001200810
0407030166004200810
0407030174001200810
0407030174004200810
0407030182001200810
0407030182004200810
0407030190001200810
0407030190004200810
0407030204001200810
0407030204004200810
0407030212001200810
0407030212004200810
0407030220001200810
0407030220004200810
0407030247001200810
0407030247004200810
0407040013001200810
0407040013004200810
0407040021001200810
0407040021004200810
0407040030001200810
0407040030004200810
0407040048001200810
0407040048004200810
0407040056001200810
0407040056004200810
0407040064001200810
0407040064002200810
0407040064004200810
0407040072001200810
0407040072004200810
0407040080001200810
0407040080002200810
0407040080004200810
0407040099001200810
0407040099002200810
0407040099004200810
0407040102001200810
0407040102002200810
0407040102004200810
0407040110001200810
0407040110002200810
0407040110004200810
0407040129001200810
0407040129002200810
0407040129004200810
0407040137001200810
0407040137004200810
0407040145001200810
0407040145004200810
0407040153001200810
0407040153004200810
0407040161001200810
0407040161004200810
0407040170001200810
0407040170004200810
0407040188001200810
0407040188004200810
0407040200001200810
0407040200004200810
0407040226001200810
0407040226002200810
0407040226004200810
0407040234001200810
0407040234004200810
0407040242001200810
0407040242004200810
0407040250001200810
0407040250004200810
0407040269001200810
0407040269004200810
0408010010001200810
0408010010004200810
0408010010006200810
0408010029001200810
0408010029004200810
0408010037001200810
0408010037004200810
0408010037006200810
0408010045001200810
0408010045004200810
0408010045006200810
0408010053001200810
0408010053004200810
0408010053006200810
0408010061001200810
0408010061004200810
0408010070001200810
0408010070004200810
0408010088001200810
0408010088004200810
0408010088006200810
0408010096001200810
0408010096004200810
0408010100001200810
0408010100004200810
0408010118001200810
0408010118004200810
0408010134001200810
0408010134004200810
0408010142001200810
0408010142004200810
0408010150001200810
0408010150004200810
0408010169001200810
0408010169004200810
0408010177001200810
0408010177004200810
0408010185001200810
0408010185004200810
0408010193001200810
0408010193004200810
0408010207001200810
0408010207004200810
0408010215001200810
0408010215004200810
0408010223001200810
0408010223004200810
0408010231001200810
0408020016001200810
0408020016004200810
0408020024001200810
0408020024004200810
0408020032001200810
0408020032004200810
0408020040001200810
0408020040004200810
0408020059001200810
0408020059004200810
0408020067001200810
0408020067004200810
0408020067006200810
0408020075001200810
0408020075004200810
0408020083001200810
0408020083004200810
0408020083006200810
0408020091001200810
0408020091004200810
0408020105001200810
0408020105004200810
0408020121001200810
0408020121004200810
0408020130001200810
0408020130004200810
0408020148001200810
0408020148004200810
0408020156004200810
0408020164004200810
0408020172004200810
0408020180004200810
0408020199004200810
0408020202004200810
0408020210004200810
0408020229004200810
0408020237001200810
0408020237004200810
0408020245001200810
0408020245004200810
0408020253001200810
0408020253004200810
0408020261001200810
0408020261004200810
0408020270001200810
0408020270004200810
0408020288001200810
0408020288004200810
0408020288006200810
0408020296001200810
0408020296004200810
0408020300001200810
0408020300004200810
0408020318001200810
0408020318004200810
0408020318006200810
0408020326001200810
0408020326004200810
0408020334001200810
0408020334004200810
0408020342001200810
0408020342004200810
0408020350001200810
0408020350004200810
0408020369001200810
0408020369004200810
0408020377001200810
0408020377004200810
0408020385001200810
0408020385004200810
0408020393001200810
0408020393004200810
0408020407001200810
0408020407004200810
0408020415001200810
0408020415004200810
0408020423001200810
0408020423004200810
0408020431001200810
0408020431004200810
0408020440001200810
0408020440004200810
0408020458001200810
0408020458004200810
0408020466001200810
0408020466004200810
0408020474001200810
0408020474004200810
0408020482001200810
0408020482004200810
0408020490001200810
0408020490004200810
0408020504001200810
0408020504004200810
0408020512001200810
0408020512004200810
0408020520001200810
0408020520004200810
0408020539001200810
0408020539004200810
0408020547001200810
0408020547004200810
0408020555001200810
0408020555004200810
0408020563001200810
0408020563004200810
0408020571001200810
0408020571004200810
0408020580001200810
0408020580004200810
0408020598001200810
0408020598004200810
0408020601001200810
0408020601004200810
0408020610001200810
0408020610004200810
0408020628001200810
0408020628004200810
0408020636001200810
0408020636004200810
0408020644001200810
0408020644004200810
0408020644006200810
0408030011001200810
0408030011004200810
0408030020001200810
0408030020004200810
0408030020006200810
0408030038001200810
0408030038004200810
0408030038006200810
0408030046001200810
0408030046004200810
0408030054001200810
0408030054004200810
0408030054006200810
0408030062001200810
0408030062004200810
0408030062006200810
0408030070001200810
0408030070004200810
0408030089001200810
0408030089004200810
0408030089006200810
0408030097001200810
0408030097004200810
0408030100001200810
0408030100004200810
0408030119001200810
0408030119004200810
0408030127001200810
0408030127004200810
0408030127006200810
0408030135001200810
0408030135004200810
0408030135006200810
0408030143001200810
0408030143004200810
0408030143006200810
0408030151001200810
0408030151004200810
0408030160001200810
0408030160004200810
0408030178001200810
0408030178004200810
0408030178006200810
0408030186001200810
0408030186004200810
0408030194001200810
0408030194004200810
0408030208001200810
0408030208004200810
0408030216001200810
0408030216004200810
0408030224001200810
0408030224004200810
0408030232001200810
0408030232004200810
0408030240001200810
0408030240004200810
0408030240006200810
0408030259001200810
0408030259004200810
0408030267001200810
0408030267004200810
0408030275001200810
0408030275004200810
0408030283001200810
0408030283004200810
0408030291001200810
0408030291004200810
0408030305001200810
0408030305004200810
0408030313001200810
0408030313004200810
0408030321001200810
0408030321004200810
0408030330001200810
0408030330004200810
0408030348001200810
0408030348004200810
0408030356001200810
0408030356004200810
0408030356006200810
0408030364001200810
0408030364004200810
0408030364006200810
0408030372001200810
0408030372004200810
0408030380001200810
0408030380004200810
0408030399001200810
0408030399004200810
0408030402001200810
0408030402004200810
0408030410001200810
0408030410004200810
0408030429001200810
0408030429004200810
0408030437001200810
0408030437004200810
0408030445001200810
0408030445004200810
0408030453001200810
0408030453003200810
0408030461001200810
0408030461004200810
0408030470001200810
0408030470004200810
0408030500001200810
0408030500004200810
0408030500006200810
0408030518001200810
0408030518004200810
0408030526001200810
0408030526004200810
0408030534001200810
0408030534004200810
0408030542001200810
0408030542004200810
0408030550001200810
0408030550004200810
0408030550006200810
0408030569001200810
0408030569004200810
0408030569006200810
0408030577001200810
0408030577004200810
0408030585001200810
0408030585004200810
0408030593001200810
0408030593004200810
0408030607001200810
0408030607004200810
0408030615001200810
0408030615004200810
0408030615006200810
0408030623001200810
0408030623004200810
0408030623006200810
0408030631001200810
0408030631004200810
0408030640001200810
0408030640003200810
0408030658001200810
0408030658004200810
0408030666001200810
0408030666004200810
0408030674001200810
0408030674004200810
0408030682001200810
0408030682004200810
0408030690001200810
0408030690004200810
0408030704001200810
0408030704004200810
0408030712001200810
0408030712004200810
0408030720001200810
0408030720004200810
0408030739001200810
0408030739004200810
0408030747001200810
0408030747004200810
0408030755001200810
0408030755004200810
0408030763001200810
0408030763004200810
0408030771001200810
0408030771004200810
0408030771006200810
0408030780001200810
0408030780004200810
0408030798001200810
0408030798004200810
0408030798006200810
0408030801001200810
0408030801004200810
0408030810001200810
0408030810004200810
0408030828001200810
0408030828004200810
0408030836001200810
0408030836004200810
0408030844001200810
0408030844004200810
0408030852001200810
0408030852004200810
0408030860001200810
0408030860004200810
0408030879001200810
0408030879004200810
0408030887001200810
0408030887004200810
0408030895001200810
0408030895004200810
0408030909001200810
0408030909004200810
0408030917001200810
0408030917004200810
0408040017001200810
0408040025001200810
0408040033001200810
0408040033004200810
0408040041001200810
0408040041004200810
0408040041006200810
0408040050001200810
0408040050004200810
0408040068001200810
0408040068004200810
0408040068006200810
0408040076001200810
0408040076004200810
0408040076006200810
0408040084001200810
0408040084004200810
0408040092001200810
0408040092004200810
0408040092006200810
0408040106001200810
0408040106004200810
0408040114001200810
0408040114004200810
0408040114006200810
0408040122001200810
0408040122004200810
0408040130001200810
0408040130004200810
0408040149001200810
0408040149004200810
0408040157001200810
0408040157004200810
0408040157006200810
0408040165001200810
0408040165004200810
0408040165006200810
0408040173001200810
0408040173004200810
0408040181001200810
0408040181004200810
0408040190001200810
0408040190004200810
0408040203001200810
0408040203004200810
0408040220001200810
0408040220006200810
0408040238001200810
0408040238004200810
0408040238006200810
0408040246001200810
0408040246004200810
0408040254001200810
0408040254004200810
0408040254006200810
0408040262001200810
0408040262004200810
0408040270001200810
0408040270004200810
0408040289001200810
0408040289004200810
0408040289006200810
0408040297001200810
0408040297004200810
0408040300001200810
0408040300004200810
0408040319001200810
0408040319004200810
0408040319006200810
0408040327001200810
0408040327004200810
0408040335001200810
0408040335004200810
0408040343001200810
0408040343004200810
0408050012001200810
0408050012004200810
0408050020001200810
0408050020004200810
0408050039001200810
0408050039002200810
0408050039004200810
0408050047001200810
0408050047004200810
0408050047006200810
0408050055001200810
0408050055004200810
0408050055006200810
0408050063001200810
0408050063004200810
0408050063006200810
0408050071001200810
0408050071004200810
0408050071006200810
0408050080001200810
0408050080004200810
0408050101001200810
0408050101004200810
0408050110001200810
0408050110004200810
0408050128001200810
0408050128004200810
0408050136001200810
0408050136004200810
0408050144001200810
0408050144004200810
0408050152001200810
0408050152004200810
0408050160001200810
0408050160004200810
0408050160006200810
0408050179001200810
0408050179004200810
0408050187001200810
0408050187004200810
0408050187006200810
0408050195004200810
0408050209004200810
0408050217004200810
0408050225004200810
0408050233004200810
0408050241004200810
0408050250004200810
0408050268001200810
0408050268004200810
0408050276001200810
0408050276004200810
0408050284001200810
0408050284004200810
0408050292001200810
0408050292004200810
0408050306001200810
0408050306004200810
0408050314001200810
0408050314004200810
0408050322001200810
0408050322004200810
0408050330001200810
0408050330004200810
0408050349001200810
0408050349004200810
0408050349006200810
0408050357001200810
0408050357004200810
0408050365001200810
0408050365004200810
0408050373001200810
0408050373004200810
0408050381001200810
0408050381004200810
0408050390001200810
0408050390004200810
0408050403001200810
0408050403004200810
0408050411001200810
0408050411004200810
0408050420001200810
0408050420004200810
0408050438001200810
0408050438004200810
0408050446001200810
0408050446004200810
0408050454001200810
0408050454004200810
0408050462001200810
0408050462004200810
0408050470001200810
0408050470004200810
0408050489001200810
0408050489004200810
0408050497001200810
0408050497004200810
0408050500001200810
0408050500004200810
0408050519001200810
0408050519004200810
0408050527001200810
0408050527004200810
0408050535001200810
0408050535004200810
0408050543001200810
0408050543004200810
0408050543006200810
0408050551001200810
0408050551004200810
0408050560001200810
0408050560004200810
0408050578001200810
0408050578004200810
0408050586001200810
0408050586004200810
0408050594001200810
0408050594004200810
0408050608001200810
0408050608004200810
0408050616001200810
0408050616004200810
0408050624001200810
0408050624004200810
0408050632001200810
0408050632004200810
0408050640001200810
0408050640004200810
0408050659001200810
0408050659004200810
0408050667001200810
0408050667004200810
0408050675001200810
0408050675004200810
0408050683001200810
0408050683004200810
0408050691001200810
0408050691004200810
0408050705001200810
0408050705004200810
0408050713001200810
0408050713004200810
0408050721001200810
0408050721004200810
0408050730001200810
0408050730004200810
0408050748001200810
0408050748004200810
0408050756001200810
0408050756004200810
0408050756006200810
0408050764001200810
0408050764002200810
0408050764004200810
0408050772001200810
0408050772004200810
0408050772006200810
0408050780001200810
0408050780004200810
0408050799001200810
0408050799004200810
0408050802001200810
0408050802004200810
0408050810001200810
0408050810004200810
0408050829001200810
0408050829004200810
0408050837001200810
0408050837004200810
0408050845001200810
0408050845004200810
0408050853001200810
0408050853004200810
0408050853006200810
0408050861001200810
0408050861004200810
0408050870001200810
0408050870004200810
0408050888001200810
0408050888004200810
0408050888006200810
0408050896001200810
0408050896002200810
0408050896004200810
0408050900001200810
0408050900004200810
0408050918001200810
0408050918002200810
0408050918004200810
0408050926001200810
0408050926004200810
0408060018001200810
0408060018004200810
0408060026001200810
0408060026004200810
0408060026006200810
0408060034001200810
0408060034004200810
0408060034006200810
0408060042001200810
0408060042004200810
0408060050001200810
0408060050004200810
0408060069001200810
0408060069002200810
0408060069004200810
0408060069006200810
0408060077001200810
0408060077004200810
0408060077006200810
0408060085001200810
0408060085004200810
0408060093001200810
0408060093004200810
0408060107001200810
0408060107004200810
0408060107006200810
0408060115001200810
0408060115004200810
0408060115006200810
0408060123001200810
0408060123002200810
0408060123004200810
0408060131001200810
0408060131004200810
0408060140001200810
0408060140002200810
0408060140004200810
0408060158001200810
0408060158004200810
0408060166001200810
0408060174001200810
0408060174004200810
0408060182001200810
0408060182004200810
0408060190001200810
0408060190002200810
0408060190004200810
0408060204001200810
0408060204004200810
0408060212001200810
0408060212004200810
0408060239001200810
0408060239004200810
0408060239006200810
0408060247001200810
0408060247004200810
0408060255001200810
0408060255004200810
0408060255006200810
0408060263001200810
0408060263004200810
0408060263006200810
0408060271001200810
0408060271004200810
0408060280001200810
0408060280004200810
0408060298001200810
0408060298004200810
0408060298006200810
0408060301001200810
0408060301004200810
0408060310001200810
0408060310004200810
0408060328001200810
0408060336001200810
0408060336004200810
0408060344001200810
0408060344004200810
0408060352001200810
0408060352004200810
0408060360001200810
0408060360004200810
0408060379001200810
0408060379004200810
0408060387001200810
0408060387004200810
0408060395001200810
0408060409001200810
0408060409002200810
0408060409004200810
0408060417001200810
0408060417002200810
0408060417004200810
0408060425001200810
0408060425004200810
0408060433001200810
0408060433004200810
0408060441001200810
0408060441002200810
0408060441004200810
0408060450001200810
0408060450002200810
0408060450004200810
0408060468001200810
0408060468004200810
0408060476001200810
0408060476002200810
0408060476004200810
0408060484001200810
0408060484002200810
0408060484004200810
0408060492001200810
0408060492004200810
0408060492006200810
0408060506001200810
0408060506004200810
0408060506006200810
0408060514001200810
0408060514004200810
0408060514006200810
0408060522001200810
0408060522004200810
0408060522006200810
0408060530001200810
0408060530004200810
0408060530006200810
0408060549001200810
0408060557001200810
0408060557004200810
0408060565001200810
0408060565004200810
0408060573001200810
0408060573002200810
0408060573004200810
0408060581001200810
0408060581004200810
0408060590001200810
0408060590002200810
0408060590004200810
0408060603001200810
0408060603004200810
0408060611001200810
0408060611004200810
0408060620001200810
0408060620002200810
0408060620004200810
0408060620006200810
0408060638001200810
0408060638004200810
0408060646001200810
0408060646004200810
0408060646006200810
0408060662001200810
0408060662004200810
0408060670001200810
0408060670002200810
0408060670004200810
0408060697001200810
0408060697004200810
0408060700001200810
0408060700004200810
0409010014001200810
0409010014004200810
0409010022001200810
0409010022004200810
0409010030001200810
0409010030004200810
0409010049001200810
0409010049004200810
0409010057001200810
0409010057004200810
0409010065001200810
0409010065004200810
0409010073001200810
0409010073004200810
0409010081001200810
0409010081004200810
0409010090001200810
0409010090004200810
0409010103001200810
0409010111001200810
0409010120001200810
0409010120004200810
0409010138001200810
0409010138004200810
0409010146001200810
0409010146004200810
0409010154001200810
0409010162001200810
0409010170001200810
0409010170004200810
0409010189001200810
0409010189004200810
0409010197001200810
0409010197004200810
0409010200001200810
0409010200004200810
0409010219001200810
0409010219004200810
0409010227001200810
0409010227004200810
0409010235001200810
0409010235004200810
0409010243001200810
0409010243004200810
0409010251001200810
0409010251004200810
0409010260001200810
0409010260004200810
0409010278001200810
0409010286001200810
0409010286004200810
0409010294001200810
0409010294004200810
0409010308001200810
0409010308004200810
0409010316001200810
0409010316004200810
0409010324001200810
0409010324004200810
0409010332001200810
0409010332004200810
0409010340001200810
0409010340004200810
0409010367001200810
0409010367004200810
0409010375001200810
0409010375004200810
0409010383001200810
0409010383004200810
0409010391001200810
0409010391004200810
0409010405001200810
0409010405004200810
0409010413001200810
0409010413004200810
0409010421001200810
0409010430001200810
0409010430004200810
0409010448001200810
0409010456001200810
0409010456004200810
0409010464001200810
0409010464004200810
0409010472001200810
0409010472004200810
0409010480001200810
0409010480004200810
0409010499001200810
0409010499002200810
0409010499004200810
0409010502001200810
0409010502004200810
0409010510001200810
0409010510004200810
0409010529001200810
0409010529004200810
0409010537001200810
0409010537004200810
0409010545001200810
0409010545004200810
0409010553001200810
0409010553004200810
0409010561001200810
0409010561004200810
0409010570001200810
0409010570004200810
0409010588001200810
0409010588004200810
0409020010001200810
0409020010004200810
0409020028001200810
0409020028004200810
0409020044001200810
0409020044004200810
0409020052001200810
0409020052004200810
0409020060001200810
0409020079001200810
0409020079004200810
0409020087001200810
0409020087004200810
0409020095001200810
0409020095004200810
0409020109001200810
0409020109004200810
0409020117001200810
0409020125001200810
0409020125004200810
0409020133001200810
0409020133004200810
0409020141001200810
0409020141004200810
0409020150001200810
0409020150004200810
0409020168001200810
0409020168004200810
0409020176001200810
0409020184001200810
0409030015001200810
0409030015004200810
0409030023001200810
0409030023002200810
0409030023004200810
0409030031001200810
0409030031004200810
0409030040001200810
0409030040002200810
0409030040004200810
0409040010001200810
0409040010004200810
0409040037001200810
0409040037004200810
0409040045001200810
0409040045004200810
0409040053001200810
0409040053004200810
0409040070001200810
0409040070004200810
0409040088001200810
0409040088004200810
0409040096001200810
0409040096004200810
0409040100001200810
0409040118001200810
0409040118004200810
0409040126001200810
0409040126004200810
0409040134001200810
0409040134002200810
0409040134004200810
0409040142001200810
0409040142002200810
0409040142004200810
0409040150001200810
0409040150004200810
0409040169001200810
0409040169004200810
0409040177001200810
0409040177004200810
0409040185001200810
0409040185004200810
0409040193001200810
0409040193004200810
0409040207001200810
0409040207004200810
0409040215001200810
0409040215002200810
0409040215004200810
0409040223001200810
0409040223004200810
0409040231001200810
0409040231002200810
0409040231004200810
0409040240002200810
0409040240004200810
0409050016001200810
0409050016004200810
0409050024001200810
0409050024004200810
0409050032001200810
0409050032002200810
0409050032004200810
0409050040001200810
0409050040002200810
0409050040004200810
0409050059001200810
0409050067001200810
0409050075001200810
0409050075004200810
0409050083001200810
0409050083002200810
0409050083004200810
0409050091001200810
0409050091004200810
0409050105001200810
0409050105004200810
0409050113001200810
0409050113004200810
0409050121001200810
0409050121004200810
0409060011001200810
0409060011004200810
0409060020001200810
0409060020002200810
0409060020004200810
0409060038001200810
0409060038002200810
0409060038004200810
0409060046001200810
0409060046002200810
0409060046004200810
0409060054001200810
0409060054004200810
0409060062001200810
0409060070001200810
0409060089001200810
0409060097001200810
0409060100001200810
0409060100002200810
0409060100004200810
0409060119001200810
0409060119002200810
0409060119004200810
0409060127001200810
0409060127004200810
0409060135001200810
0409060135002200810
0409060135004200810
0409060143001200810
0409060143004200810
0409060151001200810
0409060151004200810
0409060160001200810
0409060160004200810
0409060178001200810
0409060178002200810
0409060178004200810
0409060186001200810
0409060186002200810
0409060186004200810
0409060194001200810
0409060194002200810
0409060194004200810
0409060208001200810
0409060208002200810
0409060208004200810
0409060216001200810
0409060216002200810
0409060216004200810
0409060224001200810
0409060224004200810
0409060232001200810
0409060240001200810
0409060259001200810
0409060259004200810
0409060267001200810
0409060275001200810
0409060283001200810
0409060283004200810
0409070017001200810
0409070017004200810
0409070025001200810
0409070025004200810
0409070033001200810
0409070033004200810
0409070041001200810
0409070041004200810
0409070050001200810
0409070050002200810
0409070050004200810
0409070068001200810
0409070068004200810
0409070076001200810
0409070076004200810
0409070084001200810
0409070084004200810
0409070092001200810
0409070106001200810
0409070106004200810
0409070114001200810
0409070114004200810
0409070130001200810
0409070149001200810
0409070157001200810
0409070157002200810
0409070173001200810
0409070190001200810
0409070203001200810
0409070203004200810
0409070211001200810
0409070211004200810
0409070220001200810
0409070238001200810
0409070238004200810
0409070246001200810
0409070246004200810
0409070254001200810
0409070254004200810
0409070262001200810
0409070262004200810
0409070270001200810
0409070270002200810
0409070270004200810
0409070289001200810
0409070289004200810
0409070297001200810
0409070297004200810
0409070300001200810
0409070300004200810
0410010014001200810
0410010014004200810
0410010057001200810
0410010057004200810
0410010065001200810
0410010065002200810
0410010065004200810
0410010073001200810
0410010073002200810
0410010073004200810
0410010081001200810
0410010081004200810
0410010090001200810
0410010090004200810
0410010111004200810
0410010120001200810
0410010120004200810
0411010018001200810
0411010026004200810
0411010026010200810
0411010034004200810
0411010034010200810
0411010042004200810
0411010042010200810
0411010050001200810
0411010050004200810
0411010077001200810
0411010077004200810
0411010085001200810
0411010085004200810
0411020013001200810
0411020013004200810
0411020021001200810
0411020021004200810
0411020030001200810
0411020030004200810
0411020048001200810
0411020048004200810
0411020056001200810
0411020056004200810
0412010011001200810
0412010011004200810
0412010020001200810
0412010020004200810
0412010038001200810
0412010038004200810
0412010046001200810
0412010046004200810
0412010054001200810
0412010054004200810
0412010070001200810
0412010070004200810
0412010089001200810
0412010089004200810
0412010097001200810
0412010097004200810
0412010100001200810
0412010100004200810
0412010119001200810
0412010119004200810
0412010127001200810
0412010135001200810
0412010135004200810
0412010143001200810
0412010143004200810
0412020017001200810
0412020017004200810
0412020025001200810
0412020025004200810
0412020033001200810
0412020033004200810
0412020041001200810
0412020041004200810
0412020050001200810
0412020050004200810
0412020068001200810
0412020068004200810
0412020076001200810
0412020076004200810
0412020084001200810
0412020084004200810
0412030012001200810
0412030012004200810
0412030047001200810
0412030047004200810
0412030080001200810
0412030080004200810
0412040018001200810
0412040018004200810
0412040026001200810
0412040026004200810
0412040034001200810
0412040034004200810
0412040042001200810
0412040042004200810
0412040050001200810
0412040050004200810
0412040069001200810
0412040069004200810
0412040077001200810
0412040077004200810
0412040085001200810
0412040085004200810
0412040093001200810
0412040093004200810
0412040107001200810
0412040107004200810
0412040115001200810
0412040115004200810
0412040123001200810
0412040123004200810
0412040131001200810
0412040131004200810
0412040158001200810
0412040158004200810
0412040166004200810
0412040174001200810
0412040174004200810
0412040182001200810
0412040182004200810
0412040190001200810
0412040190004200810
0412040204001200810
0412040204004200810
0412040212001200810
0412040212004200810
0412040220001200810
0412040220004200810
0412050013001200810
0412050013004200810
0412050021001200810
0412050021004200810
0412050030001200810
0412050030004200810
0412050048001200810
0412050048004200810
0412050056001200810
0412050056004200810
0412050064001200810
0412050064004200810
0412050072001200810
0412050072004200810
0412050080001200810
0412050080004200810
0412050099001200810
0412050099004200810
0412050102001200810
0412050102004200810
0412050110001200810
0412050110004200810
0412050137001200810
0412050137004200810
0412050145001200810
0412050145004200810
0412050153001200810
0412050153004200810
0413010066004200810
0413010082004200810
0413010090001200810
0413010090004200810
0413030016001200810
0413030016004200810
0413030024001200810
0413030024004200810
0413030032001200810
0413030032004200810
0413030040001200810
0413030059001200810
0413030059004200810
0413030067001200810
0413030067004200810
0413030075001200810
0413030075004200810
0413030083001200810
0413030083004200810
0413040020001200810
0413040020004200810
0413040038001200810
0413040038004200810
0413040046001200810
0413040046004200810
0413040054001200810
0413040054004200810
0413040054006200810
0413040062001200810
0413040062004200810
0413040062006200810
0413040070001200810
0413040070004200810
0413040070006200810
0413040089001200810
0413040089004200810
0413040089006200810
0413040097001200810
0413040097004200810
0413040100001200810
0413040100004200810
0413040119001200810
0413040119004200810
0413040127001200810
0413040127004200810
0413040135001200810
0413040135004200810
0413040143001200810
0413040143004200810
0413040151001200810
0413040151004200810
0413040160001200810
0413040160004200810
0413040178001200810
0413040178004200810
0413040186001200810
0413040186004200810
0413040194001200810
0413040194004200810
0413040208001200810
0413040208004200810
0413040216001200810
0413040216004200810
0413040224001200810
0413040224004200810
0413040232001200810
0413040232004200810
0413040240001200810
0413040240004200810
0414010027001200810
0414010027004200810
0414010027006200810
0414010035001200810
0414010035006200810
0414010043001200810
0414010043004200810
0414010051001200810
0414010051004200810
0414010060001200810
0414010060004200810
0414010078001200810
0414010078004200810
0414010086004200810
0414010094001200810
0414010094004200810
0414010108001200810
0414010108004200810
0414010116001200810
0414010116004200810
0414010124001200810
0414010124004200810
0414010132001200810
0414010132004200810
0414010140001200810
0414010140004200810
0414010159001200810
0414010159004200810
0414010167001200810
0414010167004200810
0414010175004200810
0414010183004200810
0414010191004200810
0414010205004200810
0414010230001200810
0414010230004200810
0414010248001200810
0414010248004200810
0414010256001200810
0414010256004200810
0414010264001200810
0414010264004200810
0414010272001200810
0414010272004200810
0414010280001200810
0414010280004200810
0414010329001200810
0414010329004200810
0414020103004200810
0414020111004200810
0414020197001200810
0414020197004200810
0415010012001200810
0415010012004200810
0415010012008200810
0415020018001200810
0415020018004200810
0415020018006200810
0415020018008200810
0415020018009200810
0415020026001200810
0415020026004200810
0415020026008200810
0415030013001200810
0415030013004200810
0415030013008200810
0415040027001200810
0415040027004200810
0415040035001200810
0415040035004200810
0416010016001200810
0416010016004200810
0416010016006200810
0416010024001200810
0416010024004200810
0416010024006200810
0416010032001200810
0416010032004200810
0416010032006200810
0416010040001200810
0416010040004200810
0416010040006200810
0416010059001200810
0416010059004200810
0416010059006200810
0416010067001200810
0416010067004200810
0416010067006200810
0416010075001200810
0416010075004200810
0416010075006200810
0416010083001200810
0416010083004200810
0416010083006200810
0416010091001200810
0416010091004200810
0416010091006200810
0416010105001200810
0416010105004200810
0416010105006200810
0416010113001200810
0416010113004200810
0416010113006200810
0416010121001200810
0416010121004200810
0416010121006200810
0416010130001200810
0416010130004200810
0416010130006200810
0416010148001200810
0416010148004200810
0416010148006200810
0416010156001200810
0416010156004200810
0416010156006200810
0416010164001200810
0416010164004200810
0416010164006200810
0416010172001200810
0416010172004200810
0416010180001200810
0416010180004200810
0416010180006200810
0416010199001200810
0416010199004200810
0416010199006200810
0416020011001200810
0416020011004200810
0416020011006200810
0416020020001200810
0416020020004200810
0416020020006200810
0416020038001200810
0416020038004200810
0416020038006200810
0416020046001200810
0416020046004200810
0416020046006200810
0416020054001200810
0416020054004200810
0416020054006200810
0416020062001200810
0416020062004200810
0416020062006200810
0416020070001200810
0416020070004200810
0416020070006200810
0416020089001200810
0416020089004200810
0416020089006200810
0416020097001200810
0416020097004200810
0416020097006200810
0416020100001200810
0416020100004200810
0416020119001200810
0416020119004200810
0416020119006200810
0416020127001200810
0416020127004200810
0416020127006200810
0416020135001200810
0416020135004200810
0416020143001200810
0416020143004200810
0416020143006200810
0416030017001200810
0416030017004200810
0416030025001200810
0416030025004200810
0416030033001200810
0416030033004200810
0416030033006200810
0416030041001200810
0416030041004200810
0416030041006200810
0416030050001200810
0416030050004200810
0416030050006200810
0416030068001200810
0416030068004200810
0416030068006200810
0416030076001200810
0416030076004200810
0416030076006200810
0416030084001200810
0416030084004200810
0416030084006200810
0416030092001200810
0416030092004200810
0416030092006200810
0416030106001200810
0416030106004200810
0416030106006200810
0416030114001200810
0416030114004200810
0416030114006200810
0416030122001200810
0416030122004200810
0416030122006200810
0416030130001200810
0416030130004200810
0416040012001200810
0416040012004200810
0416040012006200810
0416040020001200810
0416040020004200810
0416040020006200810
0416040039001200810
0416040039004200810
0416040039006200810
0416040047001200810
0416040047004200810
0416040047006200810
0416040055001200810
0416040055004200810
0416040055006200810
0416040063001200810
0416040063004200810
0416040071001200810
0416040071004200810
0416040071006200810
0416040080001200810
0416040080004200810
0416040080006200810
0416040098001200810
0416040098004200810
0416040101001200810
0416040101004200810
0416040101006200810
0416040110001200810
0416040110004200810
0416040110006200810
0416040128001200810
0416040128004200810
0416040128006200810
0416040136001200810
0416040136004200810
0416040136006200810
0416040144001200810
0416040144004200810
0416040144006200810
0416040152001200810
0416040152004200810
0416040152006200810
0416040160001200810
0416040160004200810
0416040160006200810
0416050018001200810
0416050018004200810
0416050018006200810
0416050026001200810
0416050026004200810
0416050026006200810
0416050034001200810
0416050034004200810
0416050034006200810
0416050042001200810
0416050042004200810
0416050050001200810
0416050050004200810
0416050050006200810
0416050069001200810
0416050069004200810
0416050069006200810
0416050077001200810
0416050077004200810
0416050077006200810
0416050085001200810
0416050085004200810
0416050085006200810
0416060013001200810
0416060013004200810
0416060013006200810
0416060021001200810
0416060021004200810
0416060021006200810
0416060030001200810
0416060030004200810
0416060030006200810
0416060048001200810
0416060048004200810
0416060048006200810
0416060056001200810
0416060056004200810
0416060056006200810
0416060064001200810
0416060064004200810
0416060064006200810
0416060072001200810
0416060072004200810
0416060072006200810
0416060080001200810
0416060080004200810
0416060080006200810
0416060099001200810
0416060099004200810
0416060099006200810
0416060102001200810
0416060102004200810
0416060102006200810
0416070027001200810
0416070027004200810
0416070027006200810
0416070035001200810
0416070035004200810
0416070035006200810
0416080014001200810
0416080014004200810
0416080022001200810
0416080022004200810
0416080022006200810
0416080030001200810
0416080030004200810
0416080030006200810
0416080049001200810
0416080049004200810
0416080057001200810
0416080057004200810
0416080065001200810
0416080065004200810
0416080073001200810
0416080073004200810
0416080073006200810
0416080081001200810
0416080081004200810
0416080081006200810
0416080090001200810
0416080090004200810
0416080090006200810
0416080103001200810
0416080103004200810
0416080103006200810
0416090010001200810
0416090010004200810
0416090010006200810
0416090028001200810
0416090028004200810
0416090028006200810
0416090036001200810
0416090036006200810
0416090044001200810
0416090044006200810
0416090052001200810
0416090052004200810
0416090052006200810
0416090060001200810
0416090060004200810
0416090060006200810
0416090079001200810
0416090079004200810
0416090079006200810
0416090087001200810
0416090087006200810
0416090095001200810
0416090095004200810
0416090095006200810
0416090109001200810
0416090109004200810
0416090109006200810
0416110010001200810
0416110010006200810
0416110029001200810
0416110029006200810
0416110037001200810
0416110037004200810
0416110037006200810
0416110045001200810
0416110045006200810
0416110053001200810
0416110053004200810
0416110053006200810
0416120016001200810
0416120016004200810
0416120024001200810
0416120024004200810
0416120024006200810
0416120032001200810
0416120032004200810
0416120032006200810
0416120040001200810
0416120040004200810
0416120040006200810
0416120059001200810
0416120059002200810
0416120059004200810
0416130011001200810
0416130011004200810
0416130011006200810
0416130020001200810
0416130020004200810
0416130020006200810
0416130038001200810
0416130038004200810
0416130038006200810
0416130046001200810
0416130046004200810
0416130046006200810
0416130054001200810
0416130054004200810
0416130054006200810
0416130062001200810
0416130062004200810
0416130062006200810
0417010044005200810
0417010052005200810
0417010060005200810
0418010013001200810
0418010013009200810
0418010021001200810
0418010021009200810
0418010030001200810
0418010030009200810
0418010048001200810
0418010048009200810
0418010064001200810
0418010080001200810
0418010080009200810
0418010099001200810
0418020019001200810
0418020019009200810
0418020027001200810
0418020027009200810
0418020035001200810
0503010014008200810
0503010022008200810
0503020010001200810
0503020010004200810
0503020028001200810
0503020028004200810
0503030058013200810
0504020013013200810
0504020021013200810
0504020030013200810
0504020056013200810
0504030019013200810
0504030027013200810
0505010011009200810
0505010020009200810
0505010038009200810
0505010046009200810
0505010054009200810
0505010062009200810
0505010070009200810
0505010089009200810
0505010097001200810
0505010100001200810
0505010119001200810
0505010127001200810
0505020041001200810
0505020041009200810
0505020050001200810
0505020050009200810
0505020068001200810
0505020068009200810
0505020076001200810
0505020076009200810
0505020084001200810
0505020084009200810
0505020092001200810
0505020106001200810
0505020114001200810
0505020114009200810
0506010015009200810
0506010023009200810
0506020010007200810
0506020029007200810
0506020037007200810
0506020045007200810
0601010019009200810
0601010027009200810
0601010035009200810
0601010043009200810
0601010051009200810
0601020014009200810
0601030010009200810
0601030028009200810
0601040015009200810
0601040023009200810
0601040031009200810
0601040040009200810
0601040058009200810
0601050010009200810
0601050029009200810
0601050037009200810
0601050045009200810
0601050053009200810
0601050061009200810
0601050070009200810
0601050088009200810
0601050096009200810
0601050100009200810
0601050118009200810
0601050126009200810
0601050134009200810
0601050142009200810
0601050150009200810
0601050169009200810
0601060016009200810
0601060024009200810
0601070011009200810
0601070020009200810
0601070038009200810
0601070046009200810
0601070054009200810
0601070062009200810
0601070070009200810
0601070089009200810
0601080017009200810
0601080025009200810
0601080033009200810
0601090012009200810
0601090020009200810
0601090039009200810
0601090047009200810
0601090055009200810
0601090063009200810
0601090080009200810
0601090098009200810
0601090101009200810
0601100018009200810
0601100026009200810
0601100034009200810
0601100042009200810
0601100050009200810
0601100069009200810
0601100077009200810
0601100085009200810
0601100093009200810
0601100107009200810
0601100115009200810
0601100123009200810
0601100131009200810
0601100140009200810
0601100158009200810
0601100166009200810
0601110013009200810
0601110021009200810
0601110030009200810
0601110048009200810
0601110056009200810
0601110064009200810
0601110072009200810
0601110080009200810
0601110099009200810
0601110102009200810
0601110110009200810
0601120019009200810
0601120027009200810
0601120035009200810
0601130014009200810
0601130022009200810
0601140010009200810
0601140028009200810
0601140036009200810
0601140044009200810
0601150015009200810
0601150023009200810
0601160010009200810
0601160029009200810
0601160037009200810
0601170016009200810
0601170024009200810
0601170032009200810
0601170040009200810
0601170059009200810
0601170067009200810
0601170075009200810
0601170083009200810
0601170091009200810
0601170105009200810
0601170113009200810
0601170121009200810
0601170130009200810
0601170148009200810
0601180011009200810
0601180020009200810
0601180038009200810
0601180046009200810
0601180054009200810
0601180062009200810
0601180070009200810
0601180089009200810
0601180097009200810
0601180100009200810
0601180119009200810
0601180127009200810
0601180135009200810
0601180143009200810
0601180151009200810
0601180160009200810
0601180178009200810
0601180186009200810
0601180194009200810
0601180208009200810
0601180216009200810
0601180224009200810
0601180232009200810
0601190017009200810
0601190025009200810
0601190033009200810
0601190041009200810
0601190050009200810
0601190068009200810
0601190076009200810
0601190084009200810
0601190092009200810
0601190106009200810
0601190114009200810
0601190122009200810
0601200012009200810
0601200020009200810
0601200039009200810
0601200047009200810
0601200055009200810
0601200063009200810
0601200071009200810
0601200080009200810
0601200098009200810
0601200101009200810
0601200110009200810
0601200128009200810
0601200136009200810
0601200144009200810
0601200152009200810
0601200160009200810
0601200179009200810
0601200187009200810
0601200195009200810
0601200209009200810
0601210018009200810
0601210026009200810
0601210034009200810
0601210042009200810
0601210050009200810
0601210069009200810
0601210077009200810
0601210085009200810
0601210093009200810
0601220013009200810
0601220021009200810
0601220030009200810
0601220048009200810
0601220056009200810
0601220064009200810
0601220072009200810
0601230019009200810
0601240014009200810
0601240022009200810
0601240030009200810
0601240049009200810
0601240057009200810
0601250010009200810
0601250028009200810
0601250036009200810
0601260015009200810
0601270010009200810
0601270029009200810
0601270037009200810
0601270045009200810
0601270053009200810
0601280016009200810
0601280024009200810
0601290011009200810
0601300017009200810
0601300025009200810
0601300033009200810
0601300041009200810
0601310012009200810
0601310020009200810
0601320018009200810
0601320026009200810
0601330013009200810
0601330021009200810
0601330030009200810
0601330048009200810
0601340019009200810
0601350014009200810
0601350022009200810
0601350030009200810
0601350049009200810
0601350057009200810
0601350065009200810
0601350073009200810
0601350081009200810
0601350090009200810
0601350103009200810
0601350111009200810
0601350120009200810
0601350138009200810
0601350146009200810
0601360010009200810
0601360028009200810
0601360036009200810
0601360044009200810
0601360052009200810
0601360060009200810
0601360079009200810
0801010047005200810
