0101010044134004200810
0201010186131001200810
0201010186132001200810
0201010186132005200810
0201010240131001200810
0201010240132001200810
0201010240132005200810
0201010534105005200810
0201010542121001200810
0201010542121002200810
0201010542121003200810
0201010542121004200810
0202010015145001200810
0202010023145001200810
0202010031145001200810
0202010040145001200810
0202010058145001200810
0202010066145001200810
0202010074145001200810
0202010082145001200810
0202010090145001200810
0202010104145001200810
0202010112145001200810
0202010120145001200810
0202010139145001200810
0202010147145001200810
0202010155145001200810
0202010163145001200810
0202010171145001200810
0202010180145001200810
0202010198145001200810
0202010201145001200810
0202010210145001200810
0202010228145001200810
0202010236145001200810
0202010244145001200810
0202010252145001200810
0202010260145001200810
0202010279145001200810
0202010287145001200810
0202010295145001200810
0202010309145001200810
0202010317145001200810
0202010325145001200810
0202010333145001200810
0202010341145001200810
0202010350145001200810
0202010368145001200810
0202010376145001200810
0202010392145001200810
0202010406145001200810
0202010414145001200810
0202010422145001200810
0202010430145001200810
0202010449145001200810
0202010457145001200810
0202010465145001200810
0202010473145001200810
0202010481145001200810
0202010490145001200810
0202010503145001200810
0202010511145001200810
0202010520145001200810
0202010538145001200810
0202010546145001200810
0202010554145001200810
0202010562145001200810
0202010570145001200810
0202010589145001200810
0202010597145001200810
0202010600145001200810
0202010619145001200810
0202010627145001200810
0202010635145001200810
0202010643145001200810
0202010651145001200810
0202010660145001200810
0202010678145001200810
0202010686145001200810
0202010694145001200810
0202010716145001200810
0202010724145001200810
0202010732145001200810
0202010740145001200810
0202010759145001200810
0202020010145002200810
0202020029145002200810
0202020037145002200810
0202020045145002200810
0202020053145002200810
0202020061145002200810
0202020088145002200810
0202020100145002200810
0202020118145002200810
0202020126145002200810
0202020134145002200810
0202020142145002200810
0202020150145002200810
0202020169145002200810
0202020177145002200810
0202020185145002200810
0202020193145002200810
0202020207145002200810
0202020215145002200810
0202020223145002200810
0202020231145002200810
0202020240145002200810
0202020258145002200810
0202020266145002200810
0202020274145002200810
0202020282145002200810
0202020290145002200810
0202020304145002200810
0202020312145002200810
0202020320145002200810
0202020339145002200810
0202020347145002200810
0202020355145002200810
0202020363145002200810
0202020371145002200810
0202020380145002200810
0202020398145002200810
0202020401145002200810
0202020410145002200810
0202020428145002200810
0202020436145002200810
0202020444145002200810
0202020460145002200810
0202020479128001200810
0202020487145002200810
0202020495145002200810
0202020509145002200810
0202020517145002200810
0202020525145002200810
0202020533145002200810
0202020541145002200810
0202030016145003200810
0202030024145003200810
0202030032145003200810
0202030040145003200810
0202030059145003200810
0202030067145003200810
0202030075145003200810
0202030083145003200810
0202030105145003200810
0202030113145003200810
0202030121145003200810
0202030130145003200810
0202030148145003200810
0202030156145003200810
0202030164145003200810
0202030172145003200810
0202030180145003200810
0202030199145003200810
0202030202145003200810
0202030210145003200810
0202030229145003200810
0202030237132002200810
0202030237145003200810
0202030253145003200810
0202030261145003200810
0202030270145003200810
0202030288145003200810
0202030296145003200810
0202030300145003200810
0202030318145003200810
0202030326145003200810
0202030334145003200810
0202030342145003200810
0202030350145003200810
0202030369145003200810
0202030377145003200810
0202030385145003200810
0202030393145003200810
0202030407145003200810
0202030415145003200810
0202030423145003200810
0202030431145003200810
0202030440145003200810
0202030458145003200810
0202030466145003200810
0202030474145003200810
0202030482145003200810
0202030490145003200810
0202030504145003200810
0202030512145003200810
0202030520145003200810
0202030539145003200810
0202030547145003200810
0202030555145003200810
0202030563145003200810
0202030571145003200810
0202030580145003200810
0202030598145003200810
0202030601145003200810
0202030610145003200810
0202030628145003200810
0202030636145003200810
0202030644145003200810
0202030652145003200810
0202030660145003200810
0202030679145003200810
0202030687145003200810
0202030695145003200810
0202030709145003200810
0202030717145003200810
0202030725145003200810
0202030733145003200810
0202030741145003200810
0202030750145003200810
0202030768145003200810
0202030776145003200810
0202030784145003200810
0202030792145003200810
0202030806145003200810
0202030814145003200810
0202030822145003200810
0202030830145003200810
0202030849145003200810
0202030857145003200810
0202030865145003200810
0202030873145003200810
0202030881145003200810
0202030890145003200810
0202030903145003200810
0202030911145003200810
0202030920145003200810
0202030938145003200810
0202030946145003200810
0202030954145003200810
0202030962145003200810
0202030970145003200810
0202030989145003200810
0202030997145003200810
0202031004145003200810
0202031012145003200810
0202031020145003200810
0202031039145003200810
0202031047145003200810
0202031055145003200810
0202031063145003200810
0202031071145003200810
0202031080145003200810
0202031098145003200810
0202031101145003200810
0202031110145003200810
0202031128145003200810
0202031136145003200810
0202031179145003200810
0202040011145004200810
0202040020145004200810
0202040038145004200810
0202040046145004200810
0202040054145004200810
0202040062145004200810
0202040070145004200810
0202040089145004200810
0202040097145004200810
0202040100145004200810
0202040119145004200810
0202040127145004200810
0202040135145004200810
0202040143145004200810
0202040151145004200810
0202040160145004200810
0202040178145004200810
0202050017145005200810
0202050025145005200810
0202050033145005200810
0202050041145005200810
0202050050145005200810
0202050068145005200810
0202050076145005200810
0202050084145005200810
0202050092145005200810
0202050106145005200810
0202050114145005200810
0202050122145005200810
0202050130145005200810
0202050149145005200810
0202050157145005200810
0202050165145005200810
0202050173145005200810
0202050181145005200810
0202050190145005200810
0202050203145005200810
0202050211145005200810
0202050220145005200810
0202050238145005200810
0202050246145005200810
0202050254145005200810
0202050262145005200810
0202050270145005200810
0202050289145005200810
0202050297145005200810
0202050300145005200810
0202050319145005200810
0202050327145005200810
0202060012145006200810
0202060012151002200810
0202060020145006200810
0202060020151002200810
0202060039145006200810
0202060039151002200810
0202060047145006200810
0202060047151002200810
0202060055145006200810
0202060055151002200810
0202060063145006200810
0202060063151002200810
0202060071145006200810
0202060071151002200810
0202060080145006200810
0202060080151002200810
0202060098145006200810
0202060098151002200810
0202060101145006200810
0202060101151002200810
0202060110145006200810
0202060110151002200810
0202060128145006200810
0202060128151002200810
0202060136145006200810
0202060136151002200810
0202060144145006200810
0202060144151002200810
0202060152145006200810
0202060152151002200810
0202060160145006200810
0202060160151002200810
0202060179145006200810
0202060179151002200810
0202060187145006200810
0202060187151002200810
0202060195145006200810
0202060195151002200810
0202060209145006200810
0202060209151002200810
0202060217145006200810
0202060217151002200810
0202060225145006200810
0202060225151002200810
0202060233145006200810
0202060233151002200810
0202060241145006200810
0202060241151002200810
0202060250145006200810
0202060250151002200810
0202060268145006200810
0202060268151002200810
0202060276145006200810
0202060276151002200810
0202060284145006200810
0202060284151002200810
0202060292145006200810
0202060292151002200810
0202060306145006200810
0202060306151002200810
0202060314145006200810
0202060314151002200810
0202060322145006200810
0202060322151002200810
0202060330145006200810
0202060330151002200810
0202060349145006200810
0202060349151002200810
0202060357145006200810
0202060357151002200810
0202060365145006200810
0202060365151002200810
0202060373145006200810
0202060373151002200810
0202060381145006200810
0202060381151002200810
0202060390145006200810
0202060390151002200810
0202060403145006200810
0202060403151002200810
0202060411145006200810
0202060411151002200810
0202060420145006200810
0202060420151002200810
0202060438145006200810
0202060438151002200810
0202060446145006200810
0202060446151002200810
0202060454145006200810
0202060454151002200810
0202060462145006200810
0202060462151002200810
0202070018145008200810
0202070026145008200810
0202070034145008200810
0202070042145008200810
0202070050145008200810
0202070069145008200810
0202070077145008200810
0202070085145008200810
0202070093145008200810
0202070107145008200810
0202070115145008200810
0202070123145008200810
0202070131145008200810
0202070140145008200810
0202070158145008200810
0202070166145008200810
0202070174145008200810
0202070182145008200810
0202070190145008200810
0202070212145008200810
0202070220145008200810
0202070239145008200810
0202070247145008200810
0202070255145008200810
0202070263145008200810
0202070271145008200810
0202070280145008200810
0202070298145008200810
0202070301145008200810
0202070310145008200810
0202070328145008200810
0202070336145008200810
0202070344145008200810
0202070352145008200810
0202080013145009200810
0202080021145009200810
0202080030145009200810
0202080048145009200810
0202080056145009200810
0202080064145009200810
0202080072145009200810
0202080080145009200810
0202080099145009200810
0202080102145009200810
0202080110145009200810
0202080129145009200810
0202080137145009200810
0202080145145009200810
0202080153145009200810
0202080161145009200810
0202080170145009200810
0202080188145009200810
0202080196145009200810
0202080200145009200810
0202080218145009200810
0202080226145009200810
0202080234145009200810
0202090019145010200810
0202090027145010200810
0202090035145010200810
0202090043145010200810
0202090051145010200810
0202090060145010200810
0202090078145010200810
0202090086145010200810
0202090094145010200810
0202090108145009200810
0202090116145010200810
0202090124145010200810
0202090132145010200810
0202090140145010200810
0202090159145010200810
0202090167145010200810
0202090183145010200810
0202090191145010200810
0202090213145010200810
0202090230145010200810
0202090248145010200810
0202090256145010200810
0202090264145010200810
0202090272145010200810
0202090280145010200810
0202090299145010200810
0202090302145010200810
0202090310145010200810
0202090329145010200810
0202090337145010200810
0202090345145010200810
0202090353145010200810
0202100014145011200810
0202100022145011200810
0202100030145011200810
0202110010145012200810
0202110028145012200810
0202110036145012200810
0202110044145012200810
0202110052145012200810
0202110060145012200810
0202110079145012200810
0202110087145012200810
0202120015128002200810
0202120015145013200810
0202120023128002200810
0202120023145013200810
0202120031128002200810
0202120031145013200810
0202120040128002200810
0202120040145013200810
0202120058128002200810
0202120058145013200810
0202120066128002200810
0202120066145013200810
0202120074128002200810
0202120074145013200810
0202120082128002200810
0202120082145013200810
0202120090128002200810
0202120090145013200810
0202120104128002200810
0202120104145013200810
0203010019120002200810
0203010027120002200810
0203010035120002200810
0203010043120002200810
0203020014120001200810
0203020014120002200810
0203020022120001200810
0203020030120001200810
0203020049120001200810
0203020057120001200810
0203020065120001200810
0203020073120001200810
0203020081120001200810
0204010012121001200810
0204010020121001200810
0204010039121001200810
0204010047121001200810
0204010055121001200810
0204010063121001200810
0204010071121001200810
0204010080121001200810
0204010098121001200810
0204010101121001200810
0204010110121001200810
0204010128121001200810
0204010136121001200810
0204010144121001200810
0204010152121001200810
0204010179121001200810
0204010195121001200810
0204010209121001200810
0204020018121001200810
0204020026121001200810
0204020034121001200810
0204020042121001200810
0204020050121001200810
0204020069121001200810
0204020077121001200810
0204020085121001200810
0204020093121001200810
0204020107121001200810
0204020115121001200810
0204020123121001200810
0204020131121001200810
0204030013121001200810
0204030021121001200810
0204030030121001200810
0204030048121001200810
0204030056121001200810
0204030064121001200810
0204030072121001200810
0204030080121001200810
0204030099121001200810
0204030102121001200810
0204030110121001200810
0204030129121001200810
0204030137121001200810
0204030145121001200810
0204030153121001200810
0204030161121001200810
0204030170121001200810
0204040019121001200810
0204040027121001200810
0204040035121001200810
0204040043121001200810
0204040051121001200810
0204040060121001200810
0204040078121001200810
0204040086121001200810
0204040094121001200810
0204040108121001200810
0204040116121001200810
0204040124121001200810
0204050014121001200810
0204050022121001200810
0204050030121001200810
0204050049121001200810
0204050057121001200810
0204050065121001200810
0204050073121001200810
0204050081121001200810
0204050090121001200810
0204050103121001200810
0204050111121001200810
0204050120121001200810
0204050138121001200810
0204050146121001200810
0204050154121001200810
0204050162121001200810
0204050170121001200810
0204050189121001200810
0204060010121001200810
0204060036121001200810
0204060044121001200810
0204060052121001200810
0204060060121001200810
0204060079121001200810
0204060087121001200810
0204060095121001200810
0204060109121001200810
0204060117121001200810
0204060125121001200810
0204060133121001200810
0204060141121001200810
0204060150121001200810
0204060168121001200810
0204060176121001200810
0205010016122003200810
0205010024122003200810
0205010032121002200810
0205010040121002200810
0205010059121002200810
0205020011121002200810
0205020020121002200810
0205020038121002200810
0205020046121002200810
0205020054121002200810
0205020062121002200810
0205020070121002200810
0205020089121002200810
0205020097121002200810
0205020100121002200810
0205020119121002200810
0205020127121002200810
0205020135121002200810
0205020143121002200810
0205020151121002200810
0205020160121002200810
0205020178121002200810
0205020186121002200810
0205020194121002200810
0206010010121003200810
0206010028121003200810
0206010036121003200810
0206010044121003200810
0206010052121003200810
0206010060121003200810
0206010079121003200810
0206010087121003200810
0206020015121003200810
0206020023121003200810
0206020031121003200810
0206020040121003200810
0206030010121003200810
0206030029121003200810
0206030037121003200810
0207010013121004200810
0207010021121004200810
0207010030121004200810
0207010048121004200810
0207010056121004200810
0207010064121004200810
0207010072121004200810
0207020019121004200810
0207020027121004200810
0207020035121004200810
0207030014121004200810
0207030022121004200810
0207030030121004200810
0207030049121004200810
0208010017151001200810
0208010025151001200810
0208010033151001200810
0208010041151001200810
0208010050151001200810
0208010068151001200810
0208010076151001200810
0208010084151001200810
0208020012151002200810
0208020020151001200810
0208020039151001200810
0208020047151001200810
0208020055151001200810
0208020063151001200810
0208020071151001200810
0208020080151001200810
0208020098151001200810
0208020101151001200810
0208020110151001200810
0208020128151001200810
0208030018151001200810
0208030026151001200810
0208030034151001200810
0208030042151001200810
0208040021151002200810
0208040030151001200810
0208040048151001200810
0208040056151001200810
0208040064151001200810
0208040072151001200810
0208050019151001200810
0208050027151001200810
0208050035151001200810
0208050043151002200810
0208060014151001200810
0208060022151001200810
0208070010151001200810
0208070028151001200810
0208070036151001200810
0208070044151001200810
0208080015151001200810
0208080040151001200810
0208090010151001200810
0208090029151001200810
0208090037151001200810
0209010010142001200810
0209010029142001200810
0209010037142001200810
0209010045142001200810
0209010053142001200810
0209010061142001200810
0209020016142003200810
0209030011142004200810
0209040017142002200810
0209040025142002200810
0209040033142002200810
0209040041142002200810
0209040050142002200810
0210010010121001200810
0210010029121001200810
0210010037121006200810
0210010045121001200810
0210010053121001200810
0210010061121001200810
0210010070121001200810
0210010088121001200810
0210010096121001200810
0210010100121001200810
0210010118121001200810
0210010126121001200810
0210010134121001200810
0210010142121001200810
0210010150121001200810
0210010169121001200810
0210010169121006200810
0210010177121001200810
0210010185121001200810
0210010193121001200810
0210010207121001200810
0210020016121001200810
0211010022121002200810
0211020010116005200810
0211020028116005200810
0211020036122003200810
0211020044122002200810
0211020060122001200810
0211030015126008200810
0211030023126008200810
0211030031126008200810
0211030040126008200810
0211030058126008200810
0211030066126008200810
0211030074126008200810
0211030082126008200810
0211030090126008200810
0211040037145009200810
0211050024122004200810
0211050032122004200810
0211050040122004200810
0211050059122004200810
0211050067122004200810
0211050091105006200810
0211050105105009200810
0211050148105006200810
0211050156122004200810
0211060011131001200810
0211060020131001200810
0211060038131001200810
0211060054131001200810
0211060062131001200810
0211060070131001200810
0211060089131001200810
0211060097131001200810
0211060100131001200810
0211060119131001200810
0211060127131001200810
0211060135131001200810
0211060143131001200810
0211060151131001200810
0211060160131001200810
0211060178131001200810
0211060186131001200810
0211060194131001200810
0211060208131001200810
0211060216131001200810
0211060224131001200810
0211060232131001200810
0211060240131001200810
0211060259131001200810
0211060267131001200810
0211060275131004200810
0211070017107004200810
0211070025107001200810
0211070025107002200810
0211070025107004200810
0211070033107001200810
0211070033107002200810
0211070041107001200810
0211070041107002200810
0211070041107004200810
0211070050107004200810
0211070068107004200810
0211070076107004200810
0211070084107004200810
0211070092107001200810
0211070092107002200810
0211070106107002200810
0211070114107004200810
0211070122107004200810
0211070130107004200810
0211070149107004200810
0211070157107004200810
0211070165107004200810
0211070173107004200810
0211070181107004200810
0211070190107004200810
0211070203107001200810
0211070203107002200810
0211070203107004200810
0211070211107001200810
0211070211107002200810
0211070211107004200810
0211070220107004200810
0211070238107004200810
0211070246107001200810
0211070246107002200810
0211070246107004200810
0211070254107004200810
0211070262107004200810
0211070270107004200810
0211070289107004200810
0211070297107001200810
0211070297107002200810
0211070300107002200810
0211070319107001200810
0211070319107002200810
0211070327107004200810
0211070335107004200810
0211070343107004200810
0211070351107004200810
0211080012133001200810
0211080020133001200810
0211080039133001200810
0211080047133001200810
0211080055133001200810
0211080063133001200810
0211080071133001200810
0211080080122001200810
0211090069130004200810
0211100013115002200810
0212010018128002200810
0212010026128002200810
0212010034128002200810
0212010042128002200810
0212010050128002200810
0212020013128003200810
0212020021128003200810
0212020030128003200810
0212020048128003200810
0212020056128003200810
0212020064128003200810
0213010011141001200810
0213010020141001200810
0213010038141001200810
0213010046141001200810
0213010054141001200810
0213010062141001200810
0213010070141001200810
0213010089141001200810
0213010097141001200810
0213010100141001200810
0213010119141001200810
0213010127141001200810
0213010135141001200810
0213010143141001200810
0213010151141001200810
0213010160141001200810
0213010178141001200810
0213010186141001200810
0213010194141001200810
0213010208141001200810
0213010216141001200810
0213010224141001200810
0213010232141001200810
0213010240141001200810
0213010259141001200810
0213010267141001200810
0213010275141001200810
0213010283141001200810
0213010291141001200810
0213010305141001200810
0213010313141001200810
0213010321141001200810
0213010330141001200810
0213010348141001200810
0213010356141001200810
0213010364141001200810
0213010372141001200810
0213010380141001200810
0213010399141001200810
0213010402141001200810
0213010410141001200810
0213010429141001200810
0213010437141001200810
0213010445141001200810
0213010453141001200810
0213010470141001200810
0213010488141001200810
0213010496141001200810
0213010500141001200810
0213010518141001200810
0213010526141001200810
0213010534141001200810
0213010542141001200810
0213010550141001200810
0213010569141001200810
0213010577141001200810
0213010585141001200810
0213010593141001200810
0213010607141001200810
0213010615141001200810
0213010623141001200810
0213010631141001200810
0213010640141001200810
0213010658141001200810
0213010666141001200810
0213010674141001200810
0213010682141001200810
0213010690141001200810
0213010704141001200810
0213010712141001200810
0213020017141003200810
0213020025141003200810
0213020033141003200810
0213020041141003200810
0213020050141003200810
0213020068141003200810
0213020076141003200810
0213020084141003200810
0301010102131001200810
0301020019108001200810
0301020027108001200810
0301030022103006200810
0301030030103003200810
0301030049103003200810
0301030049103004200810
0301030057103002200810
0301030057103005200810
0301030081103002200810
0301030090103003200810
0301030103103002200810
0301030111104003200810
0301030120104003200810
0301030138104003200810
0301030146104003200810
0301030154103001200810
0301030162103003200810
0301030162103005200810
0301050015133001200810
0301050031113001200810
0301050040113001200810
0301050066133001200810
0301050074113002200810
0301070016107005200810
0301070024135004200810
0301070032107001200810
0301070040115002200810
0301070067135001200810
0301070067135002200810
0301070067135004200810
0301070075135002200810
0301070083135003200810
0301070091135003200810
0301070105135003200810
0301070113107003200810
0301070121135003200810
0301070130135003200810
0301080011119001200810
0301080020115002200810
0301080038115002200810
0301080046115001200810
0301080054115002200810
0301080062115002200810
0301080070115002200810
0301080089115002200810
0301080097115002200810
0301080100115002200810
0301080119115002200810
0301080127115002200810
0301080135115002200810
0301080160115002200810
0301080178115002200810
0301110018117002200810
0301110026117002200810
0301120056127001200810
0302010017126001200810
0302010025126001200810
0302010033126001200810
0302020012126002200810
0302020020126002200810
0302020039126002200810
0302030018126003200810
0302030026126003200810
0302040013126002200810
0302040013126004200810
0302040013126006200810
0302040013126007200810
0302040021126004200810
0302040030126004200810
0302040048126004200810
0302040056126004200810
0302050019126005200810
0302050027126005200810
0302050035126005200810
0302060014126007200810
0302060022126007200810
0302060030126007200810
0302060049126007200810
0302060057126007200810
0302070010126006200810
0302070028126006200810
0302070036126006200810
0303050012131002200810
0303050020131002200810
0303050039131002200810
0303050047131002200810
0303050055131002200810
0303050063131002200810
0303050071131002200810
0303050080131002200810
0303050098131002200810
0303050101131002200810
0303050110131002200810
0303050128131004200810
0303050136131002200810
0303050144131002200810
0303050152131002200810
0303050160131002200810
0303050179131002200810
0303050187131002200810
0303050195131002200810
0303050209131002200810
0303070013142001200810
0303170050115002200810
0303190019135003200810
0304010014132004200810
0304010022132004200810
0304010030132004200810
0304010049132004200810
0304010057132004200810
0304010065132004200810
0304010073132004200810
0304010081132004200810
0304010090132004200810
0304010111132001200810
0304010111132002200810
0304010111132003200810
0304010111132004200810
0304010120132004200810
0304010138132004200810
0304010146132004200810
0304010154132004200810
0304010162132004200810
0304010170132004200810
0304010189132004200810
0304010197132004200810
0304010200132004200810
0304010219132004200810
0304010227132004200810
0304010235132004200810
0304010243132004200810
0304010260132004200810
0304010286132004200810
0304010294132004200810
0304010308132004200810
0304010316132004200810
0304010324132004200810
0304010332132004200810
0304020010132003200810
0304020028132003200810
0304020036132003200810
0304020044132003200810
0304020052132003200810
0304020060132003200810
0304020079132003200810
0304020087132003200810
0304020095132003200810
0304020109132003200810
0304020117132003200810
0304020125132003200810
0304020133132003200810
0304020141132003200810
0304020150132003200810
0304020168132003200810
0304020176132003200810
0304020184132003200810
0304020192132003200810
0304020206132003200810
0304020214132003200810
0304020222132003200810
0304020230132003200810
0304020249132003200810
0304020257132003200810
0304020265132003200810
0304020273132003200810
0304020281132003200810
0304020290132003200810
0304020303132003200810
0304020311132003200810
0304020320132003200810
0304020338132003200810
0304020346132003200810
0304020354132003200810
0304020362132003200810
0304020370132003200810
0304030015132002200810
0304030015132003200810
0304030023132002200810
0304030023132003200810
0304030031132002200810
0304030031132003200810
0304030040132002200810
0304030040132003200810
0304030058132002200810
0304030058132003200810
0304030066132002200810
0304030066132003200810
0304030074132002200810
0304030074132003200810
0304030082132002200810
0304030082132003200810
0304030090132002200810
0304030090132003200810
0304030104132002200810
0304030104132003200810
0304030112132002200810
0304030112132003200810
0304030120132002200810
0304030120132003200810
0304030139132002200810
0304030139132003200810
0304030147132002200810
0304030147132003200810
0304030155132002200810
0304030155132003200810
0304030163132002200810
0304030163132003200810
0304030171132002200810
0304030171132003200810
0304030180132002200810
0304030180132003200810
0304030198132002200810
0304030198132003200810
0304030201132002200810
0304030201132003200810
0304030210132002200810
0304030210132003200810
0304040010132003200810
0304040029132003200810
0304040037132003200810
0304040045132003200810
0304040053132003200810
0304040061132003200810
0304040070132003200810
0304040088132003200810
0304040096132003200810
0304040100132003200810
0304040118132003200810
0304040126132003200810
0304040134132003200810
0304040142132003200810
0304040150132003200810
0304040169132003200810
0304050016132003200810
0304050024132003200810
0304050032132003200810
0304050040132003200810
0304050067132003200810
0304050075132003200810
0304050113132003200810
0304050121132003200810
0304050130132003200810
0304050148132003200810
0304050164132003200810
0304050172132003200810
0304050180132003200810
0304050202132003200810
0304050210132003200810
0304050229132003200810
0304060011132002200810
0304060011132003200810
0304060038132002200810
0304060038132003200810
0304060046132002200810
0304060046132003200810
0304060054132002200810
0304060054132003200810
0304060062132002200810
0304060062132003200810
0304060070132002200810
0304060070132003200810
0304060089132002200810
0304060089132003200810
0304060097132002200810
0304060097132003200810
0304060100132002200810
0304060100132003200810
0304060119132002200810
0304060119132003200810
0304060127132002200810
0304060127132003200810
0304060135132002200810
0304060135132003200810
0304060151132003200810
0304060160132003200810
0304060178132003200810
0304060186132003200810
0304060194132003200810
0304060208132003200810
0304060216132003200810
0304070017132001200810
0304070017132002200810
0304070017132003200810
0304070025132001200810
0304070025132002200810
0304070025132003200810
0304070033132001200810
0304070033132002200810
0304070033132003200810
0304070041132001200810
0304070041132002200810
0304070041132003200810
0304070050132001200810
0304070050132003200810
0304080012132001200810
0304080012132002200810
0304080012132003200810
0304080020132001200810
0304080020132002200810
0304080020132003200810
0304080039132001200810
0304080039132002200810
0304080039132003200810
0304080047132003200810
0304080055132001200810
0304080055132002200810
0304080055132003200810
0304080063132003200810
0304080071132001200810
0304080071132002200810
0304080071132003200810
0304090018151001200810
0304090026151001200810
0304090034151001200810
0304090042151001200810
0305010018130001200810
0305010026130001200810
0305010034130001200810
0305010042130001200810
0305010050130001200810
0305010069130001200810
0305010077130001200810
0305010085130001200810
0305010093130001200810
0305010107130001200810
0305010115130001200810
0305010123130001200810
0305010166130001200810
0306010011128001200810
0306010020128001200810
0306010038128001200810
0306020017128004200810
0306020025128004200810
0306020033128004200810
0306020041128003200810
0306020050128004200810
0306020068128004200810
0306020076128004200810
0306020084128004200810
0306020092128004200810
0306020106128004200810
0306020114128004200810
0306020122128004200810
0306020130128004200810
0306020149128004200810
0306020157128004200810
0309010012136002200810
0309010012136003200810
0309010020136002200810
0309010020136003200810
0309010039136001200810
0309010039136002200810
0309010039136003200810
0309010047136001200810
0309010047136002200810
0309010047136003200810
0309010055136001200810
0309010055136002200810
0309010055136003200810
0309010063136001200810
0309010063136002200810
0309010063136003200810
0309010071136002200810
0309010071136003200810
0309010080136002200810
0309010080136003200810
0309010098136002200810
0309010098136003200810
0309010101136001200810
0309010101136002200810
0309010101136003200810
0309030056142003200810
0309030064142003200810
0309030102130002200810
0309030110130002200810
0309030129130002200810
0309030137130002200810
0309050014134001200810
0309050022134001200810
0309050030134003200810
0403020026105002200810
0403020026138001200810
0403020026138002200810
0403020026138005200810
0403020131105002200810
0403020131138001200810
0403020131138002200810
0403020131138005200810
0405010010131003200810
0405010028131003200810
0405010036131003200810
0405010044131003200810
0405010052131003200810
0405010060131003200810
0405010079131003200810
0405010087131003200810
0405010109131003200810
0405010117131003200810
0405010125131003200810
0405010125132001200810
0405010125132005200810
0405010133131003200810
0405010133132001200810
0405010133132005200810
0405010141131003200810
0405010150131003200810
0405010168131003200810
0405010176131003200810
0405010184131003200810
0405010192131003200810
0405010206131003200810
0405020015131003200810
0405020023131003200810
0405030010131003200810
0405030010132001200810
0405030010132005200810
0405030029131003200810
0405030037131003200810
0405030045131003200810
0405030053131003200810
0405030070131003200810
0405030096131003200810
0405030100131003200810
0405030118131003200810
0405030126131003200810
0405030126132001200810
0405030126132005200810
0405030134131003200810
0405030142131003200810
0405030150131003200810
0405030169131003200810
0405030177131003200810
0405030185131003200810
0405030193131003200810
0405030207131003200810
0405030215131003200810
0405030223131003200810
0405030231131003200810
0405040016131003200810
0405040024131003200810
0405040024132001200810
0405040024132005200810
0405040040131003200810
0405040059131003200810
0405040067131003200810
0405040067132001200810
0405040067132005200810
0405040075131003200810
0405040075132001200810
0405040075132005200810
0405040083131003200810
0405040083132001200810
0405040083132005200810
0405040091131003200810
0405040091132001200810
0405040091132005200810
0405040105131003200810
0405040130131003200810
0405040148131003200810
0405040148132001200810
0405040148132005200810
0405040156131003200810
0405040156132001200810
0405040156132005200810
0405040164131003200810
0405040164132001200810
0405040164132005200810
0405040180131003200810
0405040199131003200810
0405040202131003200810
0405040210131003200810
0405050011131003200810
0405050020131003200810
0405050038131003200810
0405050046131003200810
0405050054131003200810
0405050062131003200810
0405050070131003200810
0405050089131003200810
0405050089132001200810
0405050089132005200810
0405050097131003200810
0405050100131003200810
0405050119131003200810
0405050127131003200810
0405050135131003200810
0405050143131003200810
0405050151131003200810
0405050160131003200810
0405050178131003200810
0405050186131003200810
0405050194131003200810
0405050208131003200810
0405050208132001200810
0405050208132005200810
0405050216131003200810
0405050224131003200810
0405050232131003200810
0405050240131003200810
0405050259131003200810
0405050267131003200810
0405050283131003200810
0405050291131003200810
0405050305131003200810
0405050313131003200810
0405050321131003200810
0405050356131003200810
0405050364131003200810
0405050372131003200810
0405050380131003200810
0405050399131003200810
0406010013116003200810
0406010021116002200810
0406010021116003200810
0406010048116002200810
0406010048116003200810
0406010056116002200810
0406010056116003200810
0406010064116002200810
0406010064116003200810
0406010072116002200810
0406010072116003200810
0406010080116002200810
0406010080116003200810
0406010099116002200810
0406010099116003200810
0406010137116002200810
0406010137116003200810
0406010137116004200810
0406010145116003200810
0406010153116003200810
0406010161116002200810
0406010161116003200810
0406010170116002200810
0406010170116003200810
0406010188116002200810
0406010188116003200810
0406010196116003200810
0406010200116002200810
0406010200116003200810
0406010218116002200810
0406010218116003200810
0406010226116003200810
0406010234116002200810
0406010234116003200810
0406010242116002200810
0406010242116003200810
0406010250116003200810
0406010269116003200810
0406010277116003200810
0406010285116003200810
0406010293116002200810
0406010293116003200810
0406010307116002200810
0406010307116003200810
0406010315116002200810
0406010315116003200810
0406010323116002200810
0406010323116003200810
0406010331116003200810
0406010340116002200810
0406010340116003200810
0406010358116002200810
0406010358116003200810
0406010366116003200810
0406010374116003200810
0406010382116002200810
0406010382116003200810
0406010390116002200810
0406010390116003200810
0406010404116002200810
0406010404116003200810
0406010420116003200810
0406010439116003200810
0406010447116003200810
0406010455116002200810
0406010455116003200810
0406010463116003200810
0406010471116003200810
0406010480116002200810
0406010480116003200810
0406010498116003200810
0406010501116002200810
0406010501116003200810
0406010528116002200810
0406010528116003200810
0406010536116002200810
0406010536116003200810
0406010544116002200810
0406010544116003200810
0406010552116002200810
0406010552116003200810
0406010560116002200810
0406010560116003200810
0406010579116002200810
0406010579116003200810
0406010617116002200810
0406010617116005200810
0406010722116002200810
0407030085121006200810
0407030093121006200810
0407030107121006200810
0407030115121006200810
0407030239121006200810
0409010189130002200810
0413010015117002200810
0413010015140001200810
0413010015140002200810
0413010031117002200810
0413010040117002200810
0413010058117002200810
0413010066117002200810
0413010066140001200810
0413010066140002200810
0413010074117002200810
0413010082117002200810
0413010082140001200810
0413010082140002200810
0413010090117002200810
0413010090140001200810
0413010090140002200810
0413010090140003200810
0413030016117001200810
0413030024117001200810
0413030032117001200810
0413030040117001200810
0413030040117002200810
0413030059117001200810
0413030067117001200810
0413030075117001200810
0413030083117001200810
0413040038127001200810
0413040054127001200810
0413040062127001200810
0413040070127001200810
0413040089127001200810
0414010019114006200810
0414020189114005200810
0415020018127001200810
0416010016132005200810
0416010024132005200810
0416010032132005200810
0416010040132005200810
0416010059132005200810
0416010067132005200810
0416010075132005200810
0416010083132005200810
0416010091132005200810
0416010105132005200810
0416010113132005200810
0416010121132005200810
0416010130132005200810
0416010148132005200810
0416010156132005200810
0416010164132005200810
0416010172132005200810
0416010180132005200810
0416010199132005200810
0416020011132005200810
0416020020132005200810
0416020038132005200810
0416020046132005200810
0416020054132005200810
0416020062132005200810
0416020070132005200810
0416020089132005200810
0416020097132005200810
0416020100132005200810
0416020119132005200810
0416020127132005200810
0416020135132005200810
0416020143132005200810
0416030017132005200810
0416030025132005200810
0416030033132005200810
0416030041132005200810
0416030050132005200810
0416030068132005200810
0416030076132005200810
0416030084132005200810
0416030092132005200810
0416030106132005200810
0416030114132005200810
0416030122132005200810
0416030130132005200810
0416040012132005200810
0416040020132005200810
0416040039132005200810
0416040047132005200810
0416040055132005200810
0416040063132005200810
0416040071132005200810
0416040080132005200810
0416040098132005200810
0416040101132005200810
0416040110132005200810
0416040128132005200810
0416040136132005200810
0416040144132005200810
0416040152132005200810
0416040160132005200810
0416050018132005200810
0416050026132005200810
0416050034132005200810
0416050042132005200810
0416050050132005200810
0416050069132005200810
0416050077132005200810
0416050085132005200810
0416060013132005200810
0416060021132005200810
0416060030132005200810
0416060048132005200810
0416060056132005200810
0416060064132005200810
0416060072132005200810
0416060080132005200810
0416060099132005200810
0416060102132005200810
0416070027132005200810
0416070035132005200810
0416080014132005200810
0416080022132005200810
0416080030132005200810
0416080049132005200810
0416080057132005200810
0416080065132005200810
0416080073132005200810
0416080081132005200810
0416080090132005200810
0416080103132005200810
0416090010132005200810
0416090028132005200810
0416090036132005200810
0416090044132005200810
0416090052132005200810
0416090060132005200810
0416090079132005200810
0416090087132005200810
0416090095132005200810
0416090109132005200810
0416110010132005200810
0416110029132005200810
0416110037132005200810
0416110045132005200810
0416110053132005200810
0416120016132005200810
0416120024132005200810
0416120032132005200810
0416120040132005200810
0416120059132005200810
0416130011132005200810
0416130020132005200810
0416130038132005200810
0416130046132005200810
0416130054132005200810
0416130062132005200810
0418010013150002200810
0418010021150002200810
0418010030150001200810
0418010048130003200810
0418010064130003200810
0418010080130003200810
0418010099130003200810
0418020019130003200810
0418020027130003200810
0418020035130003200810
0501010017128001200810
0501070028145003200810
0501080031145008200810
0506010023149014200810
0601010019125001200810
0601010027125001200810
0601010035125001200810
0601010043125001200810
0601010051125001200810
0601020014125001200810
0601030010125001200810
0601030028125001200810
0601040015125001200810
0601040023125001200810
0601040031125001200810
0601040040125001200810
0601040058125001200810
0601050010125001200810
0601050029125001200810
0601050037125001200810
0601050045125001200810
0601050053125001200810
0601050061125001200810
0601050070125001200810
0601050088125001200810
0601050096125001200810
0601050100125001200810
0601050118125001200810
0601050126125001200810
0601050134125001200810
0601050142125001200810
0601050150125001200810
0601050169125001200810
0601060016125001200810
0601060024125001200810
0601070011125001200810
0601070020125001200810
0601070038125001200810
0601070046125001200810
0601070054125001200810
0601070062125001200810
0601070070125001200810
0601070089125001200810
0601080017125001200810
0601080025125001200810
0601080033125001200810
0601090012125001200810
0601090020125001200810
0601090039125001200810
0601090047125001200810
0601090055125001200810
0601090063125001200810
0601090080125001200810
0601090098125001200810
0601090101125001200810
0601100018125001200810
0601100026125001200810
0601100034125001200810
0601100042125001200810
0601100050125001200810
0601100069125001200810
0601100077125001200810
0601100085125001200810
0601100093125001200810
0601100107125001200810
0601100115125001200810
0601100123125001200810
0601100131125001200810
0601100140125001200810
0601100158125001200810
0601100166125001200810
0601110013125001200810
0601110021125001200810
0601110030125001200810
0601110048125001200810
0601110056125001200810
0601110064125001200810
0601110072125001200810
0601110080125001200810
0601110099125001200810
0601110102125001200810
0601110110125001200810
0601120019125001200810
0601120027125001200810
0601120035125001200810
0601130014125001200810
0601130022125001200810
0601140010125001200810
0601140028125001200810
0601140036125001200810
0601140044125001200810
0601150015125001200810
0601150023125001200810
0601160010125001200810
0601160029125001200810
0601160037125001200810
0601170016125001200810
0601170024125001200810
0601170032125001200810
0601170040125001200810
0601170059125001200810
0601170067125001200810
0601170075125001200810
0601170083125001200810
0601170091125001200810
0601170105125001200810
0601170113125001200810
0601170121125001200810
0601170130125001200810
0601170148125001200810
0601180011125001200810
0601180020125001200810
0601180038125001200810
0601180046125001200810
0601180054125001200810
0601180062125001200810
0601180070125001200810
0601180089125001200810
0601180097125001200810
0601180100125001200810
0601180119125001200810
0601180127125001200810
0601180135125001200810
0601180143125001200810
0601180151125001200810
0601180160125001200810
0601180178125001200810
0601180186125001200810
0601180194125001200810
0601180208125001200810
0601180216125001200810
0601180224125001200810
0601180232125001200810
0601190017125001200810
0601190025125001200810
0601190033125001200810
0601190041125001200810
0601190050125001200810
0601190068125001200810
0601190076125001200810
0601190084125001200810
0601190092125001200810
0601190106125001200810
0601190114125001200810
0601190122125001200810
0601200012125001200810
0601200020125001200810
0601200039125001200810
0601200047125001200810
0601200055125001200810
0601200063125001200810
0601200071125001200810
0601200080125001200810
0601200098125001200810
0601200101125001200810
0601200110125001200810
0601200128125001200810
0601200136125001200810
0601200144125001200810
0601200152125001200810
0601200160125001200810
0601200179125001200810
0601200187125001200810
0601200195125001200810
0601210018125001200810
0601210026125001200810
0601210034125001200810
0601210042125001200810
0601210050125001200810
0601210069125001200810
0601210077125001200810
0601210085125001200810
0601210093125001200810
0601220013125001200810
0601220021125001200810
0601220030125001200810
0601220048125001200810
0601220056125001200810
0601220064125001200810
0601220072125001200810
0601220080125001200810
0601220099125001200810
0601220102125001200810
0601230019125001200810
0601240014125001200810
0601240022125001200810
0601250010125001200810
0601250028125001200810
0601250036125001200810
0601260015125001200810
0601270010125001200810
0601270029125001200810
0601270037125001200810
0601270045125001200810
0601270053125001200810
0601280016125001200810
0601280024125001200810
0601290011125001200810
0601300017125001200810
0601300025125001200810
0601300033125001200810
0601300041125001200810
0601310012125001200810
0601310020125001200810
0601320018125001200810
0601320026125001200810
0601330013125001200810
0601330021125001200810
0601330030125001200810
0601330048125001200810
0601340019125001200810
0601350014125001200810
0601350022125001200810
0601350030125001200810
0601350049125001200810
0601350057125001200810
0601350065125001200810
0601350073125001200810
0601350081125001200810
0601350090125001200810
0601350103125001200810
0601350111125001200810
0601350120125001200810
0601350138125001200810
0601350146125001200810
0601360010125001200810
0601360028125001200810
0601360036125001200810
0601360044125001200810
0601360052125001200810
0601360060125001200810
0601360079125001200810
0602010012125004200810
0602010020125004200810
0602010039125004200810
0602010047125004200810
0602010055125004200810
0602010063125004200810
0602010071125004200810
0602010080125004200810
0602010098125004200810
0602010110125004200810
0602010128125004200810
0602010136125004200810
0602010144125004200810
0602010152125004200810
0602010160125004200810
0603010016125006200810
0603020011125006200810
0603020020125006200810
0603020038125006200810
0603020046125006200810
0603020054125006200810
0603020062125006200810
0603020070125006200810
0603020089125006200810
0603020097125006200810
0603020100125006200810
0603030017125006200810
0603030025125006200810
0603030033125006200810
0603030041125006200810
0603040012125006200810
0603050018125006200810
0603050026125006200810
0603050034125006200810
0603060013125006200810
0603070019125006200810
0603070027125006200810
0603070035125006200810
0603070043125006200810
0603070051125006200810
0603080014125006200810
0603080022125006200810
0603080030125006200810
0603080049125006200810
0603080057125006200810
0603080065125006200810
0603080073125006200810
0603080081125006200810
0603080090125006200810
0603080103125006200810
0603080111125006200810
0603080120125006200810
0603080138125006200810
0603080146125006200810
0603080154125006200810
0603080162125006200810
0603080170125006200810
0603080189125006200810
0603080197125006200810
0603080200125006200810
0603080219125006200810
0603080227125006200810
0603080235125006200810
0603080243125006200810
0603080251125006200810
0603080260125006200810
0701010010123001200810
0701010029123001200810
0701010037123001200810
0701010045123001200810
0701010053123001200810
0701010061123001200810
0701010070123001200810
0701010088123001200810
0701010096123001200810
0701010100123001200810
0701010118123001200810
0701010126123001200810
0701010134123001200810
0701010142123001200810
0701010150123001200810
0701010169123001200810
0701010177123001200810
0701020016123002200810
0701020024123002200810
0701020032123002200810
0701020040123002200810
0701020059123002200810
0701020067123002200810
0701020075123002200810
0701020083123002200810
0701020091123002200810
0701020105123002200810
0701020113123002200810
0701020121123002200810
0701020130123002200810
0701020148123002200810
0701020156123002200810
0701020164123002200810
0701020172123002200810
0701020180123002200810
0701020199123002200810
0701020202123002200810
0701020210123002200810
0701020229123002200810
0701020237123002200810
0701020245123002200810
0701020253123002200810
0701020261123002200810
0701020270123002200810
0701020288123002200810
0701020296123002200810
0701020300123002200810
0701020318123002200810
0701020326123002200810
0701020334123002200810
0701020342123002200810
0701020350123002200810
0701020369123002200810
0701020377123002200810
0701020385123002200810
0701020393123002200810
0701020407123002200810
0701020415123002200810
0701020423123002200810
0701020431123002200810
0701020440123002200810
0701020458123002200810
0701020466123002200810
0701020474123002200810
0701020482123002200810
0701020490123002200810
0701020504123002200810
0701020512123002200810
0701020520123002200810
0701020539123002200810
0701020547123002200810
0701020555123002200810
0701020563123002200810
0701030011123003200810
0701030020123003200810
0701030038123003200810
0701030046123003200810
0701030054123003200810
0701030062123003200810
0701030070123003200810
0701030089123003200810
0701030097123003200810
0701030100123003200810
0701030119123003200810
0701030127123003200810
0701030135123003200810
0701030143123003200810
0701030151123003200810
0701030160123003200810
0701030178123003200810
0701030186123003200810
0701030194123003200810
0701030208123003200810
0701030216123003200810
0701030224123003200810
0701030232123003200810
0701030240123003200810
0701030259123003200810
0701030267123003200810
0701030275123003200810
0701030283123003200810
0701030291123003200810
0701040017123004200810
0701040025123004200810
0701040033123004200810
0701040041123004200810
0701040050123004200810
0701040068123004200810
0701040076123012200810
0701040084123012200810
0701040092123004200810
0701040106123004200810
0701040114123004200810
0701040122123004200810
0701040130123004200810
0701050020123005200810
0701050047123005200810
0701060026123006200810
0701060034123006200810
0701060042123006200810
0701070013123007200810
0701070021123007200810
0701070030123007200810
0701070048123007200810
0701070056123007200810
0701070064123007200810
0701070072123007200810
0701070080123007200810
0701070099123007200810
0701070102123007200810
0701070110123007200810
0701070129123007200810
0701070137123007200810
0701070145123007200810
0701080019123007200810
0701080019123008200810
0701080027123008200810
0701080035123008200810
0701080043123008200810
0701080051123008200810
0701080060123008200810
0701080078123008200810
0701080086123008200810
0701080094123008200810
0701080108123008200810
0701090014123009200810
0701090022123009200810
0701090030123009200810
0701090049123009200810
0701090057123009200810
0701090065123009200810
0701090073123009200810
0701090081123009200810
0701090090123009200810
0701100010123010200810
0701100028123010200810
0701100036123010200810
0701100044123010200810
0701100052123010200810
0701100060123010200810
0701100079123010200810
0701100087123010200810
0701100095123010200810
0701100109123010200810
0702070041131002200810
0702070050131002200810
0702100013130001200810
0702100021130001200810
0702100030130001200810
0702100048130001200810
0702100056130001200810
0702100064130001200810
0702100072130001200810
0702100080130001200810
0702100099130001200810
0702100102130001200810
0803010010104004200810
0803010010104005200810
0803010028104004200810
0803010028104005200810
0803010036104005200810
0803010044104004200810
0803010044104005200810
0803010052104004200810
0803010052104005200810
0803010060104005200810
0803010079104004200810
0803010079104005200810
0803010087104004200810
0803010087104005200810
0803010095104004200810
0803010095104005200810
0803010109104004200810
0803010109104005200810
0803010117104004200810
0803010117104005200810
0803010125104004200810
0803010125104005200810
0803010133104005200810
0803010141104005200810
