020101003801200810
020101009701200810
020101009707200810
020101009709200810
020101011901200810
020101011907200810
020101011909200810
020101012701200810
020101013501200810
020101014301200810
020101014307200810
020101014309200810
020101016001200810
020101016009200810
020101018601200810
020101018607200810
020101018609200810
020101020801200810
020101024001200810
020101024007200810
020101024009200810
020101025901200810
020101026701200810
020101026707200810
020101026709200810
020101030501200810
020101030507200810
020101030509200810
020101031301200810
020101031307200810
020101031309200810
020101032101200810
020101032107200810
020101032109200810
020101033001200810
020101033007200810
020101033009200810
020101040201200810
020101040207200810
020101040209200810
020101053401200810
020101055001200810
020101057701200810
020101057707200810
020904003301200810
020904003307200810
020904003309200810
020904005001200810
020904005007200810
020904005009200810
021105009101200810
021105010503200810
021105010507200810
021105010509200810
030106001003200810
030106001007200810
030106007001200810
030106007003200810
030106007007200810
030106008803200810
030109001703200810
030109001709200810
030109001713200810
030109002503200810
030109002509200810
030109002513200810
030301001003200810
030301001007200810
030301002903200810
030301002907200810
030301003703200810
030301003707200810
030301004503200810
030301004507200810
030301005303200810
030301005307200810
030301006103200810
030301006107200810
030301007003200810
030301007007200810
030301008803200810
030301008807200810
030301009603200810
030301009607200810
030301010003200810
030301010007200810
030301011803200810
030301011807200810
030301012603200810
030301012607200810
030301013403200810
030301013407200810
030301014203200810
030301014207200810
030301015003200810
030301015007200810
030301016903200810
030301016907200810
030301017703200810
030301017707200810
030301018503200810
030301018507200810
030301019303200810
030301019307200810
030301020703200810
030301020707200810
030301021506200810
030301021507200810
030302003203200810
030302003207200810
030302004003200810
030302004007200810
030302005903200810
030302005907200810
030302006703200810
030302006707200810
030302007503200810
030302007507200810
030302008303200810
030302008307200810
030303001107200810
030303001111200810
030303002003200810
030303002007200810
030303003803200810
030303003807200810
030303004603200810
030303004607200810
030303005403200810
030303005407200810
030303006203200810
030303006207200810
030304001703200810
030304001707200810
030304002503200810
030304002507200810
030304003303200810
030304004103200810
030304004107200810
030304005003200810
030304005007200810
030304006803200810
030304006807200810
030304007603200810
030304007607200810
030304008403200810
030304008407200810
030304009203200810
030304009207200810
030304010603200810
030304010607200810
030304011403200810
030304011407200810
030304012203200810
030304012207200810
030304013003200810
030304013007200810
030304014903200810
030304015703200810
030304015707200810
030304016503200810
030304016507200810
030304017303200810
030304017307200810
030304018103200810
030304019003200810
030304019007200810
030304020303200810
030304021103200810
030304022003200810
030304022007200810
030304023803200810
030304023807200810
030304024603200810
030304025403200810
030304025407200810
030304026203200810
030304027003200810
030304028903200810
030304029703200810
030304029707200810
030305013603200810
030305013607200810
030305014403200810
030305014407200810
030306001803200810
030306001807200810
030306002603200810
030306002607200810
030306003403200810
030306003407200810
030306004203200810
030306004207200810
030306005003200810
030306005007200810
030306006903200810
030306006907200810
030306007703200810
030306007707200810
030306008503200810
030306008507200810
030306009303200810
030306009307200810
030306010703200810
030306010707200810
030306011503200810
030306011507200810
030306012303200810
030306012307200810
030306013103200810
030306013107200810
030306014003200810
030306014007200810
030306015803200810
030306016603200810
030306016607200810
030306017403200810
030306017407200810
030306018203200810
030306018207200810
030306019003200810
030306019007200810
030306020403200810
030306020407200810
030306021203200810
030306021207200810
030306022001200810
030306022003200810
030306022007200810
030306023903200810
030306023907200810
030306024703200810
030306024707200810
030306025503200810
030306026303200810
030306026307200810
030306027103200810
030306027107200810
030306028003200810
030306028007200810
030306029803200810
030306029807200810
030306030103200810
030306030107200810
030307006403200810
030307006407200810
030307007203200810
030307007207200810
030307008003200810
030307008007200810
030307009903200810
030307009907200810
030307010203200810
030307010207200810
030307011003200810
030307011007200810
030307012903200810
030307012907200810
030308004303200810
030308004307200810
030308005103200810
030308005107200810
030308006003200810
030308006007200810
030308007803200810
030308007807200810
030308008603200810
030308008607200810
030308009403200810
030308009407200810
030309013803200810
030309013807200810
030309019703200810
030309019707200810
030309020003200810
030309020007200810
030309023503200810
030309023507200810
030309024303200810
030309024307200810
030309028603200810
030309028607200810
030309029403200810
030309029407200810
030309030803200810
030309030807200810
030309031603200810
030309031607200810
030309032403200810
030309032407200810
030309033203200810
030309033207200810
030309034003200810
030309034007200810
030309035903200810
030309035907200810
030309036703200810
030309036707200810
030309037503200810
030309037507200810
030310001002200810
030310001003200810
030310001007200810
030310002802200810
030310002803200810
030310002807200810
030310003602200810
030310003603200810
030310003607200810
030310004402200810
030310004403200810
030310004407200810
030310005202200810
030310005203200810
030310005207200810
030311001503200810
030311001507200810
030311002303200810
030311002307200810
030311003103200810
030311003107200810
030311004003200810
030311004007200810
030311005803200810
030311005807200810
030311006603200810
030311006607200810
030311007403200810
030311007407200810
030311008203200810
030311008207200810
030311009003200810
030311009007200810
030311010403200810
030311010407200810
030311011203200810
030311011207200810
030313001604200810
030313001607200810
030313002404200810
030313002407200810
030313003204200810
030313003207200810
030313004004200810
030313004007200810
030313005904200810
030313005907200810
030313006704200810
030313006707200810
030313007504200810
030313007507200810
030313008304200810
030313008307200810
030314002003200810
030314002007200810
030314003803200810
030314003807200810
030314004603200810
030314004607200810
030314005403200810
030314005407200810
030314006203200810
030314006207200810
030314007003200810
030314007007200810
030314008903200810
030314008907200810
030314009703200810
030314009707200810
030314010003200810
030314010007200810
030314011903200810
030314011907200810
030314012703200810
030314012707200810
030314013503200810
030314013507200810
030314014303200810
030314014307200810
030314015103200810
030314015107200810
030315001703200810
030315001707200810
030315002503200810
030315002507200810
030315003303200810
030315003307200810
030315004103200810
030315004107200810
030315005003200810
030315005007200810
030315006803200810
030315006807200810
030316001207200810
030316002002200810
030316002003200810
030316002007200810
030316003907200810
030316004707200810
030316005507200810
030316006307200810
030316007107200810
030317001803200810
030317001805200810
030317001807200810
030317002603200810
030317002607200810
030317003403200810
030317003407200810
030317004203200810
030317004207200810
030317005003200810
030317005007200810
030317006903200810
030317006907200810
030317007705200810
030317007707200810
030317008503200810
030317008505200810
030317008507200810
030317009305200810
030317009307200810
030317010707200810
030317010714200810
030318001303200810
030318001307200810
030318003003200810
030318003007200810
030318004803200810
030318004807200810
030318005603200810
030318005607200810
030318006403200810
030318006407200810
030318007207200810
030318007210200810
030319001903200810
030319001907200810
030319001908200810
030401004903200810
030401005703200810
030401006503200810
030401011103200810
030401011107200810
030401016203200810
030401032403200810
030401033203200810
030408002003200810
030408002007200810
030408003903200810
030408003907200810
030408004703200810
030408006303200810
030409001803200810
030409001807200810
030409002603200810
030409002607200810
030409003403200810
030409003407200810
030409004203200810
030409004207200810
030410001303200810
030410001307200810
030501017403200810
030501017407200810
030502001303200810
030502001307200810
030502002103200810
030502002107200810
030502003003200810
030502003007200810
030502004803200810
030502004807200810
030502005603200810
030502005607200810
030801001901200810
030801001903200810
030801001907200810
030801002703200810
030801002707200810
030801003501200810
030801003503200810
030801003507200810
030801004301200810
030801004303200810
030801004307200810
030802002203200810
030802002207200810
030802003003200810
030802003007200810
030803001003200810
030803001007200810
030803002803200810
030803002807200810
030803003601200810
030803003603200810
030803003607200810
030803003683200810
030804001501200810
030804001503200810
030804001507200810
030804002303200810
030804002307200810
031001003901200810
031001003902200810
031001003903200810
031001004701200810
031001004702200810
031001004703200810
040102001001200810
040102001007200810
040102002901200810
040102002907200810
040102003701200810
040102003707200810
040102004501200810
040102004507200810
040102004509200810
040102005301200810
040102005307200810
040102005309200810
040102006101200810
040102006107200810
040102006109200810
040102007001200810
040102007007200810
040102007009200810
040102008801200810
040102008807200810
040102008809200810
040102009601200810
040102009607200810
040102009609200810
040102010001200810
040102010007200810
040102011801200810
040102011807200810
040102012601200810
040102012607200810
040102013401200810
040102014201200810
040102014207200810
040102014209200810
040102015001200810
040102015007200810
040102015009200810
040102016901200810
040102016907200810
040201001901200810
040201001907200810
040201002701200810
040201002707200810
040201003501200810
040201003507200810
040201003509200810
040201004301200810
040201004307200810
040201004309200810
040201005101200810
040201005107200810
040202001401200810
040202001407200810
040202002201200810
040202002207200810
040301001201200810
040301001207200810
040301002001200810
040301002007200810
040301003901200810
040301003907200810
040301004701200810
040301004707200810
040301005501200810
040301005507200810
040301006301200810
040301006307200810
040301007101200810
040301007107200810
040301008001200810
040301008007200810
040301009801200810
040301009807200810
040301010101200810
040301010107200810
040301011001200810
040301011007200810
040301012801200810
040301012807200810
040301013601200810
040301013607200810
040301014401200810
040301014407200810
040301015201200810
040301015207200810
040301016001200810
040301016007200810
040301017901200810
040301017907200810
040301018701200810
040301018707200810
040301019501200810
040301019507200810
040301020901200810
040301020907200810
040301021701200810
040301021707200810
040301022501200810
040301022507200810
040301023301200810
040301023307200810
040301024101200810
040301024107200810
040301025001200810
040301025007200810
040301026801200810
040301026807200810
040301027601200810
040301027607200810
040301028401200810
040301028407200810
040301029201200810
040301029207200810
040301030601200810
040301030607200810
040301031401200810
040301031407200810
040301032201200810
040301032207200810
040301033001200810
040301033007200810
040301034901200810
040301034907200810
040301035701200810
040301035707200810
040301036501200810
040301036507200810
040302001801200810
040302001807200810
040302002601200810
040302002607200810
040302003401200810
040302003407200810
040302004201200810
040302004207200810
040302005001200810
040302005007200810
040302006901200810
040302006907200810
040302007701200810
040302007707200810
040302008501200810
040302008507200810
040302009301200810
040302009307200810
040302010701200810
040302010707200810
040302011501200810
040302011507200810
040302012301200810
040302012307200810
040302013101200810
040302013107200810
040303001301200810
040303001307200810
040303002101200810
040303002107200810
040303003001200810
040303003007200810
040303004801200810
040303004807200810
040303005601200810
040303005607200810
040303006401200810
040303006407200810
040303007201200810
040303007207200810
040303008001200810
040303008007200810
040303009901200810
040303009907200810
040303010201200810
040303010207200810
040303011001200810
040303011007200810
040303012901200810
040303012907200810
040303013701200810
040303013707200810
040303014501200810
040303014507200810
040303015301200810
040303015307200810
040303016101200810
040303016107200810
040303017001200810
040303017007200810
040304001901200810
040304001907200810
040304002701200810
040304002707200810
040304003501200810
040304003507200810
040304004301200810
040304004307200810
040304005101200810
040304005107200810
040304006001200810
040304006007200810
040304007801200810
040304007807200810
040304008601200810
040304008607200810
040305003001200810
040305004901200810
040305005701200810
040305006501200810
040305007301200810
040305009001200810
040305010301200810
040305011101200810
040305012001200810
040305013801200810
040305014601200810
040305015401200810
040305016201200810
040306001001200810
040306001007200810
040306002801200810
040306002807200810
040306003601200810
040306003607200810
040306004401200810
040306004407200810
040306005201200810
040306005207200810
040306006001200810
040306006007200810
040306007901200810
040306007907200810
040306008701200810
040306008707200810
040306009501200810
040306009507200810
040307001501200810
040307002301200810
040307003101200810
040307004001200810
040307005801200810
040307006601200810
040307007401200810
040307008201200810
040307009001200810
040307010401200810
040307011201200810
040307012001200810
040307013901200810
040307013907200810
040307014701200810
040307014707200810
040308001001200810
040308002901200810
040308003701200810
040308004501200810
040308005301200810
040308006101200810
040308007001200810
040308008801200810
040308009601200810
040308010001200810
040401001601200810
040401001605200810
040401001609200810
040401002401200810
040401002407200810
040401002409200810
040401003201200810
040401003207200810
040401003209200810
040401004001200810
040401004007200810
040401005901200810
040401005907200810
040401006701200810
040401006707200810
040401008301200810
040401008307200810
040401010501200810
040401010507200810
040401011301200810
040401011307200810
040401012101200810
040401012107200810
040401012109200810
040401013001200810
040401013007200810
040401014801200810
040401014807200810
040401016401200810
040401016407200810
040401017201200810
040401017207200810
040401018001200810
040401018007200810
040401019901200810
040401019907200810
040401020201200810
040401020207200810
040401021001200810
040401021007200810
040401022901200810
040401022907200810
040401023701200810
040401023707200810
040401028801200810
040401028807200810
040401031801200810
040401031807200810
040401031809200810
040401032601200810
040401032607200810
040401033401200810
040401033407200810
040401035001200810
040401035007200810
040401037701200810
040401037707200810
040401038501200810
040401038507200810
040401040701200810
040401040707200810
040401041501200810
040401041507200810
040401041509200810
040401042301200810
040402001101200810
040402001107200810
040402003801200810
040402003807200810
040402004601200810
040402004607200810
040402006201200810
040402006207200810
040402007001200810
040402007007200810
040402007009200810
040402008901200810
040402008907200810
040402008909200810
040402011901200810
040402011907200810
040402013501200810
040402013507200810
040402014301200810
040402014307200810
040402015101200810
040402016001200810
040402016007200810
040402017801200810
040402017807200810
040402018601200810
040402018607200810
040402019401200810
040402019407200810
040402020801200810
040402020807200810
040402021601200810
040402021607200810
040402022401200810
040402022407200810
040402023201200810
040402023207200810
040402024001200810
040402024007200810
040402025901200810
040402025907200810
040402026701200810
040402026707200810
040402026709200810
040402027501200810
040402027507200810
040402028301200810
040402028307200810
040402029101200810
040402029107200810
040402030501200810
040402030507200810
040402031301200810
040402031307200810
040402032101200810
040402032107200810
040402033001200810
040402033007200810
040402034801200810
040402034807200810
040402035601200810
040402035607200810
040402036401200810
040402036407200810
040402037201200810
040402037207200810
040402038001200810
040402038007200810
040402039901200810
040402039907200810
040402040201200810
040402040207200810
040402041001200810
040402041007200810
040402042901200810
040402042907200810
040402043701200810
040402043707200810
040403001701200810
040403001707200810
040403002501200810
040403002507200810
040403003301200810
040403003307200810
040403004101200810
040403004107200810
040403005001200810
040403005007200810
040403006801200810
040403007601200810
040403007607200810
040403008401200810
040403008407200810
040403009201200810
040403009207200810
040403010601200810
040403010607200810
040403011401200810
040403011407200810
040403012201200810
040403012207200810
040403013001200810
040403013007200810
040403014901200810
040403014907200810
040403015701200810
040403015707200810
040403016501200810
040403016507200810
040403017301200810
040403017307200810
040403018101200810
040403018107200810
040403019001200810
040403019007200810
040403020301200810
040403020307200810
040403021101200810
040403021107200810
040501001001200810
040501001007200810
040501001009200810
040501002801200810
040501002807200810
040501002809200810
040501003601200810
040501003607200810
040501003609200810
040501007901200810
040501007907200810
040501007909200810
040501008701200810
040501008707200810
040501008709200810
040501011701200810
040501011707200810
040501011709200810
040501012501200810
040501012507200810
040501012509200810
040501013301200810
040501013307200810
040501013309200810
040501015001200810
040501015007200810
040501015009200810
040501017601200810
040501017607200810
040501017609200810
040502001501200810
040502001507200810
040502001509200810
040502002301200810
040502002307200810
040502002309200810
040503001001200810
040503001007200810
040503001009200810
040503002901200810
040503002907200810
040503002909200810
040503007001200810
040503007007200810
040503007009200810
040503009601200810
040503009607200810
040503009609200810
040503011801200810
040503011807200810
040503011809200810
040503013401200810
040503013407200810
040503013409200810
040503014201200810
040503014207200810
040503014209200810
040503016901200810
040503016907200810
040503017701200810
040503017707200810
040503018501200810
040503018507200810
040503019301200810
040503019307200810
040503020701200810
040503020707200810
040503020709200810
040504001601200810
040504001607200810
040504001609200810
040504002401200810
040504002407200810
040504002409200810
040504004001200810
040504004007200810
040504004009200810
040504005901200810
040504005907200810
040504005909200810
040504006701200810
040504006707200810
040504006709200810
040504007501200810
040504007507200810
040504007509200810
040504008301200810
040504008307200810
040504008309200810
040504009101200810
040504009107200810
040504009109200810
040504010501200810
040504010507200810
040504010509200810
040504014801200810
040504014807200810
040504014809200810
040504015601200810
040504015607200810
040504015609200810
040504016401200810
040504016407200810
040504016409200810
040504018001200810
040504018007200810
040504020201200810
040504020207200810
040504020209200810
040504021001200810
040504021007200810
040504021009200810
040505001101200810
040505001107200810
040505001109200810
040505004601200810
040505004607200810
040505004609200810
040505005401200810
040505005407200810
040505005409200810
040505009701200810
040505009707200810
040505009709200810
040505010001200810
040505010007200810
040505010009200810
040505011901200810
040505011907200810
040505011909200810
040505013501200810
040505013507200810
040505013509200810
040505014301200810
040505014307200810
040505014309200810
040505015101200810
040505015107200810
040505015109200810
040505018601200810
040505018607200810
040505018609200810
040505021601200810
040505021607200810
040505021609200810
040505022401200810
040505022407200810
040505022409200810
040505023201200810
040505023207200810
040505023209200810
040505031301200810
040505031307200810
040505031309200810
040505032101200810
040505032107200810
040505032109200810
040505035601200810
040505035607200810
040505035609200810
040505037201200810
040505037207200810
040505037209200810
040505038001200810
040505038007200810
040505038009200810
040505039901200810
040505039907200810
040505039909200810
040601001301200810
040601001307200810
040601002101200810
040601002107200810
040601003001200810
040601003007200810
040601004801200810
040601004807200810
040601005601200810
040601005607200810
040601006401200810
040601006407200810
040601007201200810
040601007207200810
040601008001200810
040601009901200810
040601009907200810
040601010201200810
040601010207200810
040601011001200810
040601011007200810
040601013701200810
040601013707200810
040601014501200810
040601014507200810
040601015301200810
040601015307200810
040601016101200810
040601017001200810
040601017007200810
040601018801200810
040601018807200810
040601019601200810
040601019607200810
040601020001200810
040601020007200810
040601021801200810
040601021807200810
040601022601200810
040601022607200810
040601023401200810
040601023407200810
040601024201200810
040601024207200810
040601025001200810
040601025007200810
040601026901200810
040601026907200810
040601027701200810
040601027707200810
040601028501200810
040601028507200810
040601029301200810
040601029307200810
040601030701200810
040601030707200810
040601031501200810
040601031507200810
040601032301200810
040601032307200810
040601033101200810
040601033107200810
040601034001200810
040601034007200810
040601035801200810
040601035807200810
040601036601200810
040601036607200810
040601037401200810
040601037407200810
040601038201200810
040601038207200810
040601039001200810
040601039007200810
040601040401200810
040601040407200810
040601041201200810
040601041207200810
040601042001200810
040601042007200810
040601043901200810
040601043907200810
040601044701200810
040601044707200810
040601045501200810
040601045507200810
040601046301200810
040601046307200810
040601047101200810
040601047107200810
040601048001200810
040601048007200810
040601049801200810
040601049807200810
040601050101200810
040601050107200810
040601051001200810
040601051007200810
040601052801200810
040601052807200810
040601053601200810
040601053607200810
040601054401200810
040601054407200810
040601055201200810
040601055207200810
040601056001200810
040601057901200810
040601058701200810
040601059501200810
040601060901200810
040601061701200810
040601062501200810
040601063301200810
040601064101200810
040601064107200810
040601065001200810
040601066801200810
040601066807200810
040601067601200810
040601067607200810
040601068401200810
040601068407200810
040601069201200810
040601069207200810
040601070601200810
040601071401200810
040601071407200810
040601073001200810
040601073007200810
040601074901200810
040601075701200810
040601075707200810
040601076501200810
040601076507200810
040601077301200810
040601077307200810
040601078101200810
040601078107200810
040601079001200810
040601080301200810
040601080307200810
040601081101200810
040601082001200810
040601082007200810
040601083801200810
040601084601200810
040601085401200810
040601086201200810
040601087001200810
040601088901200810
040601089701200810
040601089707200810
040601090001200810
040601090007200810
040601091901200810
040601091907200810
040601092701200810
040601093501200810
040601094301200810
040601095101200810
040601096001200810
040601096003200810
040601096007200810
040601097801200810
040601097803200810
040601097807200810
040601098601200810
040601099401200810
040601100101200810
040601101001200810
040601102801200810
040601103601200810
040601104401200810
040601104407200810
040601105201200810
040601106001200810
040601107901200810
040601108701200810
040601109501200810
040601110901200810
040601111701200810
040601112501200810
040601113301200810
040601113307200810
040601114101200810
040601115001200810
040601115007200810
040601116801200810
040601117601200810
040601118401200810
040601119201200810
040601120601200810
040601121401200810
040601121407200810
040601122201200810
040601122207200810
040602001901200810
040602001907200810
040602002701200810
040602002707200810
040602003501200810
040602003507200810
040602004301200810
040602004307200810
040602005101200810
040602005107200810
040602007801200810
040602007807200810
040602010801200810
040602011601200810
040602011607200810
040602012401200810
040602012407200810
040602015901200810
040602015907200810
040602016701200810
040602016707200810
040602019101200810
040602019107200810
040602021301200810
040602022101200810
040602023001200810
040602024801200810
040602024807200810
040602025601200810
040602025607200810
040602026401200810
040602026407200810
040602027201200810
040602027207200810
040602028001200810
040602028007200810
040602030201200810
040602030207200810
040602031001200810
040602031007200810
040602032901200810
040602032907200810
040602033701200810
040602033707200810
040602034501200810
040602034507200810
040602035301200810
040602035307200810
040602036101200810
040602036107200810
040602037001200810
040602037007200810
040602038801200810
040602038807200810
040602039601200810
040602039607200810
040602040001200810
040602040007200810
040602041801200810
040602041807200810
040602042601200810
040602042607200810
040602043401200810
040602043407200810
040602044201200810
040602044207200810
040602045001200810
040602046901200810
040602046907200810
040602047701200810
040602047707200810
040602048501200810
040602048507200810
040602049301200810
040602049307200810
040602050701200810
040602050707200810
040602051501200810
040602051507200810
040602052301200810
040602053101200810
040602053107200810
040602054001200810
040602054007200810
040602055801200810
040602055807200810
040602056601200810
040602056607200810
040602057401200810
040602057407200810
040602058201200810
040602058207200810
040602059001200810
040602059007200810
040602060401200810
040602060407200810
040603001401200810
040603002201200810
040603003001200810
040603004901200810
040603005701200810
040603005707200810
040603006501200810
040603007301200810
040603008101200810
040603008107200810
040603009001200810
040603009007200810
040603010301200810
040603010307200810
040603011101200810
040603011107200810
040603012001200810
040603012007200810
040603013801200810
040603013807200810
040603014601200810
040603014607200810
040604001001200810
040604001007200810
040604002801200810
040604002807200810
040604004401200810
040604004407200810
040604005201200810
040604005207200810
040604006001200810
040604006007200810
040604007901200810
040604007907200810
040604008701200810
040604009501200810
040604010901200810
040604010907200810
040604011701200810
040604011707200810
040604012501200810
040604012507200810
040604013301200810
040604014101200810
040604014107200810
040604015001200810
040604016801200810
040604017601200810
040604018401200810
040604019201200810
040604019207200810
040604020601200810
040604020607200810
040604021401200810
040604021407200810
040604022201200810
040604022207200810
040604023001200810
040604023007200810
040604024901200810
040604024907200810
040604025701200810
040604025707200810
040604026501200810
040604026507200810
040604027301200810
040604027307200810
040604028101200810
040604029001200810
040604029007200810
040604030301200810
040604030307200810
040604031101200810
040604031107200810
040604032001200810
040604032007200810
040604033801200810
040604033807200810
040605001501200810
040605001507200810
040605002301200810
040605002307200810
040605003101200810
040605003107200810
040605004001200810
040605004007200810
040605005801200810
040605005807200810
040605006601200810
040605006607200810
040605007401200810
040605007407200810
040605008201200810
040605008207200810
040605009001200810
040605009007200810
040605010401200810
040605010407200810
040605011201200810
040605012001200810
040605012007200810
040605013901200810
040605013907200810
040701001701200810
040701001707200810
040701003301200810
040701003307200810
040701004101200810
040701005001200810
040701005007200810
040701006801200810
040701006807200810
040701007601200810
040701008401200810
040701008407200810
040701009201200810
040701009207200810
040701010601200810
040701010607200810
040701011401200810
040701011407200810
040701012201200810
040701012207200810
040701013001200810
040701014901200810
040701015701200810
040701015707200810
040701016501200810
040701016507200810
040701017301200810
040701017307200810
040701018101200810
040701018107200810
040701019001200810
040701019007200810
040701020301200810
040701020307200810
040701021101200810
040701021107200810
040701022001200810
040701022007200810
040701023801200810
040701023807200810
040701027001200810
040701027007200810
040701028901200810
040701029701200810
040701029707200810
040701030001200810
040701033501200810
040701033507200810
040701034301200810
040701034307200810
040701035101200810
040701035107200810
040702001201200810
040702002001200810
040702003901200810
040702003907200810
040702004701200810
040702004707200810
040702006301200810
040702006307200810
040702007101200810
040702007107200810
040702008001200810
040702008007200810
040702009801200810
040702009807200810
040702010101200810
040702010107200810
040702011001200810
040702011007200810
040702011009200810
040702013601200810
040702013607200810
040702013609200810
040702014401200810
040702014407200810
040702014409200810
040702015201200810
040702015207200810
040702017901200810
040702017907200810
040702018701200810
040702018707200810
040702019501200810
040702019507200810
040702020901200810
040702020907200810
040702021701200810
040702021709200810
040702022501200810
040702022507200810
040702022509200810
040702023301200810
040702023307200810
040702024101200810
040702024107200810
040702025001200810
040702025007200810
040702026801200810
040702026807200810
040702027601200810
040702027607200810
040702027609200810
040702028401200810
040702028407200810
040702028409200810
040702029201200810
040702029207200810
040702030601200810
040702030607200810
040702032201200810
040702032207200810
040702032209200810
040702033001200810
040702034901200810
040702035701200810
040702036501200810
040702036507200810
040702038101200810
040702038107200810
040702040301200810
040702040307200810
040702041101200810
040702041107200810
040702042001200810
040702042007200810
040702043801200810
040702043807200810
040702044601200810
040702044607200810
040702045401200810
040702045407200810
040702045409200810
040702046201200810
040702046207200810
040702047001200810
040702047007200810
040702047009200810
040703001801200810
040703001807200810
040703002601200810
040703002607200810
040703003401200810
040703003407200810
040703004201200810
040703004207200810
040703005001200810
040703005007200810
040703006901200810
040703006907200810
040703007701200810
040703007707200810
040703012301200810
040703012307200810
040703013101200810
040703013107200810
040703014001200810
040703014007200810
040703015801200810
040703015807200810
040703016601200810
040703016607200810
040703017401200810
040703017407200810
040703018201200810
040703018207200810
040703019001200810
040703019007200810
040703020401200810
040703021201200810
040703022001200810
040703024701200810
040704001301200810
040704001307200810
040704002101200810
040704002107200810
040704003001200810
040704003007200810
040704004801200810
040704004807200810
040704005601200810
040704005607200810
040704006401200810
040704006407200810
040704006409200810
040704007201200810
040704007207200810
040704007209200810
040704008001200810
040704008007200810
040704008009200810
040704009901200810
040704009907200810
040704009909200810
040704010201200810
040704010207200810
040704010209200810
040704011001200810
040704011007200810
040704011009200810
040704012901200810
040704012907200810
040704012909200810
040704013701200810
040704013707200810
040704014501200810
040704014507200810
040704015301200810
040704015307200810
040704016101200810
040704016107200810
040704017001200810
040704017007200810
040704017009200810
040704018801200810
040704018807200810
040704020001200810
040704020007200810
040704022601200810
040704022607200810
040704022609200810
040704023401200810
040704023407200810
040704024201200810
040704024207200810
040704025001200810
040704025007200810
040704026901200810
040704026907200810
040801001001200810
040801002901200810
040801003701200810
040801004501200810
040801005301200810
040801006101200810
040801007001200810
040801007007200810
040801008801200810
040801008807200810
040801009601200810
040801009607200810
040801010001200810
040801010007200810
040801011801200810
040801011807200810
040801013401200810
040801013407200810
040801014201200810
040801014207200810
040801015001200810
040801015007200810
040801016901200810
040801016907200810
040801017701200810
040801017707200810
040801018501200810
040801018507200810
040801019301200810
040801019307200810
040801020701200810
040801020707200810
040801021501200810
040801022301200810
040801022307200810
040801023101200810
040802001601200810
040802001607200810
040802002401200810
040802002407200810
040802003201200810
040802003207200810
040802004001200810
040802005901200810
040802006701200810
040802007501200810
040802008301200810
040802009101200810
040802010501200810
040802010507200810
040802012101200810
040802012107200810
040802013001200810
040802013007200810
040802014801200810
040802014807200810
040802015601200810
040802015607200810
040802016401200810
040802016407200810
040802017201200810
040802017207200810
040802018001200810
040802018007200810
040802019901200810
040802019907200810
040802020201200810
040802020207200810
040802021001200810
040802021007200810
040802022901200810
040802022907200810
040802023701200810
040802023707200810
040802024501200810
040802024507200810
040802025301200810
040802025307200810
040802026101200810
040802026107200810
040802027001200810
040802027007200810
040802028801200810
040802028807200810
040802029601200810
040802029607200810
040802030001200810
040802030007200810
040802031801200810
040802031807200810
040802032601200810
040802032607200810
040802032609200810
040802033401200810
040802033407200810
040802034201200810
040802034207200810
040802034209200810
040802035001200810
040802035007200810
040802036901200810
040802036907200810
040802037701200810
040802037707200810
040802038501200810
040802038507200810
040802039301200810
040802039307200810
040802040701200810
040802040707200810
040802041501200810
040802041507200810
040802042301200810
040802042307200810
040802043101200810
040802043107200810
040802044001200810
040802044007200810
040802044009200810
040802045801200810
040802045807200810
040802046601200810
040802046607200810
040802047401200810
040802047407200810
040802048201200810
040802048207200810
040802049001200810
040802049007200810
040802050401200810
040802050407200810
040802051201200810
040802051207200810
040802052001200810
040802052007200810
040802053901200810
040802053907200810
040802054701200810
040802054707200810
040802055501200810
040802055507200810
040802056301200810
040802056307200810
040802057101200810
040802057107200810
040802058001200810
040802058007200810
040802059801200810
040802059807200810
040802060101200810
040802060107200810
040802061001200810
040802061007200810
040802062801200810
040802062807200810
040802063601200810
040802063607200810
040802064401200810
040802064407200810
040803001101200810
040803001107200810
040803002001200810
040803002007200810
040803003801200810
040803003807200810
040803004601200810
040803005401200810
040803005407200810
040803006201200810
040803006207200810
040803007001200810
040803007007200810
040803008901200810
040803008907200810
040803009701200810
040803009707200810
040803010001200810
040803010007200810
040803011901200810
040803011907200810
040803012701200810
040803012707200810
040803013501200810
040803014301200810
040803015101200810
040803016001200810
040803017801200810
040803017807200810
040803018601200810
040803019401200810
040803020801200810
040803021601200810
040803022401200810
040803023201200810
040803023207200810
040803024001200810
040803024007200810
040803025901200810
040803025907200810
040803026701200810
040803026707200810
040803027501200810
040803027507200810
040803028301200810
040803028307200810
040803029101200810
040803029107200810
040803030501200810
040803030507200810
040803031301200810
040803031307200810
040803032101200810
040803032107200810
040803033001200810
040803033007200810
040803034801200810
040803034807200810
040803035601200810
040803036401200810
040803036407200810
040803037201200810
040803037207200810
040803038001200810
040803038007200810
040803039901200810
040803039907200810
040803040201200810
040803040207200810
040803041001200810
040803041007200810
040803042901200810
040803042907200810
040803043701200810
040803043707200810
040803044501200810
040803044507200810
040803045301200810
040803045307200810
040803046101200810
040803046107200810
040803047001200810
040803047007200810
040803050001200810
040803050007200810
040803051801200810
040803051807200810
040803052601200810
040803052607200810
040803053401200810
040803053407200810
040803054201200810
040803054207200810
040803055001200810
040803055007200810
040803056901200810
040803056907200810
040803057701200810
040803057707200810
040803058501200810
040803058507200810
040803059301200810
040803059307200810
040803060701200810
040803060707200810
040803061501200810
040803061507200810
040803062301200810
040803062307200810
040803063101200810
040803063107200810
040803064001200810
040803064007200810
040803065801200810
040803065807200810
040803066601200810
040803066607200810
040803067401200810
040803067407200810
040803068201200810
040803068207200810
040803069001200810
040803069007200810
040803070401200810
040803071201200810
040803071207200810
040803072001200810
040803072007200810
040803073901200810
040803073907200810
040803074701200810
040803074707200810
040803075501200810
040803075507200810
040803076301200810
040803076307200810
040803077101200810
040803077107200810
040803078001200810
040803079801200810
040803080101200810
040803080107200810
040803081001200810
040803081007200810
040803082801200810
040803082807200810
040803083601200810
040803083607200810
040803084401200810
040803084407200810
040803085201200810
040803085207200810
040803086001200810
040803086007200810
040803087901200810
040803087907200810
040803088701200810
040803088707200810
040803089501200810
040803089507200810
040803090901200810
040803090907200810
040803091701200810
040803091707200810
040804001701200810
040804001707200810
040804002501200810
040804002507200810
040804003301200810
040804003307200810
040804004101200810
040804004107200810
040804005001200810
040804006801200810
040804007601200810
040804008401200810
040804009201200810
040804010601200810
040804010607200810
040804011401200810
040804011407200810
040804012201200810
040804012207200810
040804013001200810
040804013007200810
040804014901200810
040804014907200810
040804015701200810
040804015707200810
040804016501200810
040804016507200810
040804017301200810
040804017307200810
040804018101200810
040804018107200810
040804019001200810
040804019007200810
040804020301200810
040804020307200810
040804022001200810
040804022007200810
040804023801200810
040804023807200810
040804024601200810
040804024607200810
040804025401200810
040804025407200810
040804026201200810
040804026207200810
040804027001200810
040804027007200810
040804028901200810
040804028907200810
040804029701200810
040804029707200810
040804030001200810
040804030007200810
040804031901200810
040804031907200810
040804032701200810
040804032707200810
040804033501200810
040804033507200810
040804034301200810
040804034307200810
040805001201200810
040805001207200810
040805002001200810
040805002007200810
040805003901200810
040805003907200810
040805004701200810
040805004707200810
040805005501200810
040805006301200810
040805007101200810
040805008001200810
040805008007200810
040805010101200810
040805010107200810
040805011001200810
040805011007200810
040805012801200810
040805012807200810
040805013601200810
040805013607200810
040805014401200810
040805014407200810
040805015201200810
040805015207200810
040805016001200810
040805016007200810
040805017901200810
040805017907200810
040805018701200810
040805018707200810
040805019501200810
040805019507200810
040805020901200810
040805020907200810
040805021701200810
040805021707200810
040805022501200810
040805022507200810
040805022509200810
040805023301200810
040805023307200810
040805024101200810
040805024107200810
040805025001200810
040805025007200810
040805026801200810
040805026807200810
040805026809200810
040805027601200810
040805027607200810
040805028401200810
040805028407200810
040805029201200810
040805029207200810
040805030601200810
040805030607200810
040805031401200810
040805031407200810
040805032201200810
040805032207200810
040805033001200810
040805033007200810
040805034901200810
040805034907200810
040805035701200810
040805035707200810
040805036501200810
040805036507200810
040805037301200810
040805037307200810
040805038101200810
040805038107200810
040805039001200810
040805039007200810
040805040301200810
040805041101200810
040805041107200810
040805042001200810
040805042007200810
040805043801200810
040805043807200810
040805044601200810
040805044607200810
040805045401200810
040805045407200810
040805046201200810
040805046207200810
040805047001200810
040805047007200810
040805048901200810
040805048907200810
040805049701200810
040805049707200810
040805050001200810
040805050007200810
040805051901200810
040805051907200810
040805052701200810
040805052707200810
040805053501200810
040805053507200810
040805054301200810
040805054307200810
040805055101200810
040805055107200810
040805056001200810
040805056007200810
040805057801200810
040805057807200810
040805058601200810
040805058607200810
040805059401200810
040805059407200810
040805060801200810
040805060807200810
040805061601200810
040805061607200810
040805062401200810
040805062407200810
040805063201200810
040805063207200810
040805064001200810
040805064007200810
040805065901200810
040805065907200810
040805066701200810
040805067501200810
040805067507200810
040805068301200810
040805068307200810
040805069101200810
040805069107200810
040805070501200810
040805070507200810
040805071301200810
040805071307200810
040805072101200810
040805072107200810
040805073001200810
040805073007200810
040805074801200810
040805074807200810
040805075601200810
040805075607200810
040805076401200810
040805076407200810
040805077201200810
040805077207200810
040805078001200810
040805078007200810
040805079901200810
040805079907200810
040805080201200810
040805080207200810
040805081001200810
040805081007200810
040805082901200810
040805082907200810
040805083701200810
040805083707200810
040805084501200810
040805084507200810
040805085301200810
040805085307200810
040805086101200810
040805086107200810
040805087001200810
040805087007200810
040805088801200810
040805088807200810
040805089601200810
040805089607200810
040805090001200810
040805091801200810
040805091807200810
040805092601200810
040805092607200810
040806001801200810
040806001807200810
040806002601200810
040806002607200810
040806003401200810
040806003407200810
040806004201200810
040806004207200810
040806004209200810
040806005001200810
040806005007200810
040806006901200810
040806006907200810
040806007701200810
040806007707200810
040806008501200810
040806008507200810
040806009301200810
040806009307200810
040806010701200810
040806010707200810
040806011501200810
040806011507200810
040806012301200810
040806012307200810
040806013101200810
040806013107200810
040806014001200810
040806014007200810
040806015801200810
040806015807200810
040806015809200810
040806016601200810
040806016607200810
040806017401200810
040806017407200810
040806018201200810
040806018207200810
040806019001200810
040806019007200810
040806020401200810
040806020407200810
040806021201200810
040806021207200810
040806023901200810
040806023907200810
040806024701200810
040806024707200810
040806025501200810
040806025507200810
040806026301200810
040806026307200810
040806027101200810
040806027107200810
040806028001200810
040806028007200810
040806029801200810
040806029807200810
040806030101200810
040806030107200810
040806031001200810
040806031007200810
040806032801200810
040806032807200810
040806033601200810
040806033607200810
040806034401200810
040806034407200810
040806035201200810
040806035207200810
040806036001200810
040806036007200810
040806037901200810
040806037907200810
040806038701200810
040806038707200810
040806039501200810
040806039507200810
040806040901200810
040806040907200810
040806041701200810
040806041707200810
040806042501200810
040806042507200810
040806042509200810
040806043301200810
040806043307200810
040806044101200810
040806044107200810
040806045001200810
040806045007200810
040806046801200810
040806046807200810
040806047601200810
040806047607200810
040806048401200810
040806048407200810
040806049201200810
040806049207200810
040806050601200810
040806050607200810
040806051401200810
040806051407200810
040806052201200810
040806052207200810
040806053001200810
040806053007200810
040806054901200810
040806054907200810
040806055701200810
040806055707200810
040806056501200810
040806056507200810
040806057301200810
040806057307200810
040806057309200810
040806058101200810
040806058107200810
040806059001200810
040806059007200810
040806060301200810
040806060307200810
040806061101200810
040806062001200810
040806062007200810
040806063801200810
040806063807200810
040806064601200810
040806064607200810
040806066201200810
040806066207200810
040806067001200810
040806067007200810
040806069701200810
040806069707200810
040806070001200810
040806070007200810
040901001401200810
040901001407200810
040901002201200810
040901002207200810
040901003001200810
040901003007200810
040901004901200810
040901004907200810
040901005701200810
040901005707200810
040901006501200810
040901006507200810
040901007301200810
040901007307200810
040901008101200810
040901008107200810
040901009001200810
040901009007200810
040901012001200810
040901012007200810
040901013801200810
040901013807200810
040901014601200810
040901014607200810
040901017001200810
040901017007200810
040901017009200810
040901018901200810
040901018907200810
040901019701200810
040901019707200810
040901020001200810
040901020007200810
040901021901200810
040901022701200810
040901022707200810
040901023501200810
040901023507200810
040901024301200810
040901024307200810
040901025101200810
040901025107200810
040901026001200810
040901026007200810
040901028601200810
040901028607200810
040901029401200810
040901029407200810
040901030801200810
040901030807200810
040901031601200810
040901031607200810
040901032401200810
040901032407200810
040901033201200810
040901033207200810
040901034001200810
040901034007200810
040901036701200810
040901036707200810
040901037501200810
040901037507200810
040901038301200810
040901038307200810
040901038309200810
040901039101200810
040901039107200810
040901040501200810
040901040507200810
040901041301200810
040901041307200810
040901043001200810
040901043007200810
040901043009200810
040901045601200810
040901045607200810
040901046401200810
040901046407200810
040901047201200810
040901047207200810
040901048001200810
040901048007200810
040901049901200810
040901050201200810
040901050207200810
040901051001200810
040901051007200810
040901052901200810
040901052907200810
040901053701200810
040901053707200810
040901054501200810
040901054507200810
040901055301200810
040901055307200810
040901056101200810
040901056107200810
040901057001200810
040901057007200810
040901058801200810
040901058807200810
040902001001200810
040902001007200810
040902001009200810
040902002801200810
040902002807200810
040902004401200810
040902004407200810
040902004409200810
040902005201200810
040902005207200810
040902007901200810
040902007907200810
040902007909200810
040902008701200810
040902008707200810
040902008709200810
040902009501200810
040902009507200810
040902009509200810
040902010901200810
040902010907200810
040902012501200810
040902012507200810
040902012509200810
040902013301200810
040902013307200810
040902014101200810
040902014107200810
040902015001200810
040902015007200810
040902015009200810
040902016801200810
040902016807200810
040902017601200810
040902017607200810
040902017609200810
040903001501200810
040903001509200810
040903002301200810
040903003101200810
040903004001200810
040904001001200810
040904001007200810
040904001009200810
040904003701200810
040904003707200810
040904004501200810
040904004507200810
040904005301200810
040904005307200810
040904007001200810
040904007007200810
040904007009200810
040904008801200810
040904008807200810
040904008809200810
040904009601200810
040904009607200810
040904011801200810
040904011807200810
040904012601200810
040904012607200810
040904013401200810
040904013407200810
040904014201200810
040904014207200810
040904014209200810
040904015001200810
040904015007200810
040904016901200810
040904016907200810
040904017701200810
040904017707200810
040904018501200810
040904018507200810
040904019301200810
040904019307200810
040904020701200810
040904020707200810
040904021501200810
040904021507200810
040904022301200810
040904023101200810
040904023107200810
040904024001200810
040904024009200810
040905001601200810
040905001607200810
040905002401200810
040905002407200810
040905003201200810
040905004001200810
040905004007200810
040905007501200810
040905007507200810
040905008301200810
040905008307200810
040905008309200810
040905009101200810
040905009107200810
040905010501200810
040905010507200810
040905011301200810
040905011307200810
040905012101200810
040906001101200810
040906001102200810
040906001107200810
040906001109200810
040906002001200810
040906003801200810
040906003809200810
040906004601200810
040906004607200810
040906004609200810
040906005401200810
040906005402200810
040906005409200810
040906007001200810
040906007002200810
040906007009200810
040906010001200810
040906010007200810
040906011901200810
040906011907200810
040906012701200810
040906012707200810
040906013501200810
040906013507200810
040906014301200810
040906014307200810
040906015101200810
040906015107200810
040906016001200810
040906016007200810
040906017801200810
040906017807200810
040906017809200810
040906018601200810
040906018609200810
040906019401200810
040906019407200810
040906020801200810
040906020807200810
040906020809200810
040906021601200810
040906021607200810
040906022401200810
040906022407200810
040906023201200810
040906023202200810
040906023207200810
040906023209200810
040906024001200810
040906024002200810
040906024007200810
040906024009200810
040906025901200810
040906025902200810
040906025907200810
040906026701200810
040906026702200810
040906026707200810
040906026709200810
040906027501200810
040906027507200810
040906027509200810
040906028301200810
040906028307200810
040907001701200810
040907001709200810
040907002501200810
040907003301200810
040907003309200810
040907004101200810
040907004109200810
040907005001200810
040907006801200810
040907006809200810
040907007601200810
040907007609200810
040907008401200810
040907008409200810
040907009201200810
040907009207200810
040907009209200810
040907010601200810
040907010607200810
040907010609200810
040907011401200810
040907011407200810
040907013001200810
040907013007200810
040907013009200810
040907014901200810
040907014907200810
040907014909200810
040907015701200810
040907015707200810
040907015709200810
040907019001200810
040907019009200810
040907020301200810
040907021101200810
040907021107200810
040907022001200810
040907022007200810
040907022009200810
040907023801200810
040907023807200810
040907024601200810
040907024607200810
040907025401200810
040907025407200810
040907026201200810
040907026207200810
040907026209200810
040907027001200810
040907028901200810
040907028907200810
040907029701200810
040907030001200810
041001001401200810
041001001407200810
041001001409200810
041001005701200810
041001006501200810
041001006507200810
041001007301200810
041001007307200810
041001008101200810
041001008107200810
041001008109200810
041001009001200810
041001011101200810
041001011107200810
041001011109200810
041001012001200810
041001012007200810
041101001801200810
041101001802200810
041101001809200810
041101002601200810
041101002602200810
041101003401200810
041101003402200810
041101004201200810
041101004202200810
041101005001200810
041101005002200810
041101007701200810
041101007702200810
041101007709200810
041101008501200810
041101008502200810
041102001301200810
041102001302200810
041102001309200810
041102002101200810
041102002102200810
041102003001200810
041102003002200810
041102004801200810
041102004802200810
041102005601200810
041102005602200810
041201001101200810
041201001107200810
041201002001200810
041201002007200810
041201003801200810
041201003807200810
041201004601200810
041201004607200810
041201004609200810
041201005401200810
041201005407200810
041201007001200810
041201007007200810
041201008901200810
041201008907200810
041201009701200810
041201009707200810
041201010001200810
041201010007200810
041201011901200810
041201011907200810
041201013501200810
041201013507200810
041201014301200810
041201014307200810
041202001701200810
041202001707200810
041202002501200810
041202002507200810
041202003301200810
041202003307200810
041202004101200810
041202004107200810
041202005001200810
041202005007200810
041202006801200810
041202006807200810
041202007601200810
041202007607200810
041202008401200810
041202008407200810
041203001201200810
041203001207200810
041203004701200810
041203004707200810
041203008001200810
041203008007200810
041204001801200810
041204001807200810
041204002601200810
041204002607200810
041204003401200810
041204003407200810
041204004201200810
041204004207200810
041204005001200810
041204005007200810
041204006901200810
041204006907200810
041204007701200810
041204007707200810
041204008501200810
041204008507200810
041204009301200810
041204009307200810
041204010701200810
041204010707200810
041204011501200810
041204011507200810
041204012301200810
041204012307200810
041204013101200810
041204013107200810
041204015801200810
041204015807200810
041204016601200810
041204016607200810
041204017401200810
041204017407200810
041204018201200810
041204018207200810
041204019001200810
041204019007200810
041204020401200810
041204020407200810
041204021201200810
041204021207200810
041204022001200810
041204022007200810
041205001301200810
041205001307200810
041205002101200810
041205002107200810
041205003001200810
041205003007200810
041205004801200810
041205004807200810
041205005601200810
041205005607200810
041205006401200810
041205006407200810
041205007201200810
041205007207200810
041205008001200810
041205008007200810
041205009901200810
041205009907200810
041205010201200810
041205010207200810
041205011001200810
041205011007200810
041205013701200810
041205013707200810
041205014501200810
041205014507200810
041205015301200810
041205015307200810
041301001501200810
041301001507200810
041301006601200810
041301008201200810
041301008207200810
041301009001200810
041301009007200810
041303001601200810
041303001607200810
041303002401200810
041303002407200810
041303003201200810
041303005901200810
041303005907200810
041303006701200810
041303007501200810
041303008301200810
041303008307200810
041304002001200810
041304002007200810
041304003801200810
041304004601200810
041304005401200810
041304005407200810
041304006201200810
041304006207200810
041304007001200810
041304007007200810
041304008901200810
041304008907200810
041304009701200810
041304009707200810
041304010001200810
041304010007200810
041304011901200810
041304011907200810
041304011909200810
041304012701200810
041304012707200810
041304012709200810
041304013501200810
041304013507200810
041304013509200810
041304014301200810
041304014307200810
041304015101200810
041304015107200810
041304015109200810
041304016001200810
041304016007200810
041304017801200810
041304017807200810
041304018601200810
041304018607200810
041304019401200810
041304019407200810
041304020801200810
041304020807200810
041304021601200810
041304021607200810
041304022401200810
041304022407200810
041304023201200810
041304023207200810
041304023209200810
041304024001200810
041304024007200810
041401002701200810
041401003501200810
041401004301200810
041401004307200810
041401005101200810
041401005107200810
041401006001200810
041401006007200810
041401007801200810
041401007807200810
041401008601200810
041401008607200810
041401009401200810
041401009407200810
041401010801200810
041401010807200810
041401011601200810
041401011607200810
041401012401200810
041401012407200810
041401013201200810
041401013207200810
041401014001200810
041401014007200810
041401015901200810
041401015907200810
041401016701200810
041401016707200810
041401017501200810
041401017507200810
041401018301200810
041401018307200810
041401019101200810
041401019107200810
041401020501200810
041401020507200810
041401023001200810
041401023007200810
041401024801200810
041401024807200810
041401025601200810
041401025607200810
041401026401200810
041401026407200810
041401027201200810
041401027207200810
041401028001200810
041401028007200810
041401032901200810
041401032907200810
041402010301200810
041402010307200810
041402010309200810
041402011101200810
041402011107200810
041402011109200810
041402019701200810
041402019707200810
041501001201200810
041501001207200810
041502001801200810
041502002601200810
041503001301200810
041503001307200810
041504002701200810
041504002707200810
041504003501200810
041504003507200810
041601001601200810
041601001607200810
041601002401200810
041601002407200810
041601003201200810
041601003207200810
041601004001200810
041601004007200810
041601005901200810
041601005907200810
041601006701200810
041601006707200810
041601007501200810
041601007507200810
041601008301200810
041601008307200810
041601009101200810
041601009107200810
041601010501200810
041601010507200810
041601011301200810
041601011307200810
041601012101200810
041601013001200810
041601014801200810
041601015601200810
041601015607200810
041601016401200810
041601016407200810
041601017201200810
041601017207200810
041601018001200810
041601018007200810
041601019901200810
041601019907200810
041602001101200810
041602001107200810
041602002001200810
041602002007200810
041602003801200810
041602004601200810
041602004607200810
041602005401200810
041602005407200810
041602006201200810
041602006207200810
041602007001200810
041602007007200810
041602008901200810
041602008907200810
041602009701200810
041602009707200810
041602010001200810
041602010007200810
041602011901200810
041602012701200810
041602013501200810
041602013507200810
041602014301200810
041602014307200810
041603001701200810
041603001707200810
041603002501200810
041603002507200810
041603003301200810
041603003307200810
041603004101200810
041603004107200810
041603005001200810
041603006801200810
041603006807200810
041603007601200810
041603008401200810
041603008407200810
041603009201200810
041603009207200810
041603010601200810
041603010607200810
041603011401200810
041603011407200810
041603012201200810
041603012207200810
041603013001200810
041603013007200810
041604001201200810
041604001207200810
041604002001200810
041604002007200810
041604003901200810
041604004701200810
041604005501200810
041604005507200810
041604006301200810
041604006307200810
041604007101200810
041604007107200810
041604008001200810
041604008007200810
041604009801200810
041604009807200810
041604010101200810
041604010107200810
041604011001200810
041604011007200810
041604012801200810
041604012807200810
041604013601200810
041604014401200810
041604014407200810
041604015201200810
041604016001200810
041604016007200810
041605001801200810
041605001807200810
041605002601200810
041605002607200810
041605003401200810
041605003407200810
041605004201200810
041605004207200810
041605005001200810
041605005007200810
041605006901200810
041605007701200810
041605007707200810
041605008501200810
041606001301200810
041606001307200810
041606002101200810
041606002107200810
041606003001200810
041606003007200810
041606004801200810
041606004807200810
041606005601200810
041606005607200810
041606006401200810
041606006407200810
041606007201200810
041606007207200810
041606008001200810
041606009901200810
041606009907200810
041606010201200810
041606010207200810
041607002701200810
041607002707200810
041607003501200810
041607003507200810
041608001401200810
041608001407200810
041608002201200810
041608002207200810
041608003001200810
041608003007200810
041608004901200810
041608004907200810
041608005701200810
041608005707200810
041608006501200810
041608006507200810
041608007301200810
041608007307200810
041608008101200810
041608008107200810
041608009001200810
041608009007200810
041608010301200810
041608010307200810
041609001001200810
041609001007200810
041609002801200810
041609002807200810
041609003601200810
041609003607200810
041609004401200810
041609004407200810
041609005201200810
041609005207200810
041609006001200810
041609006007200810
041609007901200810
041609007907200810
041609008701200810
041609008707200810
041609009501200810
041609010901200810
041609010907200810
041611001001200810
041611001007200810
041611002901200810
041611003701200810
041611003707200810
041611004501200810
041611004507200810
041611005301200810
041611005307200810
041612001601200810
041612001607200810
041612001609200810
041612002401200810
041612003201200810
041612004001200810
041612004009200810
041612005901200810
041612005909200810
041613001101200810
041613001107200810
041613002001200810
041613002007200810
041613003801200810
041613004601200810
041613005401200810
041613006201200810
050201001074200810
050201001075200810
050201001076200810
050201001077200810
050201001078200810
050201001079200810
050201002977200810
050201002978200810
050201002979200810
050201002980200810
050201002981200810
050201002982200810
050301001401200810
050301001403200810
050301001474200810
050301001475200810
050301001476200810
050301001477200810
050301001478200810
050301001479200810
050301001480200810
050301001481200810
050301001482200810
050301002201200810
050301002274200810
050301002275200810
050301002276200810
050301002277200810
050301002278200810
050301002279200810
050301002280200810
050301002281200810
050301002282200810
050302001001200810
050302002801200810
050303001574200810
050303001575200810
050303001576200810
050303001577200810
050303001578200810
050303001579200810
050303001580200810
050303001581200810
050303001582200810
050303002301200810
050303002374200810
050303002375200810
050303002376200810
050303002377200810
050303002378200810
050303002379200810
050303002380200810
050303002381200810
050303002382200810
050303003101200810
050303003174200810
050303003175200810
050303003176200810
050303003177200810
050303003178200810
050303003179200810
050303003180200810
050303003181200810
050303003182200810
050303004001200810
050303004074200810
050303004075200810
050303004076200810
050303004077200810
050303004078200810
050303004080200810
050303004081200810
050303004082200810
050303005801200810
050303005874200810
050303005875200810
050303005876200810
050303005877200810
050303005878200810
050303005879200810
050303005880200810
050303005881200810
050303005882200810
050303006601200810
050303006674200810
050303006675200810
050303006676200810
050303006677200810
050303006678200810
050303006679200810
050303006680200810
050303006681200810
050303006682200810
050303007401200810
050303007474200810
050303007475200810
050303007476200810
050303007477200810
050303007478200810
050303007479200810
050303007480200810
050303007481200810
050303007482200810
050303008201200810
050303008274200810
050303008275200810
050303008276200810
050303008277200810
050303008278200810
050303008279200810
050303008280200810
050303008281200810
050303008282200810
050501001103200810
050501001107200810
050501002003200810
050501002007200810
050501003803200810
050501003807200810
050501004603200810
050501004607200810
050501005403200810
050501005407200810
050501006203200810
050501006207200810
050501007003200810
050501007007200810
050501008903200810
050501008907200810
050501009701200810
050501009707200810
050501009709200810
050501010001200810
050501010007200810
050501010009200810
050501011901200810
050501011907200810
050501011909200810
050501012701200810
050501012707200810
050501012709200810
050502004101200810
050502004107200810
050502005001200810
050502005007200810
050502006801200810
050502007601200810
050502008401200810
050502009201200810
050502010601200810
050502011401200810
050502011407200810
050602001012200810
050602002912200810
050602003712200810
050602004503200810
050602004507200810
080201006765200810
080201007579200810
080201008375200810
080201009176200810
080201010574200810
080201011383200810
080201012181200810
080201013082200810
080201014877200810
080201015678200810
080201016480200810
