020101003801200809
020101009701200809
020101009707200809
020101009709200809
020101011901200809
020101011907200809
020101011909200809
020101012701200809
020101013501200809
020101014301200809
020101014307200809
020101014309200809
020101016001200809
020101016009200809
020101018601200809
020101018607200809
020101018609200809
020101020801200809
020101024001200809
020101024007200809
020101024009200809
020101025901200809
020101026701200809
020101026707200809
020101026709200809
020101030501200809
020101030507200809
020101030509200809
020101031301200809
020101031307200809
020101031309200809
020101032101200809
020101032107200809
020101032109200809
020101033001200809
020101033007200809
020101033009200809
020101040201200809
020101040207200809
020101040209200809
020101053401200809
020101055001200809
020101057701200809
020101057707200809
020904003301200809
020904003307200809
020904003309200809
020904005001200809
020904005007200809
020904005009200809
021105009101200809
021105010503200809
021105010507200809
021105010509200809
030106001003200809
030106001007200809
030106007001200809
030106007003200809
030106007007200809
030106008803200809
030109001703200809
030109001709200809
030109001713200809
030109002503200809
030109002509200809
030109002513200809
030301001003200809
030301001007200809
030301002903200809
030301002907200809
030301003703200809
030301003707200809
030301004503200809
030301004507200809
030301005303200809
030301005307200809
030301006103200809
030301006107200809
030301007003200809
030301007007200809
030301008803200809
030301008807200809
030301009603200809
030301009607200809
030301010003200809
030301010007200809
030301011803200809
030301011807200809
030301012603200809
030301012607200809
030301013403200809
030301013407200809
030301014203200809
030301014207200809
030301015003200809
030301015007200809
030301016903200809
030301016907200809
030301017703200809
030301017707200809
030301018503200809
030301018507200809
030301019303200809
030301019307200809
030301020703200809
030301020707200809
030301021506200809
030301021507200809
030302003203200809
030302003207200809
030302004003200809
030302004007200809
030302005903200809
030302005907200809
030302006703200809
030302006707200809
030302007503200809
030302007507200809
030302008303200809
030302008307200809
030303001107200809
030303001111200809
030303002003200809
030303002007200809
030303003803200809
030303003807200809
030303004603200809
030303004607200809
030303005403200809
030303005407200809
030303006203200809
030303006207200809
030304001703200809
030304001707200809
030304002503200809
030304002507200809
030304003303200809
030304004103200809
030304004107200809
030304005003200809
030304005007200809
030304006803200809
030304006807200809
030304007603200809
030304007607200809
030304008403200809
030304008407200809
030304009203200809
030304009207200809
030304010603200809
030304010607200809
030304011403200809
030304011407200809
030304012203200809
030304012207200809
030304013003200809
030304013007200809
030304014903200809
030304015703200809
030304015707200809
030304016503200809
030304016507200809
030304017303200809
030304017307200809
030304018103200809
030304019003200809
030304019007200809
030304020303200809
030304021103200809
030304022003200809
030304022007200809
030304023803200809
030304023807200809
030304024603200809
030304025403200809
030304025407200809
030304026203200809
030304027003200809
030304028903200809
030304029703200809
030304029707200809
030305013603200809
030305013607200809
030305014403200809
030305014407200809
030306001803200809
030306001807200809
030306002603200809
030306002607200809
030306003403200809
030306003407200809
030306004203200809
030306004207200809
030306005003200809
030306005007200809
030306006903200809
030306006907200809
030306007703200809
030306007707200809
030306008503200809
030306008507200809
030306009303200809
030306009307200809
030306010703200809
030306010707200809
030306011503200809
030306011507200809
030306012303200809
030306012307200809
030306013103200809
030306013107200809
030306014003200809
030306014007200809
030306015803200809
030306016603200809
030306016607200809
030306017403200809
030306017407200809
030306018203200809
030306018207200809
030306019003200809
030306019007200809
030306020403200809
030306020407200809
030306021203200809
030306021207200809
030306022001200809
030306022003200809
030306022007200809
030306023903200809
030306023907200809
030306024703200809
030306024707200809
030306025503200809
030306026303200809
030306026307200809
030306027103200809
030306027107200809
030306028003200809
030306028007200809
030306029803200809
030306029807200809
030306030103200809
030306030107200809
030307006403200809
030307006407200809
030307007203200809
030307007207200809
030307008003200809
030307008007200809
030307009903200809
030307009907200809
030307010203200809
030307010207200809
030307011003200809
030307011007200809
030307012903200809
030307012907200809
030308004303200809
030308004307200809
030308005103200809
030308005107200809
030308006003200809
030308006007200809
030308007803200809
030308007807200809
030308008603200809
030308008607200809
030308009403200809
030308009407200809
030309013803200809
030309013807200809
030309019703200809
030309019707200809
030309020003200809
030309020007200809
030309023503200809
030309023507200809
030309024303200809
030309024307200809
030309028603200809
030309028607200809
030309029403200809
030309029407200809
030309030803200809
030309030807200809
030309031603200809
030309031607200809
030309032403200809
030309032407200809
030309033203200809
030309033207200809
030309034003200809
030309034007200809
030309035903200809
030309035907200809
030309036703200809
030309036707200809
030309037503200809
030309037507200809
030310001002200809
030310001003200809
030310001007200809
030310002802200809
030310002803200809
030310002807200809
030310003602200809
030310003603200809
030310003607200809
030310004402200809
030310004403200809
030310004407200809
030310005202200809
030310005203200809
030310005207200809
030311001503200809
030311001507200809
030311002303200809
030311002307200809
030311003103200809
030311003107200809
030311004003200809
030311004007200809
030311005803200809
030311005807200809
030311006603200809
030311006607200809
030311007403200809
030311007407200809
030311008203200809
030311008207200809
030311009003200809
030311009007200809
030311010403200809
030311010407200809
030311011203200809
030311011207200809
030313001604200809
030313001607200809
030313002404200809
030313002407200809
030313003204200809
030313003207200809
030313004004200809
030313004007200809
030313005904200809
030313005907200809
030313006704200809
030313006707200809
030313007504200809
030313007507200809
030313008304200809
030313008307200809
030314002003200809
030314002007200809
030314003803200809
030314003807200809
030314004603200809
030314004607200809
030314005403200809
030314005407200809
030314006203200809
030314006207200809
030314007003200809
030314007007200809
030314008903200809
030314008907200809
030314009703200809
030314009707200809
030314010003200809
030314010007200809
030314011903200809
030314011907200809
030314012703200809
030314012707200809
030314013503200809
030314013507200809
030314014303200809
030314014307200809
030314015103200809
030314015107200809
030315001703200809
030315001707200809
030315002503200809
030315002507200809
030315003303200809
030315003307200809
030315004103200809
030315004107200809
030315005003200809
030315005007200809
030315006803200809
030315006807200809
030316001207200809
030316002002200809
030316002003200809
030316002007200809
030316003907200809
030316004707200809
030316005507200809
030316006307200809
030316007107200809
030317001803200809
030317001805200809
030317001807200809
030317002603200809
030317002607200809
030317003403200809
030317003407200809
030317004203200809
030317004207200809
030317005003200809
030317005007200809
030317006903200809
030317006907200809
030317007705200809
030317007707200809
030317008503200809
030317008505200809
030317008507200809
030317009305200809
030317009307200809
030317010707200809
030317010714200809
030318001303200809
030318001307200809
030318003003200809
030318003007200809
030318004803200809
030318004807200809
030318005603200809
030318005607200809
030318006403200809
030318006407200809
030318007207200809
030318007210200809
030319001903200809
030319001907200809
030319001908200809
030401004903200809
030401005703200809
030401006503200809
030401011103200809
030401011107200809
030401016203200809
030401032403200809
030401033203200809
030408002003200809
030408002007200809
030408003903200809
030408003907200809
030408004703200809
030408006303200809
030409001803200809
030409001807200809
030409002603200809
030409002607200809
030409003403200809
030409003407200809
030409004203200809
030409004207200809
030410001303200809
030410001307200809
030501017403200809
030501017407200809
030502001303200809
030502001307200809
030502002103200809
030502002107200809
030502003003200809
030502003007200809
030502004803200809
030502004807200809
030502005603200809
030502005607200809
030801001901200809
030801001903200809
030801001907200809
030801002703200809
030801002707200809
030801003501200809
030801003503200809
030801003507200809
030801004301200809
030801004303200809
030801004307200809
030802002203200809
030802002207200809
030802003003200809
030802003007200809
030803001003200809
030803001007200809
030803002803200809
030803002807200809
030803003601200809
030803003603200809
030803003607200809
030803003683200809
030804001501200809
030804001503200809
030804001507200809
030804002303200809
030804002307200809
031001003901200809
031001003902200809
031001003903200809
031001004701200809
031001004702200809
031001004703200809
040102001001200809
040102001007200809
040102002901200809
040102002907200809
040102003701200809
040102003707200809
040102004501200809
040102004507200809
040102004509200809
040102005301200809
040102005307200809
040102005309200809
040102006101200809
040102006107200809
040102006109200809
040102007001200809
040102007007200809
040102007009200809
040102008801200809
040102008807200809
040102008809200809
040102009601200809
040102009607200809
040102009609200809
040102010001200809
040102010007200809
040102011801200809
040102011807200809
040102012601200809
040102012607200809
040102013401200809
040102014201200809
040102014207200809
040102014209200809
040102015001200809
040102015007200809
040102015009200809
040102016901200809
040102016907200809
040201001901200809
040201001907200809
040201002701200809
040201002707200809
040201003501200809
040201003507200809
040201003509200809
040201004301200809
040201004307200809
040201004309200809
040201005101200809
040201005107200809
040202001401200809
040202001407200809
040202002201200809
040202002207200809
040301001201200809
040301001207200809
040301002001200809
040301002007200809
040301003901200809
040301003907200809
040301004701200809
040301004707200809
040301005501200809
040301005507200809
040301006301200809
040301006307200809
040301007101200809
040301007107200809
040301008001200809
040301008007200809
040301009801200809
040301009807200809
040301010101200809
040301010107200809
040301011001200809
040301011007200809
040301012801200809
040301012807200809
040301013601200809
040301013607200809
040301014401200809
040301014407200809
040301015201200809
040301015207200809
040301016001200809
040301016007200809
040301017901200809
040301017907200809
040301018701200809
040301018707200809
040301019501200809
040301019507200809
040301020901200809
040301020907200809
040301021701200809
040301021707200809
040301022501200809
040301022507200809
040301023301200809
040301023307200809
040301024101200809
040301024107200809
040301025001200809
040301025007200809
040301026801200809
040301026807200809
040301027601200809
040301027607200809
040301028401200809
040301028407200809
040301029201200809
040301029207200809
040301030601200809
040301030607200809
040301031401200809
040301031407200809
040301032201200809
040301032207200809
040301033001200809
040301033007200809
040301034901200809
040301034907200809
040301035701200809
040301035707200809
040301036501200809
040301036507200809
040302001801200809
040302001807200809
040302002601200809
040302002607200809
040302003401200809
040302003407200809
040302004201200809
040302004207200809
040302005001200809
040302005007200809
040302006901200809
040302006907200809
040302007701200809
040302007707200809
040302008501200809
040302008507200809
040302009301200809
040302009307200809
040302010701200809
040302010707200809
040302011501200809
040302011507200809
040302012301200809
040302012307200809
040302013101200809
040302013107200809
040303001301200809
040303001307200809
040303002101200809
040303002107200809
040303003001200809
040303003007200809
040303004801200809
040303004807200809
040303005601200809
040303005607200809
040303006401200809
040303006407200809
040303007201200809
040303007207200809
040303008001200809
040303008007200809
040303009901200809
040303009907200809
040303010201200809
040303010207200809
040303011001200809
040303011007200809
040303012901200809
040303012907200809
040303013701200809
040303013707200809
040303014501200809
040303014507200809
040303015301200809
040303015307200809
040303016101200809
040303016107200809
040303017001200809
040303017007200809
040304001901200809
040304001907200809
040304002701200809
040304002707200809
040304003501200809
040304003507200809
040304004301200809
040304004307200809
040304005101200809
040304005107200809
040304006001200809
040304006007200809
040304007801200809
040304007807200809
040304008601200809
040304008607200809
040305003001200809
040305004901200809
040305005701200809
040305006501200809
040305007301200809
040305009001200809
040305010301200809
040305011101200809
040305012001200809
040305013801200809
040305014601200809
040305015401200809
040305016201200809
040306001001200809
040306001007200809
040306002801200809
040306002807200809
040306003601200809
040306003607200809
040306004401200809
040306004407200809
040306005201200809
040306005207200809
040306006001200809
040306006007200809
040306007901200809
040306007907200809
040306008701200809
040306008707200809
040306009501200809
040306009507200809
040307001501200809
040307002301200809
040307003101200809
040307004001200809
040307005801200809
040307006601200809
040307007401200809
040307008201200809
040307009001200809
040307010401200809
040307011201200809
040307012001200809
040307013901200809
040307013907200809
040307014701200809
040307014707200809
040308001001200809
040308002901200809
040308003701200809
040308004501200809
040308005301200809
040308006101200809
040308007001200809
040308008801200809
040308009601200809
040308010001200809
040401001601200809
040401001605200809
040401001609200809
040401002401200809
040401002407200809
040401002409200809
040401003201200809
040401003207200809
040401003209200809
040401004001200809
040401004007200809
040401005901200809
040401005907200809
040401006701200809
040401006707200809
040401008301200809
040401008307200809
040401010501200809
040401010507200809
040401011301200809
040401011307200809
040401012101200809
040401012107200809
040401012109200809
040401013001200809
040401013007200809
040401014801200809
040401014807200809
040401016401200809
040401016407200809
040401017201200809
040401017207200809
040401018001200809
040401018007200809
040401019901200809
040401019907200809
040401020201200809
040401020207200809
040401021001200809
040401021007200809
040401022901200809
040401022907200809
040401023701200809
040401023707200809
040401028801200809
040401028807200809
040401031801200809
040401031807200809
040401031809200809
040401032601200809
040401032607200809
040401033401200809
040401033407200809
040401035001200809
040401035007200809
040401037701200809
040401037707200809
040401038501200809
040401038507200809
040401040701200809
040401040707200809
040401041501200809
040401041507200809
040401041509200809
040401042301200809
040402001101200809
040402001107200809
040402003801200809
040402003807200809
040402004601200809
040402004607200809
040402006201200809
040402006207200809
040402007001200809
040402007007200809
040402007009200809
040402008901200809
040402008907200809
040402008909200809
040402011901200809
040402011907200809
040402013501200809
040402013507200809
040402014301200809
040402014307200809
040402015101200809
040402016001200809
040402016007200809
040402017801200809
040402017807200809
040402018601200809
040402018607200809
040402019401200809
040402019407200809
040402020801200809
040402020807200809
040402021601200809
040402021607200809
040402022401200809
040402022407200809
040402023201200809
040402023207200809
040402024001200809
040402024007200809
040402025901200809
040402025907200809
040402026701200809
040402026707200809
040402026709200809
040402027501200809
040402027507200809
040402028301200809
040402028307200809
040402029101200809
040402029107200809
040402030501200809
040402030507200809
040402031301200809
040402031307200809
040402032101200809
040402032107200809
040402033001200809
040402033007200809
040402034801200809
040402034807200809
040402035601200809
040402035607200809
040402036401200809
040402036407200809
040402037201200809
040402037207200809
040402038001200809
040402038007200809
040402039901200809
040402039907200809
040402040201200809
040402040207200809
040402041001200809
040402041007200809
040402042901200809
040402042907200809
040402043701200809
040402043707200809
040403001701200809
040403001707200809
040403002501200809
040403002507200809
040403003301200809
040403003307200809
040403004101200809
040403004107200809
040403005001200809
040403005007200809
040403006801200809
040403007601200809
040403007607200809
040403008401200809
040403008407200809
040403009201200809
040403009207200809
040403010601200809
040403010607200809
040403011401200809
040403011407200809
040403012201200809
040403012207200809
040403013001200809
040403013007200809
040403014901200809
040403014907200809
040403015701200809
040403015707200809
040403016501200809
040403016507200809
040403017301200809
040403017307200809
040403018101200809
040403018107200809
040403019001200809
040403019007200809
040403020301200809
040403020307200809
040403021101200809
040403021107200809
040501001001200809
040501001007200809
040501001009200809
040501002801200809
040501002807200809
040501002809200809
040501003601200809
040501003607200809
040501003609200809
040501007901200809
040501007907200809
040501007909200809
040501008701200809
040501008707200809
040501008709200809
040501011701200809
040501011707200809
040501011709200809
040501012501200809
040501012507200809
040501012509200809
040501013301200809
040501013307200809
040501013309200809
040501015001200809
040501015007200809
040501015009200809
040501017601200809
040501017607200809
040501017609200809
040502001501200809
040502001507200809
040502001509200809
040502002301200809
040502002307200809
040502002309200809
040503001001200809
040503001007200809
040503001009200809
040503002901200809
040503002907200809
040503002909200809
040503007001200809
040503007007200809
040503007009200809
040503009601200809
040503009607200809
040503009609200809
040503011801200809
040503011807200809
040503011809200809
040503013401200809
040503013407200809
040503013409200809
040503014201200809
040503014207200809
040503014209200809
040503016901200809
040503016907200809
040503017701200809
040503017707200809
040503018501200809
040503018507200809
040503019301200809
040503019307200809
040503020701200809
040503020707200809
040503020709200809
040504001601200809
040504001607200809
040504001609200809
040504002401200809
040504002407200809
040504002409200809
040504004001200809
040504004007200809
040504004009200809
040504005901200809
040504005907200809
040504005909200809
040504006701200809
040504006707200809
040504006709200809
040504007501200809
040504007507200809
040504007509200809
040504008301200809
040504008307200809
040504008309200809
040504009101200809
040504009107200809
040504009109200809
040504010501200809
040504010507200809
040504010509200809
040504014801200809
040504014807200809
040504014809200809
040504015601200809
040504015607200809
040504015609200809
040504016401200809
040504016407200809
040504016409200809
040504018001200809
040504018007200809
040504020201200809
040504020207200809
040504020209200809
040504021001200809
040504021007200809
040504021009200809
040505001101200809
040505001107200809
040505001109200809
040505004601200809
040505004607200809
040505004609200809
040505005401200809
040505005407200809
040505005409200809
040505009701200809
040505009707200809
040505009709200809
040505010001200809
040505010007200809
040505010009200809
040505011901200809
040505011907200809
040505011909200809
040505013501200809
040505013507200809
040505013509200809
040505014301200809
040505014307200809
040505014309200809
040505015101200809
040505015107200809
040505015109200809
040505018601200809
040505018607200809
040505018609200809
040505021601200809
040505021607200809
040505021609200809
040505022401200809
040505022407200809
040505022409200809
040505023201200809
040505023207200809
040505023209200809
040505031301200809
040505031307200809
040505031309200809
040505032101200809
040505032107200809
040505032109200809
040505035601200809
040505035607200809
040505035609200809
040505037201200809
040505037207200809
040505037209200809
040505038001200809
040505038007200809
040505038009200809
040505039901200809
040505039907200809
040505039909200809
040601001301200809
040601001307200809
040601002101200809
040601002107200809
040601003001200809
040601003007200809
040601004801200809
040601004807200809
040601005601200809
040601005607200809
040601006401200809
040601006407200809
040601007201200809
040601007207200809
040601008001200809
040601009901200809
040601009907200809
040601010201200809
040601010207200809
040601011001200809
040601011007200809
040601013701200809
040601013707200809
040601014501200809
040601014507200809
040601015301200809
040601015307200809
040601016101200809
040601017001200809
040601017007200809
040601018801200809
040601018807200809
040601019601200809
040601019607200809
040601020001200809
040601020007200809
040601021801200809
040601021807200809
040601022601200809
040601022607200809
040601023401200809
040601023407200809
040601024201200809
040601024207200809
040601025001200809
040601025007200809
040601026901200809
040601026907200809
040601027701200809
040601027707200809
040601028501200809
040601028507200809
040601029301200809
040601029307200809
040601030701200809
040601030707200809
040601031501200809
040601031507200809
040601032301200809
040601032307200809
040601033101200809
040601033107200809
040601034001200809
040601034007200809
040601035801200809
040601035807200809
040601036601200809
040601036607200809
040601037401200809
040601037407200809
040601038201200809
040601038207200809
040601039001200809
040601039007200809
040601040401200809
040601040407200809
040601041201200809
040601041207200809
040601042001200809
040601042007200809
040601043901200809
040601043907200809
040601044701200809
040601044707200809
040601045501200809
040601045507200809
040601046301200809
040601046307200809
040601047101200809
040601047107200809
040601048001200809
040601048007200809
040601049801200809
040601049807200809
040601050101200809
040601050107200809
040601051001200809
040601051007200809
040601052801200809
040601052807200809
040601053601200809
040601053607200809
040601054401200809
040601054407200809
040601055201200809
040601055207200809
040601056001200809
040601057901200809
040601058701200809
040601059501200809
040601060901200809
040601061701200809
040601062501200809
040601063301200809
040601064101200809
040601064107200809
040601065001200809
040601066801200809
040601066807200809
040601067601200809
040601067607200809
040601068401200809
040601068407200809
040601069201200809
040601069207200809
040601070601200809
040601071401200809
040601071407200809
040601073001200809
040601073007200809
040601074901200809
040601075701200809
040601075707200809
040601076501200809
040601076507200809
040601077301200809
040601077307200809
040601078101200809
040601078107200809
040601079001200809
040601080301200809
040601080307200809
040601081101200809
040601082001200809
040601082007200809
040601083801200809
040601084601200809
040601085401200809
040601086201200809
040601087001200809
040601088901200809
040601089701200809
040601089707200809
040601090001200809
040601090007200809
040601091901200809
040601091907200809
040601092701200809
040601093501200809
040601094301200809
040601095101200809
040601096001200809
040601096003200809
040601096007200809
040601097801200809
040601097803200809
040601097807200809
040601098601200809
040601099401200809
040601100101200809
040601101001200809
040601102801200809
040601103601200809
040601104401200809
040601104407200809
040601105201200809
040601106001200809
040601107901200809
040601108701200809
040601109501200809
040601110901200809
040601111701200809
040601112501200809
040601113301200809
040601113307200809
040601114101200809
040601115001200809
040601115007200809
040601116801200809
040601117601200809
040601118401200809
040601119201200809
040601120601200809
040601121401200809
040601121407200809
040601122201200809
040601122207200809
040602001901200809
040602001907200809
040602002701200809
040602002707200809
040602003501200809
040602003507200809
040602004301200809
040602004307200809
040602005101200809
040602005107200809
040602007801200809
040602007807200809
040602010801200809
040602011601200809
040602011607200809
040602012401200809
040602012407200809
040602015901200809
040602015907200809
040602016701200809
040602016707200809
040602019101200809
040602019107200809
040602021301200809
040602022101200809
040602023001200809
040602024801200809
040602024807200809
040602025601200809
040602025607200809
040602026401200809
040602026407200809
040602027201200809
040602027207200809
040602028001200809
040602028007200809
040602030201200809
040602030207200809
040602031001200809
040602031007200809
040602032901200809
040602032907200809
040602033701200809
040602033707200809
040602034501200809
040602034507200809
040602035301200809
040602035307200809
040602036101200809
040602036107200809
040602037001200809
040602037007200809
040602038801200809
040602038807200809
040602039601200809
040602039607200809
040602040001200809
040602040007200809
040602041801200809
040602041807200809
040602042601200809
040602042607200809
040602043401200809
040602043407200809
040602044201200809
040602044207200809
040602045001200809
040602046901200809
040602046907200809
040602047701200809
040602047707200809
040602048501200809
040602048507200809
040602049301200809
040602049307200809
040602050701200809
040602050707200809
040602051501200809
040602051507200809
040602052301200809
040602053101200809
040602053107200809
040602054001200809
040602054007200809
040602055801200809
040602055807200809
040602056601200809
040602056607200809
040602057401200809
040602057407200809
040602058201200809
040602058207200809
040602059001200809
040602059007200809
040602060401200809
040602060407200809
040603001401200809
040603002201200809
040603003001200809
040603004901200809
040603005701200809
040603005707200809
040603006501200809
040603007301200809
040603008101200809
040603008107200809
040603009001200809
040603009007200809
040603010301200809
040603010307200809
040603011101200809
040603011107200809
040603012001200809
040603012007200809
040603013801200809
040603013807200809
040603014601200809
040603014607200809
040604001001200809
040604001007200809
040604002801200809
040604002807200809
040604004401200809
040604004407200809
040604005201200809
040604005207200809
040604006001200809
040604006007200809
040604007901200809
040604007907200809
040604008701200809
040604009501200809
040604010901200809
040604010907200809
040604011701200809
040604011707200809
040604012501200809
040604012507200809
040604013301200809
040604014101200809
040604014107200809
040604015001200809
040604016801200809
040604017601200809
040604018401200809
040604019201200809
040604019207200809
040604020601200809
040604020607200809
040604021401200809
040604021407200809
040604022201200809
040604022207200809
040604023001200809
040604023007200809
040604024901200809
040604024907200809
040604025701200809
040604025707200809
040604026501200809
040604026507200809
040604027301200809
040604027307200809
040604028101200809
040604029001200809
040604029007200809
040604030301200809
040604030307200809
040604031101200809
040604031107200809
040604032001200809
040604032007200809
040604033801200809
040604033807200809
040605001501200809
040605001507200809
040605002301200809
040605002307200809
040605003101200809
040605003107200809
040605004001200809
040605004007200809
040605005801200809
040605005807200809
040605006601200809
040605006607200809
040605007401200809
040605007407200809
040605008201200809
040605008207200809
040605009001200809
040605009007200809
040605010401200809
040605010407200809
040605011201200809
040605012001200809
040605012007200809
040605013901200809
040605013907200809
040701001701200809
040701001707200809
040701003301200809
040701003307200809
040701004101200809
040701005001200809
040701005007200809
040701006801200809
040701006807200809
040701007601200809
040701008401200809
040701008407200809
040701009201200809
040701009207200809
040701010601200809
040701010607200809
040701011401200809
040701011407200809
040701012201200809
040701012207200809
040701013001200809
040701014901200809
040701015701200809
040701015707200809
040701016501200809
040701016507200809
040701017301200809
040701017307200809
040701018101200809
040701018107200809
040701019001200809
040701019007200809
040701020301200809
040701020307200809
040701021101200809
040701021107200809
040701022001200809
040701022007200809
040701023801200809
040701023807200809
040701027001200809
040701027007200809
040701028901200809
040701029701200809
040701029707200809
040701030001200809
040701033501200809
040701033507200809
040701034301200809
040701034307200809
040701035101200809
040701035107200809
040702001201200809
040702002001200809
040702003901200809
040702003907200809
040702004701200809
040702004707200809
040702006301200809
040702006307200809
040702007101200809
040702007107200809
040702008001200809
040702008007200809
040702009801200809
040702009807200809
040702010101200809
040702010107200809
040702011001200809
040702011007200809
040702011009200809
040702013601200809
040702013607200809
040702013609200809
040702014401200809
040702014407200809
040702014409200809
040702015201200809
040702015207200809
040702017901200809
040702017907200809
040702018701200809
040702018707200809
040702019501200809
040702019507200809
040702020901200809
040702020907200809
040702021701200809
040702021709200809
040702022501200809
040702022507200809
040702022509200809
040702023301200809
040702023307200809
040702024101200809
040702024107200809
040702025001200809
040702025007200809
040702026801200809
040702026807200809
040702027601200809
040702027607200809
040702027609200809
040702028401200809
040702028407200809
040702028409200809
040702029201200809
040702029207200809
040702030601200809
040702030607200809
040702032201200809
040702032207200809
040702032209200809
040702033001200809
040702034901200809
040702035701200809
040702036501200809
040702036507200809
040702038101200809
040702038107200809
040702040301200809
040702040307200809
040702041101200809
040702041107200809
040702042001200809
040702042007200809
040702043801200809
040702043807200809
040702044601200809
040702044607200809
040702045401200809
040702045407200809
040702045409200809
040702046201200809
040702046207200809
040702047001200809
040702047007200809
040702047009200809
040703001801200809
040703001807200809
040703002601200809
040703002607200809
040703003401200809
040703003407200809
040703004201200809
040703004207200809
040703005001200809
040703005007200809
040703006901200809
040703006907200809
040703007701200809
040703007707200809
040703012301200809
040703012307200809
040703013101200809
040703013107200809
040703014001200809
040703014007200809
040703015801200809
040703015807200809
040703016601200809
040703016607200809
040703017401200809
040703017407200809
040703018201200809
040703018207200809
040703019001200809
040703019007200809
040703020401200809
040703021201200809
040703022001200809
040703024701200809
040704001301200809
040704001307200809
040704002101200809
040704002107200809
040704003001200809
040704003007200809
040704004801200809
040704004807200809
040704005601200809
040704005607200809
040704006401200809
040704006407200809
040704006409200809
040704007201200809
040704007207200809
040704007209200809
040704008001200809
040704008007200809
040704008009200809
040704009901200809
040704009907200809
040704009909200809
040704010201200809
040704010207200809
040704010209200809
040704011001200809
040704011007200809
040704011009200809
040704012901200809
040704012907200809
040704012909200809
040704013701200809
040704013707200809
040704014501200809
040704014507200809
040704015301200809
040704015307200809
040704016101200809
040704016107200809
040704017001200809
040704017007200809
040704017009200809
040704018801200809
040704018807200809
040704020001200809
040704020007200809
040704022601200809
040704022607200809
040704022609200809
040704023401200809
040704023407200809
040704024201200809
040704024207200809
040704025001200809
040704025007200809
040704026901200809
040704026907200809
040801001001200809
040801002901200809
040801003701200809
040801004501200809
040801005301200809
040801006101200809
040801007001200809
040801007007200809
040801008801200809
040801008807200809
040801009601200809
040801009607200809
040801010001200809
040801010007200809
040801011801200809
040801011807200809
040801013401200809
040801013407200809
040801014201200809
040801014207200809
040801015001200809
040801015007200809
040801016901200809
040801016907200809
040801017701200809
040801017707200809
040801018501200809
040801018507200809
040801019301200809
040801019307200809
040801020701200809
040801020707200809
040801021501200809
040801022301200809
040801022307200809
040801023101200809
040802001601200809
040802001607200809
040802002401200809
040802002407200809
040802003201200809
040802003207200809
040802004001200809
040802005901200809
040802006701200809
040802007501200809
040802008301200809
040802009101200809
040802010501200809
040802010507200809
040802012101200809
040802012107200809
040802013001200809
040802013007200809
040802014801200809
040802014807200809
040802015601200809
040802015607200809
040802016401200809
040802016407200809
040802017201200809
040802017207200809
040802018001200809
040802018007200809
040802019901200809
040802019907200809
040802020201200809
040802020207200809
040802021001200809
040802021007200809
040802022901200809
040802022907200809
040802023701200809
040802023707200809
040802024501200809
040802024507200809
040802025301200809
040802025307200809
040802026101200809
040802026107200809
040802027001200809
040802027007200809
040802028801200809
040802028807200809
040802029601200809
040802029607200809
040802030001200809
040802030007200809
040802031801200809
040802031807200809
040802032601200809
040802032607200809
040802032609200809
040802033401200809
040802033407200809
040802034201200809
040802034207200809
040802034209200809
040802035001200809
040802035007200809
040802036901200809
040802036907200809
040802037701200809
040802037707200809
040802038501200809
040802038507200809
040802039301200809
040802039307200809
040802040701200809
040802040707200809
040802041501200809
040802041507200809
040802042301200809
040802042307200809
040802043101200809
040802043107200809
040802044001200809
040802044007200809
040802044009200809
040802045801200809
040802045807200809
040802046601200809
040802046607200809
040802047401200809
040802047407200809
040802048201200809
040802048207200809
040802049001200809
040802049007200809
040802050401200809
040802050407200809
040802051201200809
040802051207200809
040802052001200809
040802052007200809
040802053901200809
040802053907200809
040802054701200809
040802054707200809
040802055501200809
040802055507200809
040802056301200809
040802056307200809
040802057101200809
040802057107200809
040802058001200809
040802058007200809
040802059801200809
040802059807200809
040802060101200809
040802060107200809
040802061001200809
040802061007200809
040802062801200809
040802062807200809
040802063601200809
040802063607200809
040802064401200809
040802064407200809
040803001101200809
040803001107200809
040803002001200809
040803002007200809
040803003801200809
040803003807200809
040803004601200809
040803005401200809
040803005407200809
040803006201200809
040803006207200809
040803007001200809
040803007007200809
040803008901200809
040803008907200809
040803009701200809
040803009707200809
040803010001200809
040803010007200809
040803011901200809
040803011907200809
040803012701200809
040803012707200809
040803013501200809
040803014301200809
040803015101200809
040803016001200809
040803017801200809
040803017807200809
040803018601200809
040803019401200809
040803020801200809
040803021601200809
040803022401200809
040803023201200809
040803023207200809
040803024001200809
040803024007200809
040803025901200809
040803025907200809
040803026701200809
040803026707200809
040803027501200809
040803027507200809
040803028301200809
040803028307200809
040803029101200809
040803029107200809
040803030501200809
040803030507200809
040803031301200809
040803031307200809
040803032101200809
040803032107200809
040803033001200809
040803033007200809
040803034801200809
040803034807200809
040803035601200809
040803036401200809
040803036407200809
040803037201200809
040803037207200809
040803038001200809
040803038007200809
040803039901200809
040803039907200809
040803040201200809
040803040207200809
040803041001200809
040803041007200809
040803042901200809
040803042907200809
040803043701200809
040803043707200809
040803044501200809
040803044507200809
040803045301200809
040803045307200809
040803046101200809
040803046107200809
040803047001200809
040803047007200809
040803050001200809
040803050007200809
040803051801200809
040803051807200809
040803052601200809
040803052607200809
040803053401200809
040803053407200809
040803054201200809
040803054207200809
040803055001200809
040803055007200809
040803056901200809
040803056907200809
040803057701200809
040803057707200809
040803058501200809
040803058507200809
040803059301200809
040803059307200809
040803060701200809
040803060707200809
040803061501200809
040803061507200809
040803062301200809
040803062307200809
040803063101200809
040803063107200809
040803064001200809
040803064007200809
040803065801200809
040803065807200809
040803066601200809
040803066607200809
040803067401200809
040803067407200809
040803068201200809
040803068207200809
040803069001200809
040803069007200809
040803070401200809
040803071201200809
040803071207200809
040803072001200809
040803072007200809
040803073901200809
040803073907200809
040803074701200809
040803074707200809
040803075501200809
040803075507200809
040803076301200809
040803076307200809
040803077101200809
040803077107200809
040803078001200809
040803079801200809
040803080101200809
040803080107200809
040803081001200809
040803081007200809
040803082801200809
040803082807200809
040803083601200809
040803083607200809
040803084401200809
040803084407200809
040803085201200809
040803085207200809
040803086001200809
040803086007200809
040803087901200809
040803087907200809
040803088701200809
040803088707200809
040803089501200809
040803089507200809
040803090901200809
040803090907200809
040803091701200809
040803091707200809
040804001701200809
040804001707200809
040804002501200809
040804002507200809
040804003301200809
040804003307200809
040804004101200809
040804004107200809
040804005001200809
040804006801200809
040804007601200809
040804008401200809
040804009201200809
040804010601200809
040804010607200809
040804011401200809
040804011407200809
040804012201200809
040804012207200809
040804013001200809
040804013007200809
040804014901200809
040804014907200809
040804015701200809
040804015707200809
040804016501200809
040804016507200809
040804017301200809
040804017307200809
040804018101200809
040804018107200809
040804019001200809
040804019007200809
040804020301200809
040804020307200809
040804022001200809
040804022007200809
040804023801200809
040804023807200809
040804024601200809
040804024607200809
040804025401200809
040804025407200809
040804026201200809
040804026207200809
040804027001200809
040804027007200809
040804028901200809
040804028907200809
040804029701200809
040804029707200809
040804030001200809
040804030007200809
040804031901200809
040804031907200809
040804032701200809
040804032707200809
040804033501200809
040804033507200809
040804034301200809
040804034307200809
040805001201200809
040805001207200809
040805002001200809
040805002007200809
040805003901200809
040805003907200809
040805004701200809
040805004707200809
040805005501200809
040805006301200809
040805007101200809
040805008001200809
040805008007200809
040805010101200809
040805010107200809
040805011001200809
040805011007200809
040805012801200809
040805012807200809
040805013601200809
040805013607200809
040805014401200809
040805014407200809
040805015201200809
040805015207200809
040805016001200809
040805016007200809
040805017901200809
040805017907200809
040805018701200809
040805018707200809
040805019501200809
040805019507200809
040805020901200809
040805020907200809
040805021701200809
040805021707200809
040805022501200809
040805022507200809
040805022509200809
040805023301200809
040805023307200809
040805024101200809
040805024107200809
040805025001200809
040805025007200809
040805026801200809
040805026807200809
040805026809200809
040805027601200809
040805027607200809
040805028401200809
040805028407200809
040805029201200809
040805029207200809
040805030601200809
040805030607200809
040805031401200809
040805031407200809
040805032201200809
040805032207200809
040805033001200809
040805033007200809
040805034901200809
040805034907200809
040805035701200809
040805035707200809
040805036501200809
040805036507200809
040805037301200809
040805037307200809
040805038101200809
040805038107200809
040805039001200809
040805039007200809
040805040301200809
040805041101200809
040805041107200809
040805042001200809
040805042007200809
040805043801200809
040805043807200809
040805044601200809
040805044607200809
040805045401200809
040805045407200809
040805046201200809
040805046207200809
040805047001200809
040805047007200809
040805048901200809
040805048907200809
040805049701200809
040805049707200809
040805050001200809
040805050007200809
040805051901200809
040805051907200809
040805052701200809
040805052707200809
040805053501200809
040805053507200809
040805054301200809
040805054307200809
040805055101200809
040805055107200809
040805056001200809
040805056007200809
040805057801200809
040805057807200809
040805058601200809
040805058607200809
040805059401200809
040805059407200809
040805060801200809
040805060807200809
040805061601200809
040805061607200809
040805062401200809
040805062407200809
040805063201200809
040805063207200809
040805064001200809
040805064007200809
040805065901200809
040805065907200809
040805066701200809
040805067501200809
040805067507200809
040805068301200809
040805068307200809
040805069101200809
040805069107200809
040805070501200809
040805070507200809
040805071301200809
040805071307200809
040805072101200809
040805072107200809
040805073001200809
040805073007200809
040805074801200809
040805074807200809
040805075601200809
040805075607200809
040805076401200809
040805076407200809
040805077201200809
040805077207200809
040805078001200809
040805078007200809
040805079901200809
040805079907200809
040805080201200809
040805080207200809
040805081001200809
040805081007200809
040805082901200809
040805082907200809
040805083701200809
040805083707200809
040805084501200809
040805084507200809
040805085301200809
040805085307200809
040805086101200809
040805086107200809
040805087001200809
040805087007200809
040805088801200809
040805088807200809
040805089601200809
040805089607200809
040805090001200809
040805091801200809
040805091807200809
040805092601200809
040805092607200809
040806001801200809
040806001807200809
040806002601200809
040806002607200809
040806003401200809
040806003407200809
040806004201200809
040806004207200809
040806004209200809
040806005001200809
040806005007200809
040806006901200809
040806006907200809
040806007701200809
040806007707200809
040806008501200809
040806008507200809
040806009301200809
040806009307200809
040806010701200809
040806010707200809
040806011501200809
040806011507200809
040806012301200809
040806012307200809
040806013101200809
040806013107200809
040806014001200809
040806014007200809
040806015801200809
040806015807200809
040806015809200809
040806016601200809
040806016607200809
040806017401200809
040806017407200809
040806018201200809
040806018207200809
040806019001200809
040806019007200809
040806020401200809
040806020407200809
040806021201200809
040806021207200809
040806023901200809
040806023907200809
040806024701200809
040806024707200809
040806025501200809
040806025507200809
040806026301200809
040806026307200809
040806027101200809
040806027107200809
040806028001200809
040806028007200809
040806029801200809
040806029807200809
040806030101200809
040806030107200809
040806031001200809
040806031007200809
040806032801200809
040806032807200809
040806033601200809
040806033607200809
040806034401200809
040806034407200809
040806035201200809
040806035207200809
040806036001200809
040806036007200809
040806037901200809
040806037907200809
040806038701200809
040806038707200809
040806039501200809
040806039507200809
040806040901200809
040806040907200809
040806041701200809
040806041707200809
040806042501200809
040806042507200809
040806042509200809
040806043301200809
040806043307200809
040806044101200809
040806044107200809
040806045001200809
040806045007200809
040806046801200809
040806046807200809
040806047601200809
040806047607200809
040806048401200809
040806048407200809
040806049201200809
040806049207200809
040806050601200809
040806050607200809
040806051401200809
040806051407200809
040806052201200809
040806052207200809
040806053001200809
040806053007200809
040806054901200809
040806054907200809
040806055701200809
040806055707200809
040806056501200809
040806056507200809
040806057301200809
040806057307200809
040806057309200809
040806058101200809
040806058107200809
040806059001200809
040806059007200809
040806060301200809
040806060307200809
040806061101200809
040806062001200809
040806062007200809
040806063801200809
040806063807200809
040806064601200809
040806064607200809
040806066201200809
040806066207200809
040806067001200809
040806067007200809
040806069701200809
040806069707200809
040806070001200809
040806070007200809
040901001401200809
040901001407200809
040901002201200809
040901002207200809
040901003001200809
040901003007200809
040901004901200809
040901004907200809
040901005701200809
040901005707200809
040901006501200809
040901006507200809
040901007301200809
040901007307200809
040901008101200809
040901008107200809
040901009001200809
040901009007200809
040901012001200809
040901012007200809
040901013801200809
040901013807200809
040901014601200809
040901014607200809
040901017001200809
040901017007200809
040901017009200809
040901018901200809
040901018907200809
040901019701200809
040901019707200809
040901020001200809
040901020007200809
040901021901200809
040901022701200809
040901022707200809
040901023501200809
040901023507200809
040901024301200809
040901024307200809
040901025101200809
040901025107200809
040901026001200809
040901026007200809
040901028601200809
040901028607200809
040901029401200809
040901029407200809
040901030801200809
040901030807200809
040901031601200809
040901031607200809
040901032401200809
040901032407200809
040901033201200809
040901033207200809
040901034001200809
040901034007200809
040901036701200809
040901036707200809
040901037501200809
040901037507200809
040901038301200809
040901038307200809
040901038309200809
040901039101200809
040901039107200809
040901040501200809
040901040507200809
040901041301200809
040901041307200809
040901043001200809
040901043007200809
040901043009200809
040901045601200809
040901045607200809
040901046401200809
040901046407200809
040901047201200809
040901047207200809
040901048001200809
040901048007200809
040901049901200809
040901050201200809
040901050207200809
040901051001200809
040901051007200809
040901052901200809
040901052907200809
040901053701200809
040901053707200809
040901054501200809
040901054507200809
040901055301200809
040901055307200809
040901056101200809
040901056107200809
040901057001200809
040901057007200809
040901058801200809
040901058807200809
040902001001200809
040902001007200809
040902001009200809
040902002801200809
040902002807200809
040902004401200809
040902004407200809
040902004409200809
040902005201200809
040902005207200809
040902007901200809
040902007907200809
040902007909200809
040902008701200809
040902008707200809
040902008709200809
040902009501200809
040902009507200809
040902009509200809
040902010901200809
040902010907200809
040902012501200809
040902012507200809
040902012509200809
040902013301200809
040902013307200809
040902014101200809
040902014107200809
040902015001200809
040902015007200809
040902015009200809
040902016801200809
040902016807200809
040902017601200809
040902017607200809
040902017609200809
040903001501200809
040903001509200809
040903002301200809
040903003101200809
040903004001200809
040904001001200809
040904001007200809
040904001009200809
040904003701200809
040904003707200809
040904004501200809
040904004507200809
040904005301200809
040904005307200809
040904007001200809
040904007007200809
040904007009200809
040904008801200809
040904008807200809
040904008809200809
040904009601200809
040904009607200809
040904011801200809
040904011807200809
040904012601200809
040904012607200809
040904013401200809
040904013407200809
040904014201200809
040904014207200809
040904014209200809
040904015001200809
040904015007200809
040904016901200809
040904016907200809
040904017701200809
040904017707200809
040904018501200809
040904018507200809
040904019301200809
040904019307200809
040904020701200809
040904020707200809
040904021501200809
040904021507200809
040904022301200809
040904023101200809
040904023107200809
040904024001200809
040904024009200809
040905001601200809
040905001607200809
040905002401200809
040905002407200809
040905003201200809
040905004001200809
040905004007200809
040905007501200809
040905007507200809
040905008301200809
040905008307200809
040905008309200809
040905009101200809
040905009107200809
040905010501200809
040905010507200809
040905011301200809
040905011307200809
040905012101200809
040906001101200809
040906001107200809
040906001109200809
040906002001200809
040906003801200809
040906003809200809
040906004601200809
040906004607200809
040906004609200809
040906005401200809
040906005402200809
040906005409200809
040906007001200809
040906007002200809
040906007009200809
040906010001200809
040906010007200809
040906011901200809
040906011907200809
040906012701200809
040906012707200809
040906013501200809
040906013507200809
040906014301200809
040906014307200809
040906015101200809
040906015107200809
040906016001200809
040906016007200809
040906017801200809
040906017807200809
040906017809200809
040906018601200809
040906018609200809
040906019401200809
040906019407200809
040906020801200809
040906020807200809
040906020809200809
040906021601200809
040906021607200809
040906022401200809
040906022407200809
040906023201200809
040906023207200809
040906023209200809
040906024001200809
040906024007200809
040906024009200809
040906025901200809
040906025907200809
040906026701200809
040906026707200809
040906026709200809
040906027501200809
040906027507200809
040906027509200809
040906028301200809
040906028307200809
040907001701200809
040907001709200809
040907002501200809
040907003301200809
040907003309200809
040907004101200809
040907004109200809
040907005001200809
040907006801200809
040907006809200809
040907007601200809
040907007609200809
040907008401200809
040907008409200809
040907009201200809
040907009207200809
040907009209200809
040907010601200809
040907010607200809
040907010609200809
040907011401200809
040907011407200809
040907013001200809
040907013007200809
040907013009200809
040907014901200809
040907014907200809
040907014909200809
040907015701200809
040907015707200809
040907015709200809
040907019001200809
040907019009200809
040907020301200809
040907021101200809
040907021107200809
040907022001200809
040907022007200809
040907022009200809
040907023801200809
040907023807200809
040907024601200809
040907024607200809
040907025401200809
040907025407200809
040907026201200809
040907026207200809
040907026209200809
040907027001200809
040907028901200809
040907028907200809
040907029701200809
040907030001200809
041001001401200809
041001001407200809
041001001409200809
041001005701200809
041001006501200809
041001006507200809
041001007301200809
041001007307200809
041001008101200809
041001008107200809
041001008109200809
041001009001200809
041001011101200809
041001011107200809
041001011109200809
041001012001200809
041001012007200809
041101001801200809
041101001802200809
041101001809200809
041101002601200809
041101002602200809
041101003401200809
041101003402200809
041101004201200809
041101004202200809
041101005001200809
041101005002200809
041101007701200809
041101007702200809
041101007709200809
041101008501200809
041101008502200809
041102001301200809
041102001302200809
041102001309200809
041102002101200809
041102002102200809
041102003001200809
041102003002200809
041102004801200809
041102005601200809
041102005602200809
041201001101200809
041201001107200809
041201002001200809
041201002007200809
041201003801200809
041201003807200809
041201004601200809
041201004607200809
041201004609200809
041201005401200809
041201005407200809
041201007001200809
041201007007200809
041201008901200809
041201008907200809
041201009701200809
041201009707200809
041201010001200809
041201010007200809
041201011901200809
041201011907200809
041201013501200809
041201013507200809
041201014301200809
041201014307200809
041202001701200809
041202001707200809
041202002501200809
041202002507200809
041202003301200809
041202003307200809
041202004101200809
041202004107200809
041202005001200809
041202005007200809
041202006801200809
041202006807200809
041202007601200809
041202007607200809
041202008401200809
041202008407200809
041203001201200809
041203001207200809
041203004701200809
041203004707200809
041203008001200809
041203008007200809
041204001801200809
041204001807200809
041204002601200809
041204002607200809
041204003401200809
041204003407200809
041204004201200809
041204004207200809
041204005001200809
041204005007200809
041204006901200809
041204006907200809
041204007701200809
041204007707200809
041204008501200809
041204008507200809
041204009301200809
041204009307200809
041204010701200809
041204010707200809
041204011501200809
041204011507200809
041204012301200809
041204012307200809
041204013101200809
041204013107200809
041204015801200809
041204015807200809
041204016601200809
041204016607200809
041204017401200809
041204017407200809
041204018201200809
041204018207200809
041204019001200809
041204019007200809
041204020401200809
041204020407200809
041204021201200809
041204021207200809
041204022001200809
041204022007200809
041205001301200809
041205001307200809
041205002101200809
041205002107200809
041205003001200809
041205003007200809
041205004801200809
041205004807200809
041205005601200809
041205005607200809
041205006401200809
041205006407200809
041205007201200809
041205007207200809
041205008001200809
041205008007200809
041205009901200809
041205009907200809
041205010201200809
041205010207200809
041205011001200809
041205011007200809
041205013701200809
041205013707200809
041205014501200809
041205014507200809
041205015301200809
041205015307200809
041301001501200809
041301001507200809
041301006601200809
041301008201200809
041301008207200809
041301009001200809
041301009007200809
041303001601200809
041303001607200809
041303002401200809
041303002407200809
041303003201200809
041303005901200809
041303005907200809
041303006701200809
041303007501200809
041303008301200809
041303008307200809
041304002001200809
041304002007200809
041304003801200809
041304004601200809
041304005401200809
041304005407200809
041304006201200809
041304006207200809
041304007001200809
041304007007200809
041304008901200809
041304008907200809
041304009701200809
041304009707200809
041304010001200809
041304010007200809
041304011901200809
041304011907200809
041304011909200809
041304012701200809
041304012707200809
041304012709200809
041304013501200809
041304013507200809
041304013509200809
041304014301200809
041304014307200809
041304015101200809
041304015107200809
041304015109200809
041304016001200809
041304016007200809
041304017801200809
041304017807200809
041304018601200809
041304018607200809
041304019401200809
041304019407200809
041304020801200809
041304020807200809
041304021601200809
041304021607200809
041304022401200809
041304022407200809
041304023201200809
041304023207200809
041304023209200809
041304024001200809
041304024007200809
041401002701200809
041401003501200809
041401004301200809
041401004307200809
041401005101200809
041401005107200809
041401006001200809
041401006007200809
041401007801200809
041401007807200809
041401008601200809
041401008607200809
041401009401200809
041401009407200809
041401010801200809
041401010807200809
041401011601200809
041401011607200809
041401012401200809
041401012407200809
041401013201200809
041401013207200809
041401014001200809
041401014007200809
041401015901200809
041401015907200809
041401016701200809
041401016707200809
041401017501200809
041401017507200809
041401018301200809
041401018307200809
041401019101200809
041401019107200809
041401020501200809
041401020507200809
041401023001200809
041401023007200809
041401024801200809
041401024807200809
041401025601200809
041401025607200809
041401026401200809
041401026407200809
041401027201200809
041401027207200809
041401028001200809
041401028007200809
041401032901200809
041401032907200809
041402010301200809
041402010307200809
041402010309200809
041402011101200809
041402011107200809
041402011109200809
041402019701200809
041402019707200809
041501001201200809
041501001207200809
041502001801200809
041502002601200809
041503001301200809
041503001307200809
041504002701200809
041504002707200809
041504003501200809
041504003507200809
041601001601200809
041601001607200809
041601002401200809
041601002407200809
041601003201200809
041601003207200809
041601004001200809
041601004007200809
041601005901200809
041601005907200809
041601006701200809
041601006707200809
041601007501200809
041601007507200809
041601008301200809
041601008307200809
041601009101200809
041601009107200809
041601010501200809
041601010507200809
041601011301200809
041601011307200809
041601012101200809
041601013001200809
041601014801200809
041601015601200809
041601015607200809
041601016401200809
041601016407200809
041601017201200809
041601017207200809
041601018001200809
041601018007200809
041601019901200809
041601019907200809
041602001101200809
041602001107200809
041602002001200809
041602002007200809
041602003801200809
041602004601200809
041602004607200809
041602005401200809
041602005407200809
041602006201200809
041602006207200809
041602007001200809
041602007007200809
041602008901200809
041602008907200809
041602009701200809
041602009707200809
041602010001200809
041602010007200809
041602011901200809
041602012701200809
041602013501200809
041602013507200809
041602014301200809
041602014307200809
041603001701200809
041603001707200809
041603002501200809
041603002507200809
041603003301200809
041603003307200809
041603004101200809
041603004107200809
041603005001200809
041603006801200809
041603006807200809
041603007601200809
041603008401200809
041603008407200809
041603009201200809
041603009207200809
041603010601200809
041603010607200809
041603011401200809
041603011407200809
041603012201200809
041603012207200809
041603013001200809
041603013007200809
041604001201200809
041604001207200809
041604002001200809
041604002007200809
041604003901200809
041604004701200809
041604005501200809
041604005507200809
041604006301200809
041604006307200809
041604007101200809
041604007107200809
041604008001200809
041604008007200809
041604009801200809
041604009807200809
041604010101200809
041604010107200809
041604011001200809
041604011007200809
041604012801200809
041604012807200809
041604013601200809
041604014401200809
041604014407200809
041604015201200809
041604016001200809
041604016007200809
041605001801200809
041605001807200809
041605002601200809
041605002607200809
041605003401200809
041605003407200809
041605004201200809
041605004207200809
041605005001200809
041605005007200809
041605006901200809
041605007701200809
041605007707200809
041605008501200809
041606001301200809
041606001307200809
041606002101200809
041606002107200809
041606003001200809
041606003007200809
041606004801200809
041606004807200809
041606005601200809
041606005607200809
041606006401200809
041606006407200809
041606007201200809
041606007207200809
041606008001200809
041606009901200809
041606009907200809
041606010201200809
041606010207200809
041607002701200809
041607002707200809
041607003501200809
041607003507200809
041608001401200809
041608001407200809
041608002201200809
041608002207200809
041608003001200809
041608003007200809
041608004901200809
041608004907200809
041608005701200809
041608005707200809
041608006501200809
041608006507200809
041608007301200809
041608007307200809
041608008101200809
041608008107200809
041608009001200809
041608009007200809
041608010301200809
041608010307200809
041609001001200809
041609001007200809
041609002801200809
041609002807200809
041609003601200809
041609003607200809
041609004401200809
041609004407200809
041609005201200809
041609005207200809
041609006001200809
041609006007200809
041609007901200809
041609007907200809
041609008701200809
041609008707200809
041609009501200809
041609010901200809
041609010907200809
041611001001200809
041611001007200809
041611002901200809
041611003701200809
041611003707200809
041611004501200809
041611004507200809
041611005301200809
041611005307200809
041612001601200809
041612001607200809
041612001609200809
041612002401200809
041612003201200809
041612004001200809
041612004009200809
041612005901200809
041612005909200809
041613001101200809
041613001107200809
041613002001200809
041613002007200809
041613003801200809
041613004601200809
041613005401200809
041613006201200809
050201001074200809
050201001075200809
050201001076200809
050201001077200809
050201001078200809
050201001079200809
050201002977200809
050201002978200809
050201002979200809
050201002980200809
050201002981200809
050201002982200809
050301001401200809
050301001403200809
050301001474200809
050301001475200809
050301001476200809
050301001477200809
050301001478200809
050301001479200809
050301001480200809
050301001481200809
050301001482200809
050301002201200809
050301002274200809
050301002275200809
050301002276200809
050301002277200809
050301002278200809
050301002279200809
050301002280200809
050301002281200809
050301002282200809
050302001001200809
050302002801200809
050303001574200809
050303001575200809
050303001576200809
050303001577200809
050303001578200809
050303001579200809
050303001580200809
050303001581200809
050303001582200809
050303002301200809
050303002374200809
050303002375200809
050303002376200809
050303002377200809
050303002378200809
050303002379200809
050303002380200809
050303002381200809
050303002382200809
050303003101200809
050303003174200809
050303003175200809
050303003176200809
050303003177200809
050303003178200809
050303003179200809
050303003180200809
050303003181200809
050303003182200809
050303004001200809
050303004074200809
050303004075200809
050303004076200809
050303004077200809
050303004078200809
050303004080200809
050303004081200809
050303004082200809
050303005801200809
050303005874200809
050303005875200809
050303005876200809
050303005877200809
050303005878200809
050303005879200809
050303005880200809
050303005881200809
050303005882200809
050303006601200809
050303006674200809
050303006675200809
050303006676200809
050303006677200809
050303006678200809
050303006679200809
050303006680200809
050303006681200809
050303006682200809
050303007401200809
050303007474200809
050303007475200809
050303007476200809
050303007477200809
050303007478200809
050303007479200809
050303007480200809
050303007481200809
050303007482200809
050303008201200809
050303008274200809
050303008275200809
050303008276200809
050303008277200809
050303008278200809
050303008279200809
050303008280200809
050303008281200809
050303008282200809
050501001103200809
050501001107200809
050501002003200809
050501002007200809
050501003803200809
050501003807200809
050501004603200809
050501004607200809
050501005403200809
050501005407200809
050501006203200809
050501006207200809
050501007003200809
050501007007200809
050501008903200809
050501008907200809
050501009701200809
050501009707200809
050501009709200809
050501010001200809
050501010007200809
050501010009200809
050501011901200809
050501011907200809
050501011909200809
050501012701200809
050501012707200809
050501012709200809
050502004101200809
050502004107200809
050502005001200809
050502005007200809
050502006801200809
050502007601200809
050502008401200809
050502009201200809
050502010601200809
050502011401200809
050502011407200809
050602001012200809
050602002912200809
050602003712200809
050602004503200809
050602004507200809
080201006765200809
080201007579200809
080201008375200809
080201009176200809
080201010574200809
080201011383200809
080201012181200809
080201013082200809
080201014877200809
080201015678200809
080201016480200809
