0201010038001200809
0201010038004200809
0201010097004200809
0201010119004200809
0201010127001200809
0201010127004200809
0201010135001200809
0201010135004200809
0201010143005200809
0201010160008200809
0201010186004200809
0201010208001200809
0201010240004200809
0201010259001200809
0201010267001200809
0201010305001200809
0201010313001200809
0201010313008200809
0201010321001200809
0201010330001200809
0201010402001200809
0201010534001200809
0201010534004200809
0201010534006200809
0201010577001200809
0201010577004200809
0201010577006200809
0202030024009200809
0202031071009200809
0203010027005200809
0204020018005200809
0204030048005200809
0205010016005200809
0205010024005200809
0205010032005200809
0205020011005200809
0205020038005200809
0205020054005200809
0205020070005200809
0205020089005200809
0205020119005200809
0205020127005200809
0205020135005200809
0205020160005200809
0205020178005200809
0205020194005200809
0206010010005200809
0206010028005200809
0206010036005200809
0206010044005200809
0206010060005200809
0206010079005200809
0206020031005200809
0206020040005200809
0206030010005200809
0206030037005200809
0207010013005200809
0207010021005200809
0207010030005200809
0207010048005200809
0207010056005200809
0207020019005200809
0207020027005200809
0207020035005200809
0207030014005200809
0207030022005200809
0207030030005200809
0208010025005200809
0208010033005200809
0208010041005200809
0208010050005200809
0208010068005200809
0208010076005200809
0208010084005200809
0208010092005200809
0208020012005200809
0208020020005200809
0208020039005200809
0208020055005200809
0208020063005200809
0208020071005200809
0208020080005200809
0208020098005200809
0208020101005200809
0208020110005200809
0208020128005200809
0208030018005200809
0208030026005200809
0208030034005200809
0208030042005200809
0208030050005200809
0208040021005200809
0208040030005200809
0208040056005200809
0208040064005200809
0208040072005200809
0208040080005200809
0208040099005200809
0208040102005200809
0208050019005200809
0208050035005200809
0208050043005200809
0208060014005200809
0208060022005200809
0208060030005200809
0208070010005200809
0208070028005200809
0208070036005200809
0208070044005200809
0208080015005200809
0208080023005200809
0208080031005200809
0208080040005200809
0208090010005200809
0208090029005200809
0208090037005200809
0209010010005200809
0209010029005200809
0209010037005200809
0209010045005200809
0209040033001200809
0209040033004200809
0209040050001200809
0209040050004200809
0209040050005200809
0210010010005200809
0210010045005200809
0210010053005200809
0210010061005200809
0210010070005200809
0210010096005200809
0210010100005200809
0210010118005200809
0210010126005200809
0210010134005200809
0210010142005200809
0210010150005200809
0210010193005200809
0210020016005200809
0211020010006200809
0211020028001200809
0211020028006200809
0211030015005200809
0211030023005200809
0211030031005200809
0211030040005200809
0211030058005200809
0211030066005200809
0211030074005200809
0211030082005200809
0211030090005200809
0211050091001200809
0211050091005200809
0211050091006200809
0211050105005200809
0211050148006200809
0301010013012200809
0301010021012200809
0301010030012200809
0301010048012200809
0301010056012200809
0301010064012200809
0301010072012200809
0301010080012200809
0301010099012200809
0301010110012200809
0301010129012200809
0301010137012200809
0301010145005200809
0301010153012200809
0301050074007200809
0301050074008200809
0301060070008200809
0301060088008200809
0301090017007200809
0301090025007200809
0301120056006200809
0302010017005200809
0302010025005200809
0302010033005200809
0302020012005200809
0302020020005200809
0302020039005200809
0302030018005200809
0302030026005200809
0302040013005200809
0302040021005200809
0302040030005200809
0302040048005200809
0302040056005200809
0302050019005200809
0302050027005200809
0302050035005200809
0302060014005200809
0302060022005200809
0302060030005200809
0302060049005200809
0302060057005200809
0302070010005200809
0302070028005200809
0302070036005200809
0303010010004200809
0303010029004200809
0303010037004200809
0303010045004200809
0303010053004200809
0303010061004200809
0303010070004200809
0303010088004200809
0303010096004200809
0303010100004200809
0303010118004200809
0303010126004200809
0303010134004200809
0303010142004200809
0303010150004200809
0303010169004200809
0303010177004200809
0303010185004200809
0303010193004200809
0303010207004200809
0303010215003200809
0303010215007200809
0303020032004200809
0303020040004200809
0303020059004200809
0303020067004200809
0303020075004200809
0303020083004200809
0303030011007200809
0303030020004200809
0303030038004200809
0303030038011200809
0303030046004200809
0303030054004200809
0303030062004200809
0303040017004200809
0303040025004200809
0303040033004200809
0303040041004200809
0303040050004200809
0303040068004200809
0303040076004200809
0303040084004200809
0303040092004200809
0303040106004200809
0303040114004200809
0303040122004200809
0303040130004200809
0303040149004200809
0303040157004200809
0303040165004200809
0303040165011200809
0303040173004200809
0303040181004200809
0303040190004200809
0303040203004200809
0303040211004200809
0303040220004200809
0303040238004200809
0303040246004200809
0303040254004200809
0303040262004200809
0303040270004200809
0303040289004200809
0303040297004200809
0303060018004200809
0303060026004200809
0303060026011200809
0303060034004200809
0303060042004200809
0303060042011200809
0303060050004200809
0303060069004200809
0303060077004200809
0303060085004200809
0303060093004200809
0303060093011200809
0303060107004200809
0303060107011200809
0303060115004200809
0303060123004200809
0303060131004200809
0303060140004200809
0303060158004200809
0303060166004200809
0303060174004200809
0303060182004200809
0303060182011200809
0303060190004200809
0303060204004200809
0303060212004200809
0303060220004200809
0303060239004200809
0303060247004200809
0303060255004200809
0303060263004200809
0303060271004200809
0303060280004200809
0303060280011200809
0303060298004200809
0303060301004200809
0303070064004200809
0303070072004200809
0303070080004200809
0303070099004200809
0303070102004200809
0303070110004200809
0303070129004200809
0303080043004200809
0303080051004200809
0303080051011200809
0303080060004200809
0303080078004200809
0303080086004200809
0303080094004200809
0303090138004200809
0303090197004200809
0303090200004200809
0303090235004200809
0303090243004200809
0303090286004200809
0303090294004200809
0303090316004200809
0303090324004200809
0303090332004200809
0303090340004200809
0303090359004200809
0303090367004200809
0303090375004200809
0303100010004200809
0303100028004200809
0303100036004200809
0303100044004200809
0303100052004200809
0303110015004200809
0303110023004200809
0303110031004200809
0303110040004200809
0303110058004200809
0303110066004200809
0303110074004200809
0303110082004200809
0303110090004200809
0303110104004200809
0303110112004200809
0303130016003200809
0303130016007200809
0303130016008200809
0303130024003200809
0303130024007200809
0303130024008200809
0303130032003200809
0303130032007200809
0303130032008200809
0303130040003200809
0303130040007200809
0303130040008200809
0303130059003200809
0303130059007200809
0303130059008200809
0303130067003200809
0303130067007200809
0303130067008200809
0303130075003200809
0303130075007200809
0303130075008200809
0303130083003200809
0303130083007200809
0303140020004200809
0303140038004200809
0303140046004200809
0303140046011200809
0303140054004200809
0303140054011200809
0303140062004200809
0303140070004200809
0303140089004200809
0303140089011200809
0303140097004200809
0303140100004200809
0303140119004200809
0303140127004200809
0303140135004200809
0303140135011200809
0303140143004200809
0303140151004200809
0303150017004200809
0303150025004200809
0303150033004200809
0303150041004200809
0303150050004200809
0303150068004200809
0303160012004200809
0303160020004200809
0303160039004200809
0303160047004200809
0303160055004200809
0303160063004200809
0303160071004200809
0303170018008200809
0303170034007200809
0303170042007200809
0303170050007200809
0303170069007200809
0303170077003200809
0303170077007200809
0303170077008200809
0303170085007200809
0303170085008200809
0303170093003200809
0303170093007200809
0303170093008200809
0303170107007200809
0303180013004200809
0303180013008200809
0303180030004200809
0303180048004200809
0303180056004200809
0303180064004200809
0303180072007200809
0303190019007200809
0303190019008200809
0304010014009200809
0304010022009200809
0304010030009200809
0304010049006200809
0304010057006200809
0304010065006200809
0304010073009200809
0304010090009200809
0304010103009200809
0304010111006200809
0304010111007200809
0304010120009200809
0304010138009200809
0304010146009200809
0304010162004200809
0304010162006200809
0304010170001200809
0304010219006200809
0304010219009200809
0304010227006200809
0304010227009200809
0304010235009200809
0304010243006200809
0304010243009200809
0304010260009200809
0304010286009200809
0304010294009200809
0304010324001200809
0304010324004200809
0304010324006200809
0304010332001200809
0304010332006200809
0304020010009200809
0304020028009200809
0304020036009200809
0304020044009200809
0304020052009200809
0304020060009200809
0304020079009200809
0304020087009200809
0304020095009200809
0304020109009200809
0304020117009200809
0304020125009200809
0304020133009200809
0304020141009200809
0304020150009200809
0304020168009200809
0304020176009200809
0304020184009200809
0304020192009200809
0304020206009200809
0304020214009200809
0304020222009200809
0304020230009200809
0304020249009200809
0304020257009200809
0304020265009200809
0304020273009200809
0304020281009200809
0304020290009200809
0304020303009200809
0304020311009200809
0304020320009200809
0304020338009200809
0304020346009200809
0304020354009200809
0304020362009200809
0304020370009200809
0304030015009200809
0304030023009200809
0304030031009200809
0304030040009200809
0304030058009200809
0304030066009200809
0304030074009200809
0304030082009200809
0304030090009200809
0304030104009200809
0304030112009200809
0304030120009200809
0304030139009200809
0304030147009200809
0304030155009200809
0304030163009200809
0304030171009200809
0304030180009200809
0304030198009200809
0304030201009200809
0304030210009200809
0304040010009200809
0304040029009200809
0304040037009200809
0304040045009200809
0304040053009200809
0304040061009200809
0304040070009200809
0304040088009200809
0304040096009200809
0304040100009200809
0304040118009200809
0304040126009200809
0304040134009200809
0304040142009200809
0304040150009200809
0304040169009200809
0304050016009200809
0304050024009200809
0304050032009200809
0304050040009200809
0304050067009200809
0304050075009200809
0304050113009200809
0304050121009200809
0304050130009200809
0304050148009200809
0304050164009200809
0304050172009200809
0304050180009200809
0304050202009200809
0304050210009200809
0304050229009200809
0304060011009200809
0304060038009200809
0304060046009200809
0304060054009200809
0304060062009200809
0304060070009200809
0304060089009200809
0304060097009200809
0304060100009200809
0304060119009200809
0304060127009200809
0304060135009200809
0304060151009200809
0304060160009200809
0304060178009200809
0304060186009200809
0304060194009200809
0304060208009200809
0304060216009200809
0304070017009200809
0304070025009200809
0304070033009200809
0304070041009200809
0304070050009200809
0304080020006200809
0304080039004200809
0304080039006200809
0304080047006200809
0304080055009200809
0304080063006200809
0304080071009200809
0304090018004200809
0304090018006200809
0304090026006200809
0304090034006200809
0304100013004200809
0305010026009200809
0305010069009200809
0305010085009200809
0305010107009200809
0305010115009200809
0305010131005200809
0305010166009200809
0305010174007200809
0305010182009200809
0305020013004200809
0305020021004200809
0305020030004200809
0305020030011200809
0305020048004200809
0305020056004200809
0308010019004200809
0308010019011200809
0308010027004200809
0308010027011200809
0308010035004200809
0308010043004200809
0308020022004200809
0308020022011200809
0308020030004200809
0308020030011200809
0308030010004200809
0308030010011200809
0308030028004200809
0308030028011200809
0308030036004200809
0308030036011200809
0308040015004200809
0308040015011200809
0308040023004200809
0309010020001200809
0309010039001200809
0309010055005200809
0309010080005200809
0310010020005200809
0310010039004200809
0310010039010200809
0310010047004200809
0310010047010200809
0401010031001200809
0401010058009200809
0401010066001200809
0401010074001200809
0401010090001200809
0401010112001200809
0401010120001200809
0401010139001200809
0401020010001200809
0401020010004200809
0401020029001200809
0401020029004200809
0401020037001200809
0401020037004200809
0401020045001200809
0401020045004200809
0401020053001200809
0401020053004200809
0401020061001200809
0401020061004200809
0401020070001200809
0401020070004200809
0401020088001200809
0401020088002200809
0401020088004200809
0401020096001200809
0401020096004200809
0401020100001200809
0401020100004200809
0401020118001200809
0401020118004200809
0401020126001200809
0401020126004200809
0401020134001200809
0401020142001200809
0401020142004200809
0401020150001200809
0401020150004200809
0401020169001200809
0401020169004200809
0402010019001200809
0402010019004200809
0402010027001200809
0402010027004200809
0402010035001200809
0402010035002200809
0402010035004200809
0402010043001200809
0402010043004200809
0402010051001200809
0402010051004200809
0402020014001200809
0402020014004200809
0402020022001200809
0402020022004200809
0403010012001200809
0403010012004200809
0403010020001200809
0403010020004200809
0403010039001200809
0403010039004200809
0403010047001200809
0403010047004200809
0403010055001200809
0403010055004200809
0403010063001200809
0403010063004200809
0403010071001200809
0403010071004200809
0403010080001200809
0403010080004200809
0403010098001200809
0403010098004200809
0403010101001200809
0403010101004200809
0403010110001200809
0403010110004200809
0403010128001200809
0403010128004200809
0403010136001200809
0403010136004200809
0403010144001200809
0403010144004200809
0403010152001200809
0403010152004200809
0403010160001200809
0403010160004200809
0403010179001200809
0403010179004200809
0403010187001200809
0403010187004200809
0403010195001200809
0403010195004200809
0403010209001200809
0403010209004200809
0403010217001200809
0403010217004200809
0403010225001200809
0403010225004200809
0403010233001200809
0403010233004200809
0403010241001200809
0403010241004200809
0403010250001200809
0403010250004200809
0403010268001200809
0403010268004200809
0403010276001200809
0403010276004200809
0403010284001200809
0403010284004200809
0403010292001200809
0403010292004200809
0403010306001200809
0403010306004200809
0403010314001200809
0403010314004200809
0403010322001200809
0403010322004200809
0403010322006200809
0403010330001200809
0403010330004200809
0403010349001200809
0403010349004200809
0403010357001200809
0403010357004200809
0403010365001200809
0403010365004200809
0403020018001200809
0403020018006200809
0403020026001200809
0403020026006200809
0403020034001200809
0403020034006200809
0403020042001200809
0403020042006200809
0403020050001200809
0403020050006200809
0403020069001200809
0403020069006200809
0403020077001200809
0403020085001200809
0403020093001200809
0403020107001200809
0403020115001200809
0403020123001200809
0403020123002200809
0403020123004200809
0403020131001200809
0403020131006200809
0403030013001200809
0403030013004200809
0403030021001200809
0403030021004200809
0403030030001200809
0403030030004200809
0403030048001200809
0403030048004200809
0403030056001200809
0403030056004200809
0403030056006200809
0403030064001200809
0403030064004200809
0403030064006200809
0403030072001200809
0403030072004200809
0403030072006200809
0403030080001200809
0403030080004200809
0403030099001200809
0403030099004200809
0403030099006200809
0403030102001200809
0403030102004200809
0403030102006200809
0403030110001200809
0403030110004200809
0403030129001200809
0403030129004200809
0403030137001200809
0403030137004200809
0403030137006200809
0403030145001200809
0403030145004200809
0403030153001200809
0403030153004200809
0403030161001200809
0403030161004200809
0403030170001200809
0403030170004200809
0403040019001200809
0403040019004200809
0403040019006200809
0403040027001200809
0403040027004200809
0403040027006200809
0403040035001200809
0403040035004200809
0403040035006200809
0403040043001200809
0403040043004200809
0403040043006200809
0403040051001200809
0403040051004200809
0403040060001200809
0403040060004200809
0403040060006200809
0403040078001200809
0403040078004200809
0403040078006200809
0403040086001200809
0403040086004200809
0403040086006200809
0403050014001200809
0403050022001200809
0403050030001200809
0403050030004200809
0403050030006200809
0403050049001200809
0403050049004200809
0403050049006200809
0403050057001200809
0403050057004200809
0403050057006200809
0403050065001200809
0403050065004200809
0403050065006200809
0403050073001200809
0403050073004200809
0403050073006200809
0403050081001200809
0403050090001200809
0403050090004200809
0403050090006200809
0403050103001200809
0403050103004200809
0403050103006200809
0403050111001200809
0403050111004200809
0403050111006200809
0403050120001200809
0403050120004200809
0403050120006200809
0403050138001200809
0403050138004200809
0403050138006200809
0403050146001200809
0403050146004200809
0403050146006200809
0403050154001200809
0403050154004200809
0403050154006200809
0403050162001200809
0403050162004200809
0403050162006200809
0403060010001200809
0403060010006200809
0403060028001200809
0403060028006200809
0403060036001200809
0403060036004200809
0403060036006200809
0403060044001200809
0403060044004200809
0403060044006200809
0403060052001200809
0403060052004200809
0403060052006200809
0403060060001200809
0403060060004200809
0403060060006200809
0403060079001200809
0403060079004200809
0403060079006200809
0403060087001200809
0403060087004200809
0403060087006200809
0403060095001200809
0403060095004200809
0403060095006200809
0403070015001200809
0403070015004200809
0403070015006200809
0403070023001200809
0403070023006200809
0403070031001200809
0403070031004200809
0403070040001200809
0403070040006200809
0403070058001200809
0403070058006200809
0403070066001200809
0403070066006200809
0403070074001200809
0403070074006200809
0403070082001200809
0403070082006200809
0403070090001200809
0403070090006200809
0403070104001200809
0403070104006200809
0403070112001200809
0403070112006200809
0403070120001200809
0403070120006200809
0403070139001200809
0403070139006200809
0403070147001200809
0403070147006200809
0403080010001200809
0403080010004200809
0403080010006200809
0403080029001200809
0403080029004200809
0403080029006200809
0403080037001200809
0403080037004200809
0403080037006200809
0403080045001200809
0403080045004200809
0403080045006200809
0403080053001200809
0403080053004200809
0403080053006200809
0403080061001200809
0403080061004200809
0403080061006200809
0403080070001200809
0403080070004200809
0403080070006200809
0403080088001200809
0403080088004200809
0403080088006200809
0403080096001200809
0403080096004200809
0403080096006200809
0403080100001200809
0403080100004200809
0403080100006200809
0404010016001200809
0404010016002200809
0404010016004200809
0404010024001200809
0404010024002200809
0404010032001200809
0404010032002200809
0404010032004200809
0404010040001200809
0404010040004200809
0404010059001200809
0404010059004200809
0404010067001200809
0404010067004200809
0404010083001200809
0404010083004200809
0404010105001200809
0404010105004200809
0404010113001200809
0404010113004200809
0404010121001200809
0404010121004200809
0404010130001200809
0404010130004200809
0404010148001200809
0404010148004200809
0404010164001200809
0404010164004200809
0404010172001200809
0404010172004200809
0404010180001200809
0404010180004200809
0404010199001200809
0404010199004200809
0404010202001200809
0404010202004200809
0404010210001200809
0404010210004200809
0404010229001200809
0404010229002200809
0404010229004200809
0404010237001200809
0404010288001200809
0404010288004200809
0404010318001200809
0404010326001200809
0404010326004200809
0404010334001200809
0404010334004200809
0404010350001200809
0404010350002200809
0404010350004200809
0404010377001200809
0404010377004200809
0404010385001200809
0404010385004200809
0404010407001200809
0404010407004200809
0404010415001200809
0404010415002200809
0404010415004200809
0404010423001200809
0404010423004200809
0404020011001200809
0404020011004200809
0404020038001200809
0404020038004200809
0404020046001200809
0404020046004200809
0404020062001200809
0404020062004200809
0404020070001200809
0404020070004200809
0404020089001200809
0404020089004200809
0404020119001200809
0404020119004200809
0404020135001200809
0404020135004200809
0404020143001200809
0404020143004200809
0404020151001200809
0404020151004200809
0404020160001200809
0404020160004200809
0404020178001200809
0404020178004200809
0404020186001200809
0404020186004200809
0404020194001200809
0404020194004200809
0404020208001200809
0404020208004200809
0404020216001200809
0404020216004200809
0404020224001200809
0404020224004200809
0404020232001200809
0404020232004200809
0404020240001200809
0404020240004200809
0404020259001200809
0404020259004200809
0404020267001200809
0404020267004200809
0404020275001200809
0404020275004200809
0404020283001200809
0404020283004200809
0404020291001200809
0404020291004200809
0404020305001200809
0404020305004200809
0404020313001200809
0404020313004200809
0404020321001200809
0404020321004200809
0404020330001200809
0404020330002200809
0404020330004200809
0404020348001200809
0404020348004200809
0404020356001200809
0404020356004200809
0404020364001200809
0404020364004200809
0404020372001200809
0404020372004200809
0404020380001200809
0404020380004200809
0404020399001200809
0404020399004200809
0404020402001200809
0404020402004200809
0404020410001200809
0404020410004200809
0404020429001200809
0404020429004200809
0404020437001200809
0404020437004200809
0404030017001200809
0404030017004200809
0404030025001200809
0404030025004200809
0404030033001200809
0404030041001200809
0404030041004200809
0404030050001200809
0404030068001200809
0404030076001200809
0404030076004200809
0404030084001200809
0404030084004200809
0404030092001200809
0404030092004200809
0404030106001200809
0404030106004200809
0404030114001200809
0404030114004200809
0404030122001200809
0404030122004200809
0404030130001200809
0404030130004200809
0404030149001200809
0404030149004200809
0404030157001200809
0404030157004200809
0404030165001200809
0404030165004200809
0404030173001200809
0404030173004200809
0404030181001200809
0404030181004200809
0404030190001200809
0404030190004200809
0404030203001200809
0404030203004200809
0404030211001200809
0404030211004200809
0405010010004200809
0405010028004200809
0405010036004200809
0405010052001200809
0405010060001200809
0405010087001200809
0405010087004200809
0405010117001200809
0405010117004200809
0405010125004200809
0405010133001200809
0405010133004200809
0405010150001200809
0405010150004200809
0405010176004200809
0405020015004200809
0405020023004200809
0405030010001200809
0405030010004200809
0405030029004200809
0405030045001200809
0405030045002200809
0405030053001200809
0405030070001200809
0405030070004200809
0405030096004200809
0405030118004200809
0405030134001200809
0405030142002200809
0405030150001200809
0405030169002200809
0405030169004200809
0405030177002200809
0405030177004200809
0405030185002200809
0405030185004200809
0405030193001200809
0405030193002200809
0405030193004200809
0405030207004200809
0405040016004200809
0405040024004200809
0405040040004200809
0405040059004200809
0405040067004200809
0405040075004200809
0405040083001200809
0405040083004200809
0405040091001200809
0405040091004200809
0405040105001200809
0405040105004200809
0405040130001200809
0405040148001200809
0405040148004200809
0405040156001200809
0405040156004200809
0405040164001200809
0405040164004200809
0405040180001200809
0405040180004200809
0405040202002200809
0405040202004200809
0405050011004200809
0405050020001200809
0405050020002200809
0405050046004200809
0405050054004200809
0405050097001200809
0405050097002200809
0405050097004200809
0405050100001200809
0405050100002200809
0405050100004200809
0405050119001200809
0405050119002200809
0405050119004200809
0405050127001200809
0405050127002200809
0405050135001200809
0405050135002200809
0405050135004200809
0405050143001200809
0405050143004200809
0405050151001200809
0405050151004200809
0405050160001200809
0405050186001200809
0405050186004200809
0405050194001200809
0405050194002200809
0405050216004200809
0405050224004200809
0405050232001200809
0405050232004200809
0405050259001200809
0405050267001200809
0405050313001200809
0405050313004200809
0405050321004200809
0405050356001200809
0405050356002200809
0405050356004200809
0405050372001200809
0405050372002200809
0405050380001200809
0405050380004200809
0405050399004200809
0406010013001200809
0406010013004200809
0406010013006200809
0406010021001200809
0406010021004200809
0406010021006200809
0406010030001200809
0406010030004200809
0406010030006200809
0406010048001200809
0406010048004200809
0406010048006200809
0406010056001200809
0406010056004200809
0406010056006200809
0406010064001200809
0406010064004200809
0406010064006200809
0406010072001200809
0406010072004200809
0406010072006200809
0406010080001200809
0406010080004200809
0406010080006200809
0406010099001200809
0406010099004200809
0406010099006200809
0406010102001200809
0406010102004200809
0406010110001200809
0406010110004200809
0406010137001200809
0406010137004200809
0406010137006200809
0406010145001200809
0406010145004200809
0406010145006200809
0406010153001200809
0406010153004200809
0406010153006200809
0406010161001200809
0406010161004200809
0406010161006200809
0406010170001200809
0406010170004200809
0406010170006200809
0406010188001200809
0406010188004200809
0406010188006200809
0406010196001200809
0406010196004200809
0406010196006200809
0406010200001200809
0406010200004200809
0406010200006200809
0406010218001200809
0406010218004200809
0406010218006200809
0406010226001200809
0406010226004200809
0406010226006200809
0406010234001200809
0406010234004200809
0406010234006200809
0406010242001200809
0406010242004200809
0406010242006200809
0406010250001200809
0406010250004200809
0406010250006200809
0406010269001200809
0406010269004200809
0406010269006200809
0406010277001200809
0406010277004200809
0406010277006200809
0406010285001200809
0406010285004200809
0406010285006200809
0406010293001200809
0406010293004200809
0406010293006200809
0406010307001200809
0406010307004200809
0406010307006200809
0406010315001200809
0406010315004200809
0406010315006200809
0406010323001200809
0406010323004200809
0406010323006200809
0406010331001200809
0406010331004200809
0406010331006200809
0406010340001200809
0406010340004200809
0406010340006200809
0406010358001200809
0406010358004200809
0406010358006200809
0406010366001200809
0406010366004200809
0406010366006200809
0406010374001200809
0406010374004200809
0406010374006200809
0406010382001200809
0406010382004200809
0406010382006200809
0406010390001200809
0406010390004200809
0406010390006200809
0406010404001200809
0406010404004200809
0406010404006200809
0406010412001200809
0406010412004200809
0406010420001200809
0406010420004200809
0406010420006200809
0406010439001200809
0406010439004200809
0406010439006200809
0406010447001200809
0406010447004200809
0406010447006200809
0406010455001200809
0406010455004200809
0406010455006200809
0406010463001200809
0406010463004200809
0406010463006200809
0406010471001200809
0406010471004200809
0406010471006200809
0406010480001200809
0406010480004200809
0406010480006200809
0406010498001200809
0406010498004200809
0406010498006200809
0406010501001200809
0406010501004200809
0406010501006200809
0406010510001200809
0406010510004200809
0406010528001200809
0406010528004200809
0406010528006200809
0406010536001200809
0406010536004200809
0406010536006200809
0406010544001200809
0406010544004200809
0406010544006200809
0406010552001200809
0406010552004200809
0406010552006200809
0406010560004200809
0406010560006200809
0406010579001200809
0406010579004200809
0406010587004200809
0406010587006200809
0406010595001200809
0406010595004200809
0406010609001200809
0406010609004200809
0406010617001200809
0406010617004200809
0406010625001200809
0406010625004200809
0406010633001200809
0406010633004200809
0406010633006200809
0406010641004200809
0406010641006200809
0406010650004200809
0406010650006200809
0406010668004200809
0406010668006200809
0406010676004200809
0406010676006200809
0406010684004200809
0406010692001200809
0406010692004200809
0406010706001200809
0406010706004200809
0406010714001200809
0406010714004200809
0406010714006200809
0406010730001200809
0406010730004200809
0406010730006200809
0406010749004200809
0406010757001200809
0406010757004200809
0406010757006200809
0406010765001200809
0406010765004200809
0406010765006200809
0406010773004200809
0406010781001200809
0406010781004200809
0406010790004200809
0406010803001200809
0406010803004200809
0406010811001200809
0406010811004200809
0406010820001200809
0406010820004200809
0406010838001200809
0406010838004200809
0406010838006200809
0406010846001200809
0406010846004200809
0406010846006200809
0406010854004200809
0406010862004200809
0406010862006200809
0406010870004200809
0406010889001200809
0406010889004200809
0406010889006200809
0406010897001200809
0406010897004200809
0406010897006200809
0406010900001200809
0406010900004200809
0406010919004200809
0406010919006200809
0406010927001200809
0406010927004200809
0406010927006200809
0406010935001200809
0406010935004200809
0406010943001200809
0406010943004200809
0406010943006200809
0406010951001200809
0406010951004200809
0406010951006200809
0406010960004200809
0406010978004200809
0406010986001200809
0406010986004200809
0406010986006200809
0406010994001200809
0406010994004200809
0406010994006200809
0406011001004200809
0406011010004200809
0406011028004200809
0406011036004200809
0406011044004200809
0406011052004200809
0406011060004200809
0406011079004200809
0406011087004200809
0406011095004200809
0406011109004200809
0406011109006200809
0406011117004200809
0406011125004200809
0406011125006200809
0406011133004200809
0406011133006200809
0406011141004200809
0406011150004200809
0406011168004200809
0406011176004200809
0406011184004200809
0406011192004200809
0406011206001200809
0406011206004200809
0406011206006200809
0406011214001200809
0406011214004200809
0406011214006200809
0406011222001200809
0406011222004200809
0406011222006200809
0406020019001200809
0406020019004200809
0406020027001200809
0406020027004200809
0406020035001200809
0406020035004200809
0406020043001200809
0406020043004200809
0406020051001200809
0406020051004200809
0406020051006200809
0406020078001200809
0406020078004200809
0406020108001200809
0406020108004200809
0406020116001200809
0406020116004200809
0406020124001200809
0406020124004200809
0406020159001200809
0406020167001200809
0406020167004200809
0406020191001200809
0406020191004200809
0406020205001200809
0406020213001200809
0406020213004200809
0406020221001200809
0406020221004200809
0406020230001200809
0406020230004200809
0406020248001200809
0406020248004200809
0406020256001200809
0406020256004200809
0406020264001200809
0406020264004200809
0406020272001200809
0406020272004200809
0406020280001200809
0406020280004200809
0406020302001200809
0406020302004200809
0406020310001200809
0406020310004200809
0406020329001200809
0406020329004200809
0406020337001200809
0406020337004200809
0406020345001200809
0406020345004200809
0406020353001200809
0406020353004200809
0406020361001200809
0406020361004200809
0406020370001200809
0406020370004200809
0406020388001200809
0406020388004200809
0406020396001200809
0406020396004200809
0406020400001200809
0406020400004200809
0406020418001200809
0406020418004200809
0406020426001200809
0406020426004200809
0406020434001200809
0406020434004200809
0406020442001200809
0406020442004200809
0406020450001200809
0406020450004200809
0406020469001200809
0406020469004200809
0406020477001200809
0406020477004200809
0406020485001200809
0406020485004200809
0406020493001200809
0406020493004200809
0406020507001200809
0406020507004200809
0406020515001200809
0406020515004200809
0406020523001200809
0406020523004200809
0406020531001200809
0406020531004200809
0406020540001200809
0406020540004200809
0406020558001200809
0406020558004200809
0406020566001200809
0406020566002200809
0406020566004200809
0406020574001200809
0406020574002200809
0406020574004200809
0406020582001200809
0406020582004200809
0406020582006200809
0406020590001200809
0406020590004200809
0406020604001200809
0406020604004200809
0406030014001200809
0406030014006200809
0406030022001200809
0406030022006200809
0406030030001200809
0406030030006200809
0406030049001200809
0406030049004200809
0406030049006200809
0406030057001200809
0406030057004200809
0406030057006200809
0406030065001200809
0406030065006200809
0406030073001200809
0406030073006200809
0406030081001200809
0406030081006200809
0406030090001200809
0406030090004200809
0406030090006200809
0406030103001200809
0406030103004200809
0406030103006200809
0406030111001200809
0406030111006200809
0406030120001200809
0406030120006200809
0406030138001200809
0406030138004200809
0406030138006200809
0406030146001200809
0406030146006200809
0406040010004200809
0406040028001200809
0406040028004200809
0406040028006200809
0406040044001200809
0406040044004200809
0406040044006200809
0406040052001200809
0406040052004200809
0406040052006200809
0406040060001200809
0406040060004200809
0406040060006200809
0406040079004200809
0406040087001200809
0406040087004200809
0406040087006200809
0406040095001200809
0406040095004200809
0406040095006200809
0406040109004200809
0406040109006200809
0406040117004200809
0406040125004200809
0406040125006200809
0406040133001200809
0406040133004200809
0406040133006200809
0406040141004200809
0406040141006200809
0406040150001200809
0406040150004200809
0406040150006200809
0406040168001200809
0406040168004200809
0406040168006200809
0406040176001200809
0406040176004200809
0406040176006200809
0406040184001200809
0406040184004200809
0406040192001200809
0406040192004200809
0406040206001200809
0406040206004200809
0406040214001200809
0406040214004200809
0406040222001200809
0406040222004200809
0406040230001200809
0406040230004200809
0406040249001200809
0406040249004200809
0406040257001200809
0406040257004200809
0406040265001200809
0406040265004200809
0406040265006200809
0406040273001200809
0406040273004200809
0406040281001200809
0406040281004200809
0406040290001200809
0406040290004200809
0406040303001200809
0406040303004200809
0406040311001200809
0406040311004200809
0406040320001200809
0406040320004200809
0406040338001200809
0406040338004200809
0406050015004200809
0406050015006200809
0406050023004200809
0406050023006200809
0406050031004200809
0406050031006200809
0406050040001200809
0406050040004200809
0406050040006200809
0406050058004200809
0406050058006200809
0406050066004200809
0406050066006200809
0406050074004200809
0406050074006200809
0406050082004200809
0406050082006200809
0406050090001200809
0406050090004200809
0406050104004200809
0406050104006200809
0406050112001200809
0406050112004200809
0406050112006200809
0406050120004200809
0406050120006200809
0406050139004200809
0406050139006200809
0407010017001200809
0407010017004200809
0407010017006200809
0407010033001200809
0407010033004200809
0407010041001200809
0407010041004200809
0407010050001200809
0407010050004200809
0407010068001200809
0407010068004200809
0407010076001200809
0407010076004200809
0407010084001200809
0407010084004200809
0407010092001200809
0407010092004200809
0407010106001200809
0407010106004200809
0407010114001200809
0407010114004200809
0407010122001200809
0407010122004200809
0407010130001200809
0407010130004200809
0407010149001200809
0407010149004200809
0407010157001200809
0407010157004200809
0407010165001200809
0407010165004200809
0407010173001200809
0407010173004200809
0407010173006200809
0407010181001200809
0407010181004200809
0407010181006200809
0407010190001200809
0407010190004200809
0407010203001200809
0407010203004200809
0407010211001200809
0407010211004200809
0407010220001200809
0407010220004200809
0407010238001200809
0407010238004200809
0407010262001200809
0407010270001200809
0407010270004200809
0407010289001200809
0407010289004200809
0407010297001200809
0407010297004200809
0407010300001200809
0407010300004200809
0407010319001200809
0407010335001200809
0407010335004200809
0407010343001200809
0407010343004200809
0407010351001200809
0407010351004200809
0407020012001200809
0407020012004200809
0407020020001200809
0407020020004200809
0407020039001200809
0407020039004200809
0407020047001200809
0407020047004200809
0407020055001200809
0407020063001200809
0407020063004200809
0407020071001200809
0407020071004200809
0407020080001200809
0407020080004200809
0407020098001200809
0407020098004200809
0407020101001200809
0407020101004200809
0407020110001200809
0407020110004200809
0407020136001200809
0407020136004200809
0407020144001200809
0407020144004200809
0407020152001200809
0407020152004200809
0407020179001200809
0407020179004200809
0407020187001200809
0407020187004200809
0407020195001200809
0407020195004200809
0407020209001200809
0407020209004200809
0407020217001200809
0407020217004200809
0407020225001200809
0407020225002200809
0407020225004200809
0407020233001200809
0407020233004200809
0407020241001200809
0407020241004200809
0407020250001200809
0407020250004200809
0407020268001200809
0407020268004200809
0407020276001200809
0407020276002200809
0407020276004200809
0407020284001200809
0407020284002200809
0407020284004200809
0407020292001200809
0407020292004200809
0407020306001200809
0407020306004200809
0407020322001200809
0407020322004200809
0407020330001200809
0407020330004200809
0407020349001200809
0407020349004200809
0407020357001200809
0407020357004200809
0407020365001200809
0407020365004200809
0407020381001200809
0407020381004200809
0407020403001200809
0407020403004200809
0407020411001200809
0407020411004200809
0407020420001200809
0407020420004200809
0407020438001200809
0407020438004200809
0407020446001200809
0407020446004200809
0407020454001200809
0407020454004200809
0407020462001200809
0407020462004200809
0407020470001200809
0407020470004200809
0407030018001200809
0407030018004200809
0407030026001200809
0407030026002200809
0407030026004200809
0407030034001200809
0407030034002200809
0407030034004200809
0407030042001200809
0407030042004200809
0407030050001200809
0407030050004200809
0407030069001200809
0407030069002200809
0407030069004200809
0407030077001200809
0407030077004200809
0407030123001200809
0407030123004200809
0407030131001200809
0407030131004200809
0407030140001200809
0407030140004200809
0407030158001200809
0407030158004200809
0407030166001200809
0407030166004200809
0407030174001200809
0407030174004200809
0407030182001200809
0407030182004200809
0407030190001200809
0407030190004200809
0407030204001200809
0407030204004200809
0407030212001200809
0407030212004200809
0407030220001200809
0407030220004200809
0407030247001200809
0407030247004200809
0407040013001200809
0407040013004200809
0407040021001200809
0407040021004200809
0407040030001200809
0407040030004200809
0407040048001200809
0407040048004200809
0407040056001200809
0407040056004200809
0407040064001200809
0407040064002200809
0407040064004200809
0407040072001200809
0407040072004200809
0407040080001200809
0407040080002200809
0407040080004200809
0407040099001200809
0407040099002200809
0407040099004200809
0407040102001200809
0407040102002200809
0407040102004200809
0407040110001200809
0407040110002200809
0407040110004200809
0407040129001200809
0407040129002200809
0407040129004200809
0407040137001200809
0407040137004200809
0407040145001200809
0407040145004200809
0407040153001200809
0407040153004200809
0407040161001200809
0407040161004200809
0407040170001200809
0407040170004200809
0407040188001200809
0407040188004200809
0407040200001200809
0407040200004200809
0407040226001200809
0407040226002200809
0407040226004200809
0407040234001200809
0407040234004200809
0407040242001200809
0407040242004200809
0407040250001200809
0407040250004200809
0407040269001200809
0407040269004200809
0408010010001200809
0408010010004200809
0408010010006200809
0408010029001200809
0408010029004200809
0408010037001200809
0408010037004200809
0408010037006200809
0408010045001200809
0408010045004200809
0408010045006200809
0408010053001200809
0408010053004200809
0408010053006200809
0408010061001200809
0408010061004200809
0408010070001200809
0408010070004200809
0408010088001200809
0408010088004200809
0408010088006200809
0408010096001200809
0408010096004200809
0408010100001200809
0408010100004200809
0408010118001200809
0408010118004200809
0408010134001200809
0408010134004200809
0408010142001200809
0408010142004200809
0408010150001200809
0408010150004200809
0408010169001200809
0408010169004200809
0408010177001200809
0408010177004200809
0408010185001200809
0408010185004200809
0408010193001200809
0408010193004200809
0408010207001200809
0408010207004200809
0408010215001200809
0408010215004200809
0408010223001200809
0408010223004200809
0408010231001200809
0408020016001200809
0408020016004200809
0408020024001200809
0408020024004200809
0408020032001200809
0408020032004200809
0408020040001200809
0408020040004200809
0408020059001200809
0408020059004200809
0408020067001200809
0408020067004200809
0408020067006200809
0408020075001200809
0408020075004200809
0408020083001200809
0408020083004200809
0408020083006200809
0408020091001200809
0408020091004200809
0408020105001200809
0408020105004200809
0408020121001200809
0408020121004200809
0408020130001200809
0408020130004200809
0408020148001200809
0408020148004200809
0408020156004200809
0408020164004200809
0408020172004200809
0408020180004200809
0408020199004200809
0408020202004200809
0408020210004200809
0408020229004200809
0408020237001200809
0408020237004200809
0408020245001200809
0408020245004200809
0408020253001200809
0408020253004200809
0408020261001200809
0408020261004200809
0408020270001200809
0408020270004200809
0408020288001200809
0408020288004200809
0408020288006200809
0408020296001200809
0408020296004200809
0408020300001200809
0408020300004200809
0408020318001200809
0408020318004200809
0408020318006200809
0408020326001200809
0408020326004200809
0408020334001200809
0408020334004200809
0408020342001200809
0408020342004200809
0408020350001200809
0408020350004200809
0408020369001200809
0408020369004200809
0408020377001200809
0408020377004200809
0408020385001200809
0408020385004200809
0408020393001200809
0408020393004200809
0408020407001200809
0408020407004200809
0408020415001200809
0408020415004200809
0408020423001200809
0408020423004200809
0408020431001200809
0408020431004200809
0408020440001200809
0408020440004200809
0408020458001200809
0408020458004200809
0408020466001200809
0408020466004200809
0408020474001200809
0408020474004200809
0408020482001200809
0408020482004200809
0408020490001200809
0408020490004200809
0408020504001200809
0408020504004200809
0408020512001200809
0408020512004200809
0408020520001200809
0408020520004200809
0408020539001200809
0408020539004200809
0408020547001200809
0408020547004200809
0408020555001200809
0408020555004200809
0408020563001200809
0408020563004200809
0408020571001200809
0408020571004200809
0408020580001200809
0408020580004200809
0408020598001200809
0408020598004200809
0408020601001200809
0408020601004200809
0408020610001200809
0408020610004200809
0408020628001200809
0408020628004200809
0408020636001200809
0408020636004200809
0408020644001200809
0408020644004200809
0408020644006200809
0408030011001200809
0408030011004200809
0408030020001200809
0408030020004200809
0408030020006200809
0408030038001200809
0408030038004200809
0408030038006200809
0408030046001200809
0408030046004200809
0408030054001200809
0408030054004200809
0408030054006200809
0408030062001200809
0408030062004200809
0408030062006200809
0408030070001200809
0408030070004200809
0408030089001200809
0408030089004200809
0408030089006200809
0408030097001200809
0408030097004200809
0408030100001200809
0408030100004200809
0408030119001200809
0408030119004200809
0408030127001200809
0408030127004200809
0408030127006200809
0408030135001200809
0408030135004200809
0408030135006200809
0408030143001200809
0408030143004200809
0408030143006200809
0408030151001200809
0408030151004200809
0408030160001200809
0408030160004200809
0408030178001200809
0408030178004200809
0408030178006200809
0408030186001200809
0408030186004200809
0408030194001200809
0408030194004200809
0408030208001200809
0408030208004200809
0408030216001200809
0408030216004200809
0408030224001200809
0408030224004200809
0408030232001200809
0408030232004200809
0408030240001200809
0408030240004200809
0408030240006200809
0408030259001200809
0408030259004200809
0408030267001200809
0408030267004200809
0408030275001200809
0408030275004200809
0408030283001200809
0408030283004200809
0408030291001200809
0408030291004200809
0408030305001200809
0408030305004200809
0408030313001200809
0408030313004200809
0408030321001200809
0408030321004200809
0408030330001200809
0408030330004200809
0408030348001200809
0408030348004200809
0408030356001200809
0408030356004200809
0408030356006200809
0408030364001200809
0408030364004200809
0408030364006200809
0408030372001200809
0408030372004200809
0408030380001200809
0408030380004200809
0408030399001200809
0408030399004200809
0408030402001200809
0408030402004200809
0408030410001200809
0408030410004200809
0408030429001200809
0408030429004200809
0408030437001200809
0408030437004200809
0408030445001200809
0408030445004200809
0408030453001200809
0408030453003200809
0408030461001200809
0408030461004200809
0408030470001200809
0408030470004200809
0408030500001200809
0408030500004200809
0408030500006200809
0408030518001200809
0408030518004200809
0408030526001200809
0408030526004200809
0408030534001200809
0408030534004200809
0408030542001200809
0408030542004200809
0408030550001200809
0408030550004200809
0408030550006200809
0408030569001200809
0408030569004200809
0408030569006200809
0408030577001200809
0408030577004200809
0408030585001200809
0408030585004200809
0408030593001200809
0408030593004200809
0408030607001200809
0408030607004200809
0408030615001200809
0408030615004200809
0408030615006200809
0408030623001200809
0408030623004200809
0408030623006200809
0408030631001200809
0408030631004200809
0408030640001200809
0408030640003200809
0408030658001200809
0408030658004200809
0408030666001200809
0408030666004200809
0408030674001200809
0408030674004200809
0408030682001200809
0408030682004200809
0408030690001200809
0408030690004200809
0408030704001200809
0408030704004200809
0408030712001200809
0408030712004200809
0408030720001200809
0408030720004200809
0408030739001200809
0408030739004200809
0408030747001200809
0408030747004200809
0408030755001200809
0408030755004200809
0408030763001200809
0408030763004200809
0408030771001200809
0408030771004200809
0408030771006200809
0408030780001200809
0408030780004200809
0408030798001200809
0408030798004200809
0408030798006200809
0408030801001200809
0408030801004200809
0408030810001200809
0408030810004200809
0408030828001200809
0408030828004200809
0408030836001200809
0408030836004200809
0408030844001200809
0408030844004200809
0408030852001200809
0408030852004200809
0408030860001200809
0408030860004200809
0408030879001200809
0408030879004200809
0408030887001200809
0408030887004200809
0408030895001200809
0408030895004200809
0408030909001200809
0408030909004200809
0408030917001200809
0408030917004200809
0408040017001200809
0408040025001200809
0408040033001200809
0408040033004200809
0408040041001200809
0408040041004200809
0408040041006200809
0408040050001200809
0408040050004200809
0408040068001200809
0408040068004200809
0408040068006200809
0408040076001200809
0408040076004200809
0408040076006200809
0408040084001200809
0408040084004200809
0408040092001200809
0408040092004200809
0408040092006200809
0408040106001200809
0408040106004200809
0408040114001200809
0408040114004200809
0408040114006200809
0408040122001200809
0408040122004200809
0408040130001200809
0408040130004200809
0408040149001200809
0408040149004200809
0408040157001200809
0408040157004200809
0408040157006200809
0408040165001200809
0408040165004200809
0408040165006200809
0408040173001200809
0408040173004200809
0408040181001200809
0408040181004200809
0408040190001200809
0408040190004200809
0408040203001200809
0408040203004200809
0408040220001200809
0408040220006200809
0408040238001200809
0408040238004200809
0408040238006200809
0408040246001200809
0408040246004200809
0408040254001200809
0408040254004200809
0408040254006200809
0408040262001200809
0408040262004200809
0408040270001200809
0408040270004200809
0408040289001200809
0408040289004200809
0408040289006200809
0408040297001200809
0408040297004200809
0408040300001200809
0408040300004200809
0408040319001200809
0408040319004200809
0408040319006200809
0408040327001200809
0408040327004200809
0408040335001200809
0408040335004200809
0408040343001200809
0408040343004200809
0408050012001200809
0408050012004200809
0408050020001200809
0408050020004200809
0408050039001200809
0408050039002200809
0408050039004200809
0408050047001200809
0408050047004200809
0408050047006200809
0408050055001200809
0408050055004200809
0408050055006200809
0408050063001200809
0408050063004200809
0408050063006200809
0408050071001200809
0408050071004200809
0408050071006200809
0408050080001200809
0408050080004200809
0408050101001200809
0408050101004200809
0408050110001200809
0408050110004200809
0408050128001200809
0408050128004200809
0408050136001200809
0408050136004200809
0408050144001200809
0408050144004200809
0408050152001200809
0408050152004200809
0408050160001200809
0408050160004200809
0408050160006200809
0408050179001200809
0408050179004200809
0408050187001200809
0408050187004200809
0408050187006200809
0408050195004200809
0408050209004200809
0408050217004200809
0408050225004200809
0408050233004200809
0408050241004200809
0408050250004200809
0408050268001200809
0408050268004200809
0408050276001200809
0408050276004200809
0408050284001200809
0408050284004200809
0408050292001200809
0408050292004200809
0408050306001200809
0408050306004200809
0408050314001200809
0408050314004200809
0408050322001200809
0408050322004200809
0408050330001200809
0408050330004200809
0408050349001200809
0408050349004200809
0408050349006200809
0408050357001200809
0408050357004200809
0408050365001200809
0408050365004200809
0408050373001200809
0408050373004200809
0408050381001200809
0408050381004200809
0408050390001200809
0408050390004200809
0408050403001200809
0408050403004200809
0408050411001200809
0408050411004200809
0408050420001200809
0408050420004200809
0408050438001200809
0408050438004200809
0408050446001200809
0408050446004200809
0408050454001200809
0408050454004200809
0408050462001200809
0408050462004200809
0408050470001200809
0408050470004200809
0408050489001200809
0408050489004200809
0408050497001200809
0408050497004200809
0408050500001200809
0408050500004200809
0408050519001200809
0408050519004200809
0408050527001200809
0408050527004200809
0408050535001200809
0408050535004200809
0408050543001200809
0408050543004200809
0408050543006200809
0408050551001200809
0408050551004200809
0408050560001200809
0408050560004200809
0408050578001200809
0408050578004200809
0408050586001200809
0408050586004200809
0408050594001200809
0408050594004200809
0408050608001200809
0408050608004200809
0408050616001200809
0408050616004200809
0408050624001200809
0408050624004200809
0408050632001200809
0408050632004200809
0408050640001200809
0408050640004200809
0408050659001200809
0408050659004200809
0408050667001200809
0408050667004200809
0408050675001200809
0408050675004200809
0408050683001200809
0408050683004200809
0408050691001200809
0408050691004200809
0408050705001200809
0408050705004200809
0408050713001200809
0408050713004200809
0408050721001200809
0408050721004200809
0408050730001200809
0408050730004200809
0408050748001200809
0408050748004200809
0408050756001200809
0408050756004200809
0408050756006200809
0408050764001200809
0408050764002200809
0408050764004200809
0408050772001200809
0408050772004200809
0408050772006200809
0408050780001200809
0408050780004200809
0408050799001200809
0408050799004200809
0408050802001200809
0408050802004200809
0408050810001200809
0408050810004200809
0408050829001200809
0408050829004200809
0408050837001200809
0408050837004200809
0408050845001200809
0408050845004200809
0408050853001200809
0408050853004200809
0408050853006200809
0408050861001200809
0408050861004200809
0408050870001200809
0408050870004200809
0408050888001200809
0408050888004200809
0408050888006200809
0408050896001200809
0408050896002200809
0408050896004200809
0408050900001200809
0408050900004200809
0408050918001200809
0408050918002200809
0408050918004200809
0408050926001200809
0408050926004200809
0408060018001200809
0408060018004200809
0408060026001200809
0408060026004200809
0408060026006200809
0408060034001200809
0408060034004200809
0408060034006200809
0408060042001200809
0408060042004200809
0408060050001200809
0408060050004200809
0408060069001200809
0408060069002200809
0408060069004200809
0408060069006200809
0408060077001200809
0408060077004200809
0408060077006200809
0408060085001200809
0408060085004200809
0408060093001200809
0408060093004200809
0408060107001200809
0408060107004200809
0408060107006200809
0408060115001200809
0408060115004200809
0408060115006200809
0408060123001200809
0408060123002200809
0408060123004200809
0408060131001200809
0408060131004200809
0408060140001200809
0408060140002200809
0408060140004200809
0408060158001200809
0408060158004200809
0408060166001200809
0408060174001200809
0408060174004200809
0408060182001200809
0408060182004200809
0408060190001200809
0408060190002200809
0408060190004200809
0408060204001200809
0408060204004200809
0408060212001200809
0408060212004200809
0408060239001200809
0408060239004200809
0408060239006200809
0408060247001200809
0408060247004200809
0408060255001200809
0408060255004200809
0408060255006200809
0408060263001200809
0408060263004200809
0408060263006200809
0408060271001200809
0408060271004200809
0408060280001200809
0408060280004200809
0408060298001200809
0408060298004200809
0408060298006200809
0408060301001200809
0408060301004200809
0408060310001200809
0408060310004200809
0408060328001200809
0408060336001200809
0408060336004200809
0408060344001200809
0408060344004200809
0408060352001200809
0408060352004200809
0408060360001200809
0408060360004200809
0408060379001200809
0408060379004200809
0408060387001200809
0408060387004200809
0408060395001200809
0408060409001200809
0408060409002200809
0408060409004200809
0408060417001200809
0408060417002200809
0408060417004200809
0408060425001200809
0408060425004200809
0408060433001200809
0408060433004200809
0408060441001200809
0408060441002200809
0408060441004200809
0408060450001200809
0408060450002200809
0408060450004200809
0408060468001200809
0408060468004200809
0408060476001200809
0408060476002200809
0408060476004200809
0408060484001200809
0408060484002200809
0408060484004200809
0408060492001200809
0408060492004200809
0408060492006200809
0408060506001200809
0408060506004200809
0408060506006200809
0408060514001200809
0408060514004200809
0408060514006200809
0408060522001200809
0408060522004200809
0408060522006200809
0408060530001200809
0408060530004200809
0408060530006200809
0408060549001200809
0408060557001200809
0408060557004200809
0408060565001200809
0408060565004200809
0408060573001200809
0408060573002200809
0408060573004200809
0408060581001200809
0408060581004200809
0408060590001200809
0408060590002200809
0408060590004200809
0408060603001200809
0408060603004200809
0408060611001200809
0408060611004200809
0408060620001200809
0408060620002200809
0408060620004200809
0408060620006200809
0408060638001200809
0408060638004200809
0408060646001200809
0408060646004200809
0408060646006200809
0408060662001200809
0408060662004200809
0408060670001200809
0408060670002200809
0408060670004200809
0408060697001200809
0408060697004200809
0408060700001200809
0408060700004200809
0409010014001200809
0409010014004200809
0409010022001200809
0409010022004200809
0409010030001200809
0409010030004200809
0409010049001200809
0409010049004200809
0409010057001200809
0409010057004200809
0409010065001200809
0409010065004200809
0409010073001200809
0409010073004200809
0409010081001200809
0409010081004200809
0409010090001200809
0409010090004200809
0409010103001200809
0409010111001200809
0409010120001200809
0409010120004200809
0409010138001200809
0409010138004200809
0409010146001200809
0409010146004200809
0409010154001200809
0409010162001200809
0409010170001200809
0409010170004200809
0409010189001200809
0409010189004200809
0409010197001200809
0409010197004200809
0409010200001200809
0409010200004200809
0409010219001200809
0409010219004200809
0409010227001200809
0409010227004200809
0409010235001200809
0409010235004200809
0409010243001200809
0409010243004200809
0409010251001200809
0409010251004200809
0409010260001200809
0409010260004200809
0409010278001200809
0409010286001200809
0409010286004200809
0409010294001200809
0409010294004200809
0409010308001200809
0409010308004200809
0409010316001200809
0409010316004200809
0409010324001200809
0409010324004200809
0409010332001200809
0409010332004200809
0409010340001200809
0409010340004200809
0409010367001200809
0409010367004200809
0409010375001200809
0409010375004200809
0409010383001200809
0409010383004200809
0409010391001200809
0409010391004200809
0409010405001200809
0409010405004200809
0409010413001200809
0409010413004200809
0409010421001200809
0409010430001200809
0409010430004200809
0409010448001200809
0409010456001200809
0409010456004200809
0409010464001200809
0409010464004200809
0409010472001200809
0409010472004200809
0409010480001200809
0409010480004200809
0409010499001200809
0409010499002200809
0409010499004200809
0409010502001200809
0409010502004200809
0409010510001200809
0409010510004200809
0409010529001200809
0409010529004200809
0409010537001200809
0409010537004200809
0409010545001200809
0409010545004200809
0409010553001200809
0409010553004200809
0409010561001200809
0409010561004200809
0409010570001200809
0409010570004200809
0409010588001200809
0409010588004200809
0409020010001200809
0409020010004200809
0409020028001200809
0409020028004200809
0409020044001200809
0409020044004200809
0409020052001200809
0409020052004200809
0409020060001200809
0409020079001200809
0409020079004200809
0409020087001200809
0409020087004200809
0409020095001200809
0409020095004200809
0409020109001200809
0409020109004200809
0409020117001200809
0409020125001200809
0409020125004200809
0409020133001200809
0409020133004200809
0409020141001200809
0409020141004200809
0409020150001200809
0409020150004200809
0409020168001200809
0409020168004200809
0409020176001200809
0409020184001200809
0409030015001200809
0409030015004200809
0409030023001200809
0409030023002200809
0409030023004200809
0409030031001200809
0409030031004200809
0409030040001200809
0409030040002200809
0409030040004200809
0409040010001200809
0409040010004200809
0409040037001200809
0409040037004200809
0409040045001200809
0409040045004200809
0409040053001200809
0409040053004200809
0409040070001200809
0409040070004200809
0409040088001200809
0409040088004200809
0409040096001200809
0409040096004200809
0409040100001200809
0409040118001200809
0409040118004200809
0409040126001200809
0409040126004200809
0409040134001200809
0409040134002200809
0409040134004200809
0409040142001200809
0409040142002200809
0409040142004200809
0409040150001200809
0409040150004200809
0409040169001200809
0409040169004200809
0409040177001200809
0409040177004200809
0409040185001200809
0409040185004200809
0409040193001200809
0409040193004200809
0409040207001200809
0409040207004200809
0409040215001200809
0409040215002200809
0409040215004200809
0409040223001200809
0409040223004200809
0409040231001200809
0409040231002200809
0409040231004200809
0409040240002200809
0409040240004200809
0409050016001200809
0409050016004200809
0409050024001200809
0409050024004200809
0409050032001200809
0409050032002200809
0409050032004200809
0409050040001200809
0409050040002200809
0409050040004200809
0409050059001200809
0409050067001200809
0409050075001200809
0409050075004200809
0409050083001200809
0409050083002200809
0409050083004200809
0409050091001200809
0409050091004200809
0409050105001200809
0409050105004200809
0409050113001200809
0409050113004200809
0409050121001200809
0409050121004200809
0409060011001200809
0409060011004200809
0409060020001200809
0409060020002200809
0409060020004200809
0409060038001200809
0409060038002200809
0409060038004200809
0409060046001200809
0409060046002200809
0409060046004200809
0409060054001200809
0409060054004200809
0409060062001200809
0409060070001200809
0409060089001200809
0409060097001200809
0409060100001200809
0409060100002200809
0409060100004200809
0409060119001200809
0409060119002200809
0409060119004200809
0409060127001200809
0409060127004200809
0409060135001200809
0409060135002200809
0409060135004200809
0409060143001200809
0409060143004200809
0409060151001200809
0409060151004200809
0409060160001200809
0409060160004200809
0409060178001200809
0409060178002200809
0409060178004200809
0409060186001200809
0409060186002200809
0409060186004200809
0409060194001200809
0409060194002200809
0409060194004200809
0409060208001200809
0409060208002200809
0409060208004200809
0409060216001200809
0409060216002200809
0409060216004200809
0409060224001200809
0409060224004200809
0409060232001200809
0409060240001200809
0409060259001200809
0409060259004200809
0409060267001200809
0409060275001200809
0409060283001200809
0409060283004200809
0409070017001200809
0409070017004200809
0409070025001200809
0409070025004200809
0409070033001200809
0409070033004200809
0409070041001200809
0409070041004200809
0409070050001200809
0409070050002200809
0409070050004200809
0409070068001200809
0409070068004200809
0409070076001200809
0409070076004200809
0409070084001200809
0409070084004200809
0409070092001200809
0409070106001200809
0409070106004200809
0409070114001200809
0409070114004200809
0409070130001200809
0409070149001200809
0409070157001200809
0409070157002200809
0409070173001200809
0409070190001200809
0409070203001200809
0409070203004200809
0409070211001200809
0409070211004200809
0409070220001200809
0409070238001200809
0409070238004200809
0409070246001200809
0409070246004200809
0409070254001200809
0409070254004200809
0409070262001200809
0409070262004200809
0409070270001200809
0409070270002200809
0409070270004200809
0409070289001200809
0409070289004200809
0409070297001200809
0409070297004200809
0409070300001200809
0409070300004200809
0410010014001200809
0410010014004200809
0410010057001200809
0410010057004200809
0410010065001200809
0410010065002200809
0410010065004200809
0410010073001200809
0410010073002200809
0410010073004200809
0410010081001200809
0410010081004200809
0410010090001200809
0410010090004200809
0410010111004200809
0410010120001200809
0410010120004200809
0411010018001200809
0411010026004200809
0411010026010200809
0411010034004200809
0411010034010200809
0411010042004200809
0411010042010200809
0411010050001200809
0411010050004200809
0411010077001200809
0411010077004200809
0411010085001200809
0411010085004200809
0411020013001200809
0411020013004200809
0411020021001200809
0411020021004200809
0411020030001200809
0411020030004200809
0411020048001200809
0411020048004200809
0411020056001200809
0411020056004200809
0412010011001200809
0412010011004200809
0412010020001200809
0412010020004200809
0412010038001200809
0412010038004200809
0412010046001200809
0412010046004200809
0412010054001200809
0412010054004200809
0412010070001200809
0412010070004200809
0412010089001200809
0412010089004200809
0412010097001200809
0412010097004200809
0412010100001200809
0412010100004200809
0412010119001200809
0412010119004200809
0412010127001200809
0412010135001200809
0412010135004200809
0412010143001200809
0412010143004200809
0412020017001200809
0412020017004200809
0412020025001200809
0412020025004200809
0412020033001200809
0412020033004200809
0412020041001200809
0412020041004200809
0412020050001200809
0412020050004200809
0412020068001200809
0412020068004200809
0412020076001200809
0412020076004200809
0412020084001200809
0412020084004200809
0412030012001200809
0412030012004200809
0412030047001200809
0412030047004200809
0412030080001200809
0412030080004200809
0412040018001200809
0412040018004200809
0412040026001200809
0412040026004200809
0412040034001200809
0412040034004200809
0412040042001200809
0412040042004200809
0412040050001200809
0412040050004200809
0412040069001200809
0412040069004200809
0412040077001200809
0412040077004200809
0412040085001200809
0412040085004200809
0412040093001200809
0412040093004200809
0412040107001200809
0412040107004200809
0412040115001200809
0412040115004200809
0412040123001200809
0412040123004200809
0412040131001200809
0412040131004200809
0412040158001200809
0412040158004200809
0412040166004200809
0412040174001200809
0412040174004200809
0412040182001200809
0412040182004200809
0412040190001200809
0412040190004200809
0412040204001200809
0412040204004200809
0412040212001200809
0412040212004200809
0412040220001200809
0412040220004200809
0412050013001200809
0412050013004200809
0412050021001200809
0412050021004200809
0412050030001200809
0412050030004200809
0412050048001200809
0412050048004200809
0412050056001200809
0412050056004200809
0412050064001200809
0412050064004200809
0412050072001200809
0412050072004200809
0412050080001200809
0412050080004200809
0412050099001200809
0412050099004200809
0412050102001200809
0412050102004200809
0412050110001200809
0412050110004200809
0412050137001200809
0412050137004200809
0412050145001200809
0412050145004200809
0412050153001200809
0412050153004200809
0413010066004200809
0413010082004200809
0413010090001200809
0413010090004200809
0413030016001200809
0413030016004200809
0413030024001200809
0413030024004200809
0413030032001200809
0413030032004200809
0413030040001200809
0413030059001200809
0413030059004200809
0413030067001200809
0413030067004200809
0413030075001200809
0413030075004200809
0413030083001200809
0413030083004200809
0413040020001200809
0413040020004200809
0413040038001200809
0413040038004200809
0413040046001200809
0413040046004200809
0413040054001200809
0413040054004200809
0413040054006200809
0413040062001200809
0413040062004200809
0413040062006200809
0413040070001200809
0413040070004200809
0413040070006200809
0413040089001200809
0413040089004200809
0413040089006200809
0413040097001200809
0413040097004200809
0413040100001200809
0413040100004200809
0413040119001200809
0413040119004200809
0413040127001200809
0413040127004200809
0413040135001200809
0413040135004200809
0413040143001200809
0413040143004200809
0413040151001200809
0413040151004200809
0413040160001200809
0413040160004200809
0413040178001200809
0413040178004200809
0413040186001200809
0413040186004200809
0413040194001200809
0413040194004200809
0413040208001200809
0413040208004200809
0413040216001200809
0413040216004200809
0413040224001200809
0413040224004200809
0413040232001200809
0413040232004200809
0413040240001200809
0413040240004200809
0414010027001200809
0414010027004200809
0414010027006200809
0414010035001200809
0414010035006200809
0414010043001200809
0414010043004200809
0414010051001200809
0414010051004200809
0414010060001200809
0414010060004200809
0414010078001200809
0414010078004200809
0414010086004200809
0414010094001200809
0414010094004200809
0414010108001200809
0414010108004200809
0414010116001200809
0414010116004200809
0414010124001200809
0414010124004200809
0414010132001200809
0414010132004200809
0414010140001200809
0414010140004200809
0414010159001200809
0414010159004200809
0414010167001200809
0414010167004200809
0414010175004200809
0414010183004200809
0414010191004200809
0414010205004200809
0414010230001200809
0414010230004200809
0414010248001200809
0414010248004200809
0414010256001200809
0414010256004200809
0414010264001200809
0414010264004200809
0414010272001200809
0414010272004200809
0414010280001200809
0414010280004200809
0414010329001200809
0414010329004200809
0414020103004200809
0414020111004200809
0414020197001200809
0414020197004200809
0415010012001200809
0415010012004200809
0415010012008200809
0415020018001200809
0415020018004200809
0415020018006200809
0415020018008200809
0415020018009200809
0415020026001200809
0415020026004200809
0415020026008200809
0415030013001200809
0415030013004200809
0415030013008200809
0415040027001200809
0415040027004200809
0415040035001200809
0415040035004200809
0416010016001200809
0416010016004200809
0416010016006200809
0416010024001200809
0416010024004200809
0416010024006200809
0416010032001200809
0416010032004200809
0416010032006200809
0416010040001200809
0416010040004200809
0416010040006200809
0416010059001200809
0416010059004200809
0416010059006200809
0416010067001200809
0416010067004200809
0416010067006200809
0416010075001200809
0416010075004200809
0416010075006200809
0416010083001200809
0416010083004200809
0416010083006200809
0416010091001200809
0416010091004200809
0416010091006200809
0416010105001200809
0416010105004200809
0416010105006200809
0416010113001200809
0416010113004200809
0416010113006200809
0416010121001200809
0416010121004200809
0416010121006200809
0416010130001200809
0416010130004200809
0416010130006200809
0416010148001200809
0416010148004200809
0416010148006200809
0416010156001200809
0416010156004200809
0416010156006200809
0416010164001200809
0416010164004200809
0416010164006200809
0416010172001200809
0416010172004200809
0416010180001200809
0416010180004200809
0416010180006200809
0416010199001200809
0416010199004200809
0416010199006200809
0416020011001200809
0416020011004200809
0416020011006200809
0416020020001200809
0416020020004200809
0416020020006200809
0416020038001200809
0416020038004200809
0416020038006200809
0416020046001200809
0416020046004200809
0416020046006200809
0416020054001200809
0416020054004200809
0416020054006200809
0416020062001200809
0416020062004200809
0416020062006200809
0416020070001200809
0416020070004200809
0416020070006200809
0416020089001200809
0416020089004200809
0416020089006200809
0416020097001200809
0416020097004200809
0416020097006200809
0416020100001200809
0416020100004200809
0416020119001200809
0416020119004200809
0416020119006200809
0416020127001200809
0416020127004200809
0416020127006200809
0416020135001200809
0416020135004200809
0416020143001200809
0416020143004200809
0416020143006200809
0416030017001200809
0416030017004200809
0416030025001200809
0416030025004200809
0416030033001200809
0416030033004200809
0416030033006200809
0416030041001200809
0416030041004200809
0416030041006200809
0416030050001200809
0416030050004200809
0416030050006200809
0416030068001200809
0416030068004200809
0416030068006200809
0416030076001200809
0416030076004200809
0416030076006200809
0416030084001200809
0416030084004200809
0416030084006200809
0416030092001200809
0416030092004200809
0416030092006200809
0416030106001200809
0416030106004200809
0416030106006200809
0416030114001200809
0416030114004200809
0416030114006200809
0416030122001200809
0416030122004200809
0416030122006200809
0416030130001200809
0416030130004200809
0416040012001200809
0416040012004200809
0416040012006200809
0416040020001200809
0416040020004200809
0416040020006200809
0416040039001200809
0416040039004200809
0416040039006200809
0416040047001200809
0416040047004200809
0416040047006200809
0416040055001200809
0416040055004200809
0416040055006200809
0416040063001200809
0416040063004200809
0416040071001200809
0416040071004200809
0416040071006200809
0416040080001200809
0416040080004200809
0416040080006200809
0416040098001200809
0416040098004200809
0416040101001200809
0416040101004200809
0416040101006200809
0416040110001200809
0416040110004200809
0416040110006200809
0416040128001200809
0416040128004200809
0416040128006200809
0416040136001200809
0416040136004200809
0416040136006200809
0416040144001200809
0416040144004200809
0416040144006200809
0416040152001200809
0416040152004200809
0416040152006200809
0416040160001200809
0416040160004200809
0416040160006200809
0416050018001200809
0416050018004200809
0416050018006200809
0416050026001200809
0416050026004200809
0416050026006200809
0416050034001200809
0416050034004200809
0416050034006200809
0416050042001200809
0416050042004200809
0416050050001200809
0416050050004200809
0416050050006200809
0416050069001200809
0416050069004200809
0416050069006200809
0416050077001200809
0416050077004200809
0416050077006200809
0416050085001200809
0416050085004200809
0416050085006200809
0416060013001200809
0416060013004200809
0416060013006200809
0416060021001200809
0416060021004200809
0416060021006200809
0416060030001200809
0416060030004200809
0416060030006200809
0416060048001200809
0416060048004200809
0416060048006200809
0416060056001200809
0416060056004200809
0416060056006200809
0416060064001200809
0416060064004200809
0416060064006200809
0416060072001200809
0416060072004200809
0416060072006200809
0416060080001200809
0416060080004200809
0416060080006200809
0416060099001200809
0416060099004200809
0416060099006200809
0416060102001200809
0416060102004200809
0416060102006200809
0416070027001200809
0416070027004200809
0416070027006200809
0416070035001200809
0416070035004200809
0416070035006200809
0416080014001200809
0416080014004200809
0416080022001200809
0416080022004200809
0416080022006200809
0416080030001200809
0416080030004200809
0416080030006200809
0416080049001200809
0416080049004200809
0416080057001200809
0416080057004200809
0416080065001200809
0416080065004200809
0416080073001200809
0416080073004200809
0416080073006200809
0416080081001200809
0416080081004200809
0416080081006200809
0416080090001200809
0416080090004200809
0416080090006200809
0416080103001200809
0416080103004200809
0416080103006200809
0416090010001200809
0416090010004200809
0416090010006200809
0416090028001200809
0416090028004200809
0416090028006200809
0416090036001200809
0416090036006200809
0416090044001200809
0416090044006200809
0416090052001200809
0416090052004200809
0416090052006200809
0416090060001200809
0416090060004200809
0416090060006200809
0416090079001200809
0416090079004200809
0416090079006200809
0416090087001200809
0416090087006200809
0416090095001200809
0416090095004200809
0416090095006200809
0416090109001200809
0416090109004200809
0416090109006200809
0416110010001200809
0416110010006200809
0416110029001200809
0416110029006200809
0416110037001200809
0416110037004200809
0416110037006200809
0416110045001200809
0416110045006200809
0416110053001200809
0416110053004200809
0416110053006200809
0416120016001200809
0416120016004200809
0416120024001200809
0416120024004200809
0416120024006200809
0416120032001200809
0416120032004200809
0416120032006200809
0416120040001200809
0416120040004200809
0416120040006200809
0416120059001200809
0416120059002200809
0416120059004200809
0416130011001200809
0416130011004200809
0416130011006200809
0416130020001200809
0416130020004200809
0416130020006200809
0416130038001200809
0416130038004200809
0416130038006200809
0416130046001200809
0416130046004200809
0416130046006200809
0416130054001200809
0416130054004200809
0416130054006200809
0416130062001200809
0416130062004200809
0416130062006200809
0417010044005200809
0417010052005200809
0417010060005200809
0418010013001200809
0418010013009200809
0418010021001200809
0418010021009200809
0418010030001200809
0418010030009200809
0418010048001200809
0418010048009200809
0418010064001200809
0418010080001200809
0418010080009200809
0418010099001200809
0418020019001200809
0418020019009200809
0418020027001200809
0418020027009200809
0418020035001200809
0503010014008200809
0503010022008200809
0503020010001200809
0503020010004200809
0503020028001200809
0503020028004200809
0503030058013200809
0504020013013200809
0504020021013200809
0504020030013200809
0504020056013200809
0504030019013200809
0504030027013200809
0505010011009200809
0505010020009200809
0505010038009200809
0505010046009200809
0505010054009200809
0505010062009200809
0505010070009200809
0505010089009200809
0505010097001200809
0505010100001200809
0505010119001200809
0505010127001200809
0505020041001200809
0505020041009200809
0505020050001200809
0505020050009200809
0505020068001200809
0505020068009200809
0505020076001200809
0505020076009200809
0505020084001200809
0505020084009200809
0505020092001200809
0505020106001200809
0505020114001200809
0505020114009200809
0506010015009200809
0506010023009200809
0506020010007200809
0506020029007200809
0506020037007200809
0506020045007200809
0601010019009200809
0601010027009200809
0601010035009200809
0601010043009200809
0601020014009200809
0601030010009200809
0601030028009200809
0601040015009200809
0601040023009200809
0601040031009200809
0601040040009200809
0601040058009200809
0601050010009200809
0601050029009200809
0601050037009200809
0601050045009200809
0601050053009200809
0601050061009200809
0601050070009200809
0601050088009200809
0601050096009200809
0601050100009200809
0601050118009200809
0601050126009200809
0601050134009200809
0601050142009200809
0601050150009200809
0601050169009200809
0601060016009200809
0601060024009200809
0601070011009200809
0601070020009200809
0601070038009200809
0601070046009200809
0601070054009200809
0601070062009200809
0601070070009200809
0601070089009200809
0601080017009200809
0601080025009200809
0601080033009200809
0601090012009200809
0601090020009200809
0601090039009200809
0601090047009200809
0601090055009200809
0601090063009200809
0601090080009200809
0601090098009200809
0601090101009200809
0601100018009200809
0601100026009200809
0601100034009200809
0601100042009200809
0601100050009200809
0601100069009200809
0601100077009200809
0601100085009200809
0601100093009200809
0601100107009200809
0601100115009200809
0601100123009200809
0601100131009200809
0601100140009200809
0601100158009200809
0601100166009200809
0601110013009200809
0601110021009200809
0601110030009200809
0601110048009200809
0601110056009200809
0601110064009200809
0601110072009200809
0601110080009200809
0601110099009200809
0601110102009200809
0601110110009200809
0601120019009200809
0601120027009200809
0601120035009200809
0601130014009200809
0601130022009200809
0601140010009200809
0601140028009200809
0601140036009200809
0601140044009200809
0601150015009200809
0601150023009200809
0601160010009200809
0601160029009200809
0601160037009200809
0601170016009200809
0601170024009200809
0601170032009200809
0601170040009200809
0601170059009200809
0601170067009200809
0601170075009200809
0601170083009200809
0601170091009200809
0601170105009200809
0601170113009200809
0601170121009200809
0601170130009200809
0601170148009200809
0601180011009200809
0601180020009200809
0601180038009200809
0601180046009200809
0601180054009200809
0601180062009200809
0601180070009200809
0601180089009200809
0601180097009200809
0601180100009200809
0601180119009200809
0601180127009200809
0601180135009200809
0601180143009200809
0601180151009200809
0601180160009200809
0601180178009200809
0601180186009200809
0601180194009200809
0601180208009200809
0601180216009200809
0601180224009200809
0601180232009200809
0601190017009200809
0601190025009200809
0601190033009200809
0601190041009200809
0601190050009200809
0601190068009200809
0601190076009200809
0601190084009200809
0601190092009200809
0601190106009200809
0601190114009200809
0601190122009200809
0601200012009200809
0601200020009200809
0601200039009200809
0601200047009200809
0601200055009200809
0601200063009200809
0601200071009200809
0601200080009200809
0601200098009200809
0601200101009200809
0601200110009200809
0601200128009200809
0601200136009200809
0601200144009200809
0601200152009200809
0601200160009200809
0601200179009200809
0601210018009200809
0601210026009200809
0601210034009200809
0601210042009200809
0601210050009200809
0601210069009200809
0601210077009200809
0601210085009200809
0601210093009200809
0601220013009200809
0601220021009200809
0601220030009200809
0601220048009200809
0601220056009200809
0601220064009200809
0601220072009200809
0601230019009200809
0601240014009200809
0601240022009200809
0601250010009200809
0601250028009200809
0601250036009200809
0601260015009200809
0601270010009200809
0601270029009200809
0601270037009200809
0601270045009200809
0601270053009200809
0601280016009200809
0601280024009200809
0601290011009200809
0601300017009200809
0601300025009200809
0601300033009200809
0601300041009200809
0601310012009200809
0601310020009200809
0601320018009200809
0601320026009200809
0601330013009200809
0601330021009200809
0601330030009200809
0601330048009200809
0601340019009200809
0601350014009200809
0601350022009200809
0601350030009200809
0601350049009200809
0601350057009200809
0601350065009200809
0601350073009200809
0601350081009200809
0601350090009200809
0601350103009200809
0601350111009200809
0601350120009200809
0601350138009200809
0601350146009200809
0601360010009200809
0601360028009200809
0601360036009200809
0601360044009200809
0601360052009200809
0601360060009200809
0601360079009200809
0801010047005200809
