010101001001200805
010101002801200805
010101003601200805
010101004401200805
010102001501200805
010102002301200805
010102003101200805
010102004001200805
010102005801200805
010102006601200805
010102007401200805
010102008201200805
010102009001200805
010103001001200805
010103002901200805
010104001601200805
010104002401200805
010104003201200805
010104004001200805
010201001301200805
010201002101200805
010201003001200805
010201004801200805
010201005601200805
010201006401200805
010201007201200805
010201008001200805
010201009901200805
010201010201200805
010201011001200805
010201012901200805
010201013701200805
010201014501200805
010201015301200805
020101001101200805
020101001104200805
020101002001200805
020101003803200805
020101004601200805
020101004604200805
020101005405200805
020101006201200805
020101006204200805
020101007001200805
020101007004200805
020101008901200805
020101009702200805
020101009703200805
020101010001200805
020101010004200805
020101011902200805
020101011903200805
020101012703200805
020101013503200805
020101014303200805
020101014306200805
020101015102200805
020101016002200805
020101016003200805
020101017801200805
020101017804200805
020101018602200805
020101018603200805
020101019401200805
020101019404200805
020101020803200805
020101021601200805
020101021604200805
020101022401200805
020101022404200805
020101023201200805
020101023204200805
020101024002200805
020101024003200805
020101025903200805
020101026701200805
020101026703200805
020101027501200805
020101027504200805
020101028301200805
020101028304200805
020101029101200805
020101030501200805
020101030503200805
020101031301200805
020101031303200805
020101032101200805
020101032103200805
020101033001200805
020101033003200805
020101034801200805
020101035601200805
020101036401200805
020101037201200805
020101037204200805
020101038001200805
020101038004200805
020101039901200805
020101040201200805
020101040203200805
020101041001200805
020101042905200805
020101043701200805
020101043704200805
020101044501200805
020101045301200805
020101046101200805
020101047001200805
020101048801200805
020101048804200805
020101049601200805
020101049604200805
020101050001200805
020101050004200805
020101051801200805
020101051804200805
020101052601200805
020101052604200805
020101053403200805
020101054202200805
020101055003200805
020101056902200805
020101057703200805
020101058502200805
020101059301200805
020101060702200805
020101061501200805
020101061504200805
020101062301200805
020101062304200805
020101063101200805
020101063105200805
020101064001200805
020101065801200805
020101066602200805
020101066604200805
020102001701200805
020102002501200805
020102003301200805
020102004101200805
020102005001200805
020201001501200805
020201002301200805
020201002305200805
020201003101200805
020201004001200805
020201004005200805
020201005801200805
020201005805200805
020201006601200805
020201006605200805
020201006607200805
020201007401200805
020201007405200805
020201008201200805
020201008205200805
020201009001200805
020201009005200805
020201010401200805
020201011201200805
020201012001200805
020201012005200805
020201013901200805
020201014701200805
020201014705200805
020201015501200805
020201016301200805
020201017101200805
020201018001200805
020201018005200805
020201019801200805
020201019805200805
020201020101200805
020201020105200805
020201021001200805
020201021005200805
020201021007200805
020201022801200805
020201022805200805
020201023601200805
020201024405200805
020201025201200805
020201025205200805
020201026001200805
020201026005200805
020201027901200805
020201027905200805
020201027907200805
020201028701200805
020201028707200805
020201029501200805
020201029505200805
020201029507200805
020201030901200805
020201030905200805
020201031701200805
020201031705200805
020201031707200805
020201032501200805
020201032505200805
020201033301200805
020201033305200805
020201034101200805
020201035001200805
020201036801200805
020201036805200805
020201037601200805
020201037605200805
020201038401200805
020201038405200805
020201038407200805
020201039201200805
020201039205200805
020201039207200805
020201040601200805
020201040605200805
020201040607200805
020201041401200805
020201041405200805
020201042201200805
020201042205200805
020201042207200805
020201043001200805
020201043005200805
020201043007200805
020201044901200805
020201044905200805
020201045701200805
020201046501200805
020201046505200805
020201047301200805
020201047305200805
020201047307200805
020201048101200805
020201049001200805
020201049005200805
020201050301200805
020201050305200805
020201051101200805
020201051105200805
020201052001200805
020201053801200805
020201053805200805
020201054601200805
020201054605200805
020201055401200805
020201055405200805
020201056201200805
020201056205200805
020201057001200805
020201057005200805
020201058901200805
020201058905200805
020201059701200805
020201060001200805
020201060005200805
020201060007200805
020201061901200805
020201061905200805
020201062701200805
020201062705200805
020201062707200805
020201063501200805
020201063505200805
020201064301200805
020201064305200805
020201065101200805
020201065105200805
020201065107200805
020201066001200805
020201066005200805
020201066007200805
020201067801200805
020201067805200805
020201067807200805
020201068601200805
020201069401200805
020201069405200805
020201069407200805
020201070801200805
020201070805200805
020201071601200805
020201071605200805
020201072401200805
020201072405200805
020201073201200805
020201073205200805
020201074001200805
020201074005200805
020201075901200805
020202001001200805
020202001005200805
020202002901200805
020202002905200805
020202003701200805
020202003705200805
020202004501200805
020202004505200805
020202005301200805
020202006101200805
020202007001200805
020202007005200805
020202008801200805
020202009601200805
020202009605200805
020202010001200805
020202010005200805
020202011801200805
020202012601200805
020202012605200805
020202013401200805
020202013405200805
020202014201200805
020202014205200805
020202015001200805
020202015005200805
020202016901200805
020202016905200805
020202017701200805
020202017705200805
020202018501200805
020202018505200805
020202019301200805
020202019305200805
020202020701200805
020202020705200805
020202021501200805
020202021505200805
020202022301200805
020202022305200805
020202023101200805
020202023105200805
020202024001200805
020202024005200805
020202025801200805
020202025805200805
020202026601200805
020202026605200805
020202027401200805
020202027405200805
020202028201200805
020202028205200805
020202029001200805
020202029005200805
020202030401200805
020202030405200805
020202030407200805
020202031201200805
020202032001200805
020202032005200805
020202033901200805
020202034701200805
020202034705200805
020202035501200805
020202035505200805
020202036301200805
020202036305200805
020202037101200805
020202037105200805
020202037107200805
020202038001200805
020202038005200805
020202038007200805
020202039801200805
020202039805200805
020202040101200805
020202040105200805
020202041001200805
020202041005200805
020202042801200805
020202043601200805
020202043605200805
020202044401200805
020202044405200805
020202045201200805
020202045205200805
020202046001200805
020202046005200805
020202047905200805
020202048701200805
020202048705200805
020202049501200805
020202049505200805
020202050901200805
020202050905200805
020202051701200805
020202052501200805
020202053301200805
020202053305200805
020202054101200805
020202054105200805
020203001601200805
020203001605200805
020203002402200805
020203003201200805
020203003205200805
020203004001200805
020203005902200805
020203006701200805
020203006705200805
020203007501200805
020203007505200805
020203008301200805
020203008305200805
020203009101200805
020203009105200805
020203010501200805
020203011301200805
020203011305200805
020203012101200805
020203012105200805
020203013001200805
020203013005200805
020203014801200805
020203014805200805
020203015601200805
020203016401200805
020203016405200805
020203017205200805
020203018001200805
020203019901200805
020203020201200805
020203020205200805
020203021002200805
020203022901200805
020203022905200805
020203023702200805
020203024501200805
020203024505200805
020203025301200805
020203026101200805
020203027001200805
020203027005200805
020203028801200805
020203028805200805
020203029601200805
020203029605200805
020203030001200805
020203030005200805
020203030007200805
020203031801200805
020203031805200805
020203032601200805
020203033401200805
020203034201200805
020203035001200805
020203036901200805
020203037701200805
020203038501200805
020203039301200805
020203040701200805
020203040705200805
020203041501200805
020203041505200805
020203042301200805
020203043101200805
020203044001200805
020203045801200805
020203046601200805
020203046605200805
020203047401200805
020203047405200805
020203048201200805
020203049001200805
020203050401200805
020203051201200805
020203052001200805
020203053901200805
020203054701200805
020203054705200805
020203055501200805
020203056301200805
020203057101200805
020203058001200805
020203059801200805
020203059805200805
020203060101200805
020203061001200805
020203062801200805
020203063601200805
020203063605200805
020203063607200805
020203064401200805
020203065201200805
020203066001200805
020203067902200805
020203067905200805
020203067907200805
020203068701200805
020203069501200805
020203070901200805
020203070905200805
020203071701200805
020203071705200805
020203072501200805
020203073301200805
020203073305200805
020203074101200805
020203074105200805
020203075001200805
020203076801200805
020203076805200805
020203077601200805
020203077605200805
020203078401200805
020203078405200805
020203079201200805
020203080601200805
020203081401200805
020203081405200805
020203082201200805
020203083001200805
020203084901200805
020203085701200805
020203085705200805
020203086501200805
020203087301200805
020203087305200805
020203088101200805
020203088105200805
020203089001200805
020203089005200805
020203089007200805
020203090301200805
020203091101200805
020203092001200805
020203092005200805
020203093801200805
020203094601200805
020203095401200805
020203096201200805
020203097001200805
020203097005200805
020203097007200805
020203098901200805
020203099701200805
020203100401200805
020203100405200805
020203101201200805
020203101205200805
020203102001200805
020203103901200805
020203104701200805
020203104705200805
020203105501200805
020203106301200805
020203107102200805
020203108002200805
020203109801200805
020203109804200805
020203110101200805
020203110105200805
020203111001200805
020203111005200805
020203112801200805
020203112805200805
020203113601200805
020203113605200805
020203114401200805
020203114405200805
020203115201200805
020203116001200805
020203116005200805
020203117901200805
020203117905200805
020204001101200805
020204002001200805
020204003801200805
020204003805200805
020204004601200805
020204004605200805
020204005401200805
020204006201200805
020204007001200805
020204007005200805
020204008901200805
020204009701200805
020204009705200805
020204010001200805
020204011901200805
020204012701200805
020204012705200805
020204013501200805
020204013505200805
020204014301200805
020204014305200805
020204015101200805
020204016001200805
020204017801200805
020205001701200805
020205001705200805
020205002501200805
020205002505200805
020205003301200805
020205004101200805
020205004105200805
020205005001200805
020205005005200805
020205006801200805
020205006805200805
020205007601200805
020205008401200805
020205009201200805
020205010601200805
020205011401200805
020205011405200805
020205012201200805
020205013001200805
020205013005200805
020205014901200805
020205015701200805
020205016501200805
020205017301200805
020205018101200805
020205018105200805
020205019001200805
020205020301200805
020205021101200805
020205022001200805
020205022005200805
020205023801200805
020205023805200805
020205024601200805
020205024605200805
020205025401200805
020205025405200805
020205026201200805
020205027001200805
020205028901200805
020205029701200805
020205030001200805
020205030005200805
020205031901200805
020205032701200805
020206001201200805
020206002001200805
020206003901200805
020206004701200805
020206005501200805
020206005505200805
020206006301200805
020206007101200805
020206008001200805
020206009801200805
020206009805200805
020206010101200805
020206011001200805
020206011005200805
020206012801200805
020206013601200805
020206013607200805
020206014401200805
020206015201200805
020206015205200805
020206016001200805
020206016005200805
020206017901200805
020206017905200805
020206018701200805
020206018705200805
020206019501200805
020206020901200805
020206021701200805
020206021705200805
020206022501200805
020206022505200805
020206023301200805
020206023305200805
020206024101200805
020206024105200805
020206025001200805
020206025005200805
020206026801200805
020206026805200805
020206027601200805
020206027607200805
020206028401200805
020206029201200805
020206029205200805
020206030601200805
020206030605200805
020206031401200805
020206031405200805
020206032201200805
020206033001200805
020206033005200805
020206034901200805
020206034905200805
020206035701200805
020206036501200805
020206037301200805
020206037305200805
020206038101200805
020206038105200805
020206039001200805
020206039005200805
020206040301200805
020206041101200805
020206042001200805
020206043801200805
020206044601200805
020206045401200805
020206046201200805
020207001801200805
020207002601200805
020207003401200805
020207004201200805
020207005001200805
020207006901200805
020207007701200805
020207008501200805
020207008507200805
020207009301200805
020207009305200805
020207010701200805
020207011501200805
020207012301200805
020207012305200805
020207013101200805
020207014001200805
020207015801200805
020207016601200805
020207017401200805
020207018202200805
020207018205200805
020207019001200805
020207019005200805
020207020401200805
020207020405200805
020207021201200805
020207022001200805
020207023901200805
020207024701200805
020207025501200805
020207025505200805
020207026301200805
020207027101200805
020207027105200805
020207028001200805
020207029801200805
020207030101200805
020207031001200805
020207032801200805
020207033601200805
020207034401200805
020207035201200805
020207035207200805
020208001301200805
020208001305200805
020208002101200805
020208002105200805
020208003001200805
020208003005200805
020208004801200805
020208004805200805
020208005601200805
020208006401200805
020208006405200805
020208007201200805
020208007205200805
020208008001200805
020208008005200805
020208009901200805
020208010201200805
020208011001200805
020208011005200805
020208012901200805
020208012905200805
020208013701200805
020208013705200805
020208014501200805
020208014505200805
020208015301200805
020208015305200805
020208016101200805
020208016105200805
020208017001200805
020208018801200805
020208019601200805
020208020001200805
020208021801200805
020208022601200805
020208023401200805
020209001901200805
020209001905200805
020209002701200805
020209003501200805
020209004301200805
020209005101200805
020209005105200805
020209006001200805
020209006005200805
020209007801200805
020209007805200805
020209008601200805
020209009401200805
020209010801200805
020209010805200805
020209011601200805
020209012401200805
020209012405200805
020209013201200805
020209013205200805
020209014005200805
020209015901200805
020209015905200805
020209016701200805
020209016705200805
020209017501200805
020209018301200805
020209018305200805
020209019101200805
020209019105200805
020209021301200805
020209021305200805
020209022101200805
020209023001200805
020209023005200805
020209024801200805
020209025601200805
020209025605200805
020209026401200805
020209027201200805
020209027205200805
020209028001200805
020209029901200805
020209029905200805
020209030201200805
020209030205200805
020209031001200805
020209032901200805
020209032905200805
020209033701200805
020209033705200805
020209034501200805
020209035301200805
020210001401200805
020210002201200805
020210003001200805
020211001001200805
020211002801200805
020211003602200805
020211004401200805
020211005201200805
020211006001200805
020211007901200805
020211008701200805
020212001501200805
020212001505200805
020212002301200805
020212002305200805
020212003101200805
020212003105200805
020212004001200805
020212004005200805
020212005801200805
020212005805200805
020212006601200805
020212006605200805
020212007401200805
020212007405200805
020212008201200805
020212008205200805
020212009001200805
020212009005200805
020212010401200805
020212010405200805
020301001902200805
020301002701200805
020301002704200805
020301003501200805
020301003504200805
020301004302200805
020302001402200805
020302002202200805
020302003001200805
020302003004200805
020302004902200805
020302005705200805
020302006502200805
020302007302200805
020302008102200805
020401001201200805
020401001205200805
020401002001200805
020401003901200805
020401003905200805
020401004701200805
020401004705200805
020401005501200805
020401005505200805
020401006301200805
020401006305200805
020401007101200805
020401007105200805
020401008001200805
020401008005200805
020401009801200805
020401009805200805
020401010101200805
020401010105200805
020401011001200805
020401011005200805
020401012801200805
020401012805200805
020401013601200805
020401013605200805
020401014401200805
020401014405200805
020401015201200805
020401015205200805
020401016001200805
020401016005200805
020401017901200805
020401017905200805
020401018701200805
020401018705200805
020401019501200805
020401019505200805
020401020901200805
020401020905200805
020402001802200805
020402001804200805
020402002601200805
020402003401200805
020402003405200805
020402004201200805
020402004205200805
020402005001200805
020402005005200805
020402006901200805
020402006905200805
020402007701200805
020402007705200805
020402008501200805
020402008505200805
020402009301200805
020402010701200805
020402010705200805
020402011501200805
020402012301200805
020402012305200805
020402013105200805
020403001301200805
020403001304200805
020403002101200805
020403002105200805
020403003002200805
020403004802200805
020403004804200805
020403005601200805
020403005605200805
020403006401200805
020403006405200805
020403007201200805
020403007205200805
020403008001200805
020403008005200805
020403009901200805
020403009905200805
020403010201200805
020403010205200805
020403011001200805
020403011005200805
020403012901200805
020403012905200805
020403013701200805
020403013705200805
020403014501200805
020403014505200805
020403015301200805
020403015305200805
020403015307200805
020403016102200805
020403017001200805
020403017005200805
020404001901200805
020404001905200805
020404002701200805
020404002705200805
020404003501200805
020404003505200805
020404004301200805
020404004305200805
020404005101200805
020404005105200805
020404006001200805
020404006005200805
020404007801200805
020404007805200805
020404008601200805
020404008605200805
020404009401200805
020404009405200805
020404010801200805
020404010805200805
020404011601200805
020404011605200805
020404012401200805
020404012405200805
020405001401200805
020405001405200805
020405002201200805
020405002205200805
020405003001200805
020405003005200805
020405004901200805
020405004905200805
020405005701200805
020405005705200805
020405006501200805
020405006505200805
020405007301200805
020405008101200805
020405008105200805
020405009005200805
020405010301200805
020405010305200805
020405011101200805
020405011105200805
020405012001200805
020405012005200805
020405013801200805
020405013805200805
020405014601200805
020405014605200805
020405015401200805
020405015405200805
020405016201200805
020405017001200805
020405017005200805
020405018901200805
020405018905200805
020406001001200805
020406001005200805
020406002802200805
020406003601200805
020406003605200805
020406004401200805
020406005201200805
020406006001200805
020406006005200805
020406007901200805
020406007905200805
020406008701200805
020406008705200805
020406009501200805
020406009505200805
020406010901200805
020406010905200805
020406011701200805
020406011705200805
020406012501200805
020406012505200805
020406013301200805
020406013305200805
020406014101200805
020406015001200805
020406015005200805
020406016801200805
020406016805200805
020406017601200805
020501001602200805
020501001604200805
020501002402200805
020501002404200805
020501003202200805
020501003204200805
020501004001200805
020501004004200805
020501005901200805
020502001104200805
020502002001200805
020502003801200805
020502003804200805
020502004601200805
020502004604200805
020502005401200805
020502005404200805
020502006201200805
020502007001200805
020502007004200805
020502008901200805
020502008904200805
020502009702200805
020502010001200805
020502011901200805
020502011904200805
020502012701200805
020502012704200805
020502013501200805
020502013504200805
020502014301200805
020502014304200805
020502015101200805
020502016001200805
020502016004200805
020502017801200805
020502017804200805
020502018601200805
020502019402200805
020601001002200805
020601001004200805
020601002802200805
020601002804200805
020601003602200805
020601003604200805
020601004402200805
020601004404200805
020601005202200805
020601006002200805
020601006004200805
020601007902200805
020601007904200805
020601008702200805
020602001502200805
020602002302200805
020602003102200805
020602003104200805
020602004004200805
020603001002200805
020603001004200805
020603002902200805
020603003702200805
020603003704200805
020701001302200805
020701001304200805
020701002102200805
020701002105200805
020701003002200805
020701003004200805
020701004802200805
020701004804200805
020701005602200805
020701005604200805
020701006402200805
020701006404200805
020701007202200805
020701007204200805
020702001902200805
020702001904200805
020702002702200805
020702002704200805
020702003502200805
020702003504200805
020703001402200805
020703001404200805
020703002202200805
020703002204200805
020703003002200805
020703003004200805
020703004902200805
020703004904200805
020801001702200805
020801002502200805
020801002504200805
020801003302200805
020801003304200805
020801004102200805
020801004104200805
020801005002200805
020801005004200805
020801006802200805
020801006804200805
020801007602200805
020801007604200805
020801008402200805
020801008404200805
020801009202200805
020801009204200805
020802001202200805
020802001204200805
020802002002200805
020802002004200805
020802003902200805
020802003904200805
020802004705200805
020802005502200805
020802005504200805
020802006302200805
020802006304200805
020802007102200805
020802007104200805
020802008002200805
020802008004200805
020802009802200805
020802009804200805
020802010102200805
020802010104200805
020802011002200805
020802011004200805
020802012802200805
020802012804200805
020803001802200805
020803001804200805
020803002602200805
020803002604200805
020803003402200805
020803003404200805
020803004202200805
020803004204200805
020803005002200805
020803005004200805
020804001305200805
020804002102200805
020804002104200805
020804003002200805
020804003004200805
020804004805200805
020804005602200805
020804005604200805
020804006402200805
020804006404200805
020804007202200805
020804007204200805
020804008002200805
020804008004200805
020804009902200805
020804009904200805
020804010202200805
020804010204200805
020805001902200805
020805001904200805
020805002705200805
020805003502200805
020805003504200805
020805004302200805
020805004304200805
020806001402200805
020806001404200805
020806002202200805
020806002204200805
020806003002200805
020806003004200805
020807001002200805
020807001004200805
020807002802200805
020807002804200805
020807003602200805
020807003604200805
020807004402200805
020807004404200805
020808001502200805
020808001504200805
020808002302200805
020808002305200805
020808003102200805
020808003104200805
020808004002200805
020808004004200805
020809001002200805
020809001004200805
020809002902200805
020809002904200805
020809003702200805
020809003704200805
020901001001200805
020901001004200805
020901002901200805
020901002904200805
020901003701200805
020901003704200805
020901004501200805
020901004504200805
020901005301200805
020901005304200805
020901006101200805
020901006104200805
020902001601200805
020902001604200805
020903001101200805
020904001701200805
020904001704200805
020904002501200805
020904003301200805
020904003303200805
020904004101200805
020904005003200805
021001001004200805
021001002902200805
021001003705200805
021001004502200805
021001004504200805
021001005302200805
021001005304200805
021001006102200805
021001006104200805
021001007002200805
021001007004200805
021001008802200805
021001009602200805
021001009604200805
021001010002200805
021001010004200805
021001011802200805
021001011804200805
021001012602200805
021001012604200805
021001013402200805
021001013404200805
021001014202200805
021001014204200805
021001015002200805
021001015004200805
021001016902200805
021001016904200805
021001017702200805
021001018502200805
021001019302200805
021001019304200805
021001020702200805
021002001602200805
021002001604200805
021101001401200805
021101002201200805
021101002205200805
021101003001200805
021101003005200805
021101004901200805
021102001004200805
021102001006200805
021102002804200805
021102002806200805
021102003601200805
021102003605200805
021102004401200805
021102004405200805
021102005201200805
021102006001200805
021102006005200805
021103001502200805
021103001504200805
021103002302200805
021103002304200805
021103003102200805
021103003104200805
021103004002200805
021103004005200805
021103005802200805
021103005805200805
021103006602200805
021103006604200805
021103007402200805
021103007404200805
021103008202200805
021103008204200805
021103009002200805
021103009004200805
021104001001200805
021104001005200805
021104002901200805
021104002905200805
021104003701200805
021104004501200805
021104005301200805
021104006101200805
021104006105200805
021105001605200805
021105002401200805
021105002405200805
021105003201200805
021105003205200805
021105004001200805
021105004005200805
021105005901200805
021105006701200805
021105006705200805
021105007501200805
021105008301200805
021105008305200805
021105009103200805
021105010503200805
021105011301200805
021105011305200805
021105012101200805
021105012105200805
021105013001200805
021105013005200805
021105014804200805
021105015601200805
021106001101200805
021106002001200805
021106003801200805
021106004601200805
021106005401200805
021106006201200805
021106007001200805
021106008901200805
021106009701200805
021106010001200805
021106011901200805
021106012701200805
021106013501200805
021106014301200805
021106015101200805
021106015105200805
021106016001200805
021106017801200805
021106018601200805
021106019401200805
021106020801200805
021106021601200805
021106022401200805
021106023201200805
021106024001200805
021106025901200805
021106025905200805
021106026701200805
021106027501200805
021107001701200805
021107002501200805
021107002505200805
021107002507200805
021107003301200805
021107003307200805
021107004101200805
021107004105200805
021107004107200805
021107005001200805
021107006801200805
021107007601200805
021107008401200805
021107009206200805
021107010606200805
021107011401200805
021107012201200805
021107013001200805
021107014901200805
021107015701200805
021107015707200805
021107016501200805
021107017301200805
021107018101200805
021107019001200805
021107020301200805
021107020305200805
021107020307200805
021107021101200805
021107021105200805
021107021107200805
021107022001200805
021107023801200805
021107024601200805
021107024607200805
021107025401200805
021107026201200805
021107026207200805
021107027001200805
021107028901200805
021107029706200805
021107030006200805
021107031906200805
021107032701200805
021107033501200805
021107034301200805
021107035101200805
021107035105200805
021107036001200805
021108001201200805
021108001205200805
021108002001200805
021108003901200805
021108004701200805
021108004705200805
021108005501200805
021108006301200805
021108006305200805
021108007101200805
021108007105200805
021108008001200805
021108008005200805
021109001801200805
021109002601200805
021109003401200805
021109004201200805
021109004205200805
021109005001200805
021109006901200805
021109007701200805
021110001301200805
021110001305200805
021112001404200805
021112002204200805
021201001801200805
021201002601200805
021201002604200805
021201003401200805
021201003404200805
021201004201200805
021201005001200805
021202001301200805
021202002101200805
021202003001200805
021202004801200805
021202005601200805
021202006401200805
021301001101200805
021301002001200805
021301003801200805
021301004601200805
021301005401200805
021301006201200805
021301007001200805
021301008901200805
021301009701200805
021301010001200805
021301011901200805
021301012701200805
021301013501200805
021301014301200805
021301015101200805
021301016001200805
021301017801200805
021301018601200805
021301019401200805
021301020801200805
021301021601200805
021301022401200805
021301023201200805
021301024001200805
021301025901200805
021301026701200805
021301027501200805
021301028301200805
021301029101200805
021301030501200805
021301031301200805
021301032101200805
021301033001200805
021301034801200805
021301035601200805
021301036401200805
021301037201200805
021301038001200805
021301039901200805
021301040201200805
021301041001200805
021301042901200805
021301043701200805
021301044501200805
021301045301200805
021301046101200805
021301047001200805
021301048801200805
021301049601200805
021301050001200805
021301051801200805
021301052601200805
021301053401200805
021301054201200805
021301055001200805
021301056901200805
021301057701200805
021301058501200805
021301059301200805
021301060701200805
021301061501200805
021301062301200805
021301063101200805
021301064001200805
021301065801200805
021301066601200805
021301067401200805
021301068201200805
021301069001200805
021301070401200805
021301071201200805
021302001701200805
021302002501200805
021302003301200805
021302004101200805
021302005001200805
021302006801200805
021302007601200805
021302008401200805
021401001501200805
021401002301200805
021401003101200805
021401004001200805
021401004004200805
021401005801200805
021401005804200805
030101001301200805
030101002101200805
030101003001200805
030101004801200805
030101004805200805
030101005601200805
030101006401200805
030101006405200805
030101007201200805
030101007205200805
030101008001200805
030101009901200805
030101010202200805
030101011001200805
030101012901200805
030101013701200805
030101014504200805
030101015301200805
030101016101200805
030102001902200805
030102002702200805
030102003502200805
030103001401200805
030103002201200805
030103003001200805
030103004901200805
030103005701200805
030103006501200805
030103007301200805
030103008101200805
030103009001200805
030103010301200805
030103011101200805
030103012001200805
030103013801200805
030103014601200805
030103015401200805
030103016201200805
030103017001200805
030103018901200805
030104001001200805
030104002801200805
030104003601200805
030104004401200805
030105001502200805
030105002302200805
030105003102200805
030105004002200805
030105005801200805
030105006602200805
030105006605200805
030105007403200805
030106001003200805
030106002901200805
030106003701200805
030106004501200805
030106005301200805
030106006101200805
030106007003200805
030106008803200805
030106009601200805
030106010001200805
030107001606200805
030107002402200805
030107003206200805
030107004002200805
030107005902200805
030107006702200805
030107007502200805
030107008301200805
030107009101200805
030107010502200805
030107011302200805
030107012102200805
030107013002200805
030108001101200805
030108002006200805
030108003806200805
030108003807200805
030108004606200805
030108005406200805
030108006206200805
030108007006200805
030108008906200805
030108009706200805
030108010006200805
030108011906200805
030108012706200805
030108013506200805
030108014301200805
030108015101200805
030108016001200805
030108017801200805
030109001703200805
030109002503200805
030110001201200805
030110002001200805
030110003901200805
030110004701200805
030110004705200805
030110005501200805
030110005505200805
030110006305200805
030110007105200805
030110008005200805
030110009805200805
030110010101200805
030110010105200805
030110011005200805
030110012801200805
030110012805200805
030110013601200805
030110014401200805
030110014405200805
030110015201200805
030110016004200805
030110017901200805
030110017905200805
030110018701200805
030111001806200805
030111002606200805
030112001302200805
030112002102200805
030112003002200805
030112004802200805
030112005606200805
030113001906200805
030201001702200805
030201001704200805
030201002502200805
030201002504200805
030201003304200805
030202001202200805
030202001204200805
030202002002200805
030202002004200805
030202003902200805
030202003904200805
030203001802200805
030203001804200805
030203002602200805
030203002604200805
030204001302200805
030204001304200805
030204002102200805
030204002104200805
030204003002200805
030204003004200805
030204004802200805
030204004804200805
030204005602200805
030204005604200805
030205001902200805
030205001904200805
030205002702200805
030205003504200805
030206001402200805
030206001404200805
030206002202200805
030206002204200805
030206003002200805
030206003004200805
030206004902200805
030206005702200805
030206005704200805
030207001002200805
030207001004200805
030207002804200805
030207003602200805
030301001003200805
030301002903200805
030301003703200805
030301004503200805
030301005303200805
030301006103200805
030301007003200805
030301008803200805
030301009603200805
030301010003200805
030301011803200805
030301012603200805
030301013403200805
030301014203200805
030301015003200805
030301016903200805
030301017703200805
030301018503200805
030301019303200805
030301020703200805
030301021503200805
030302001601200805
030302002401200805
030302003203200805
030302004003200805
030302005903200805
030302006703200805
030302007503200805
030302008303200805
030303001103200805
030303002003200805
030303003803200805
030303004603200805
030303005403200805
030303006203200805
030304001703200805
030304002503200805
030304003303200805
030304004103200805
030304005003200805
030304006803200805
030304007603200805
030304008403200805
030304009203200805
030304010603200805
030304011403200805
030304012203200805
030304013003200805
030304014903200805
030304015703200805
030304016503200805
030304017303200805
030304018103200805
030304019003200805
030304020303200805
030304021103200805
030304022003200805
030304023803200805
030304024603200805
030304025403200805
030304026203200805
030304027003200805
030304028903200805
030304029703200805
030305001202200805
030305002001200805
030305003902200805
030305004702200805
030305005502200805
030305006302200805
030305007102200805
030305008002200805
030305009802200805
030305010102200805
030305011002200805
030305012802200805
030306001803200805
030306002603200805
030306003403200805
030306004203200805
030306005003200805
030306006903200805
030306007703200805
030306008503200805
030306009303200805
030306010703200805
030306011503200805
030306012303200805
030306013103200805
030306014003200805
030306015803200805
030306016603200805
030306017403200805
030306018203200805
030306019003200805
030306020403200805
030306021203200805
030306022003200805
030306023903200805
030306024703200805
030306025503200805
030306026303200805
030306027103200805
030306028003200805
030306029803200805
030306030103200805
030307001301200805
030307002104200805
030307003001200805
030307004801200805
030307005601200805
030307006403200805
030307007203200805
030307008003200805
030307009903200805
030307010203200805
030307011003200805
030307012903200805
030308001901200805
030308002701200805
030308003501200805
030308004303200805
030308005103200805
030308006003200805
030308007803200805
030308008603200805
030308009403200805
030309001401200805
030309001405200805
030309002201200805
030309002205200805
030309003001200805
030309004901200805
030309004904200805
030309007301200805
030309008101200805
030309009001200805
030309011101200805
030309012001200805
030309012005200805
030309013803200805
030309014601200805
030309014605200805
030309015401200805
030309016201200805
030309017005200805
030309018901200805
030309018905200805
030309019703200805
030309020001200805
030309020003200805
030309021901200805
030309022701200805
030309022705200805
030309023501200805
030309023503200805
030309024303200805
030309025101200805
030309026001200805
030309028601200805
030309028603200805
030309029403200805
030309030801200805
030309030803200805
030309031603200805
030309032403200805
030309033203200805
030309034003200805
030309035903200805
030309036703200805
030309037503200805
030310001003200805
030310002803200805
030310003603200805
030310004403200805
030310005203200805
030311001503200805
030311002303200805
030311003103200805
030311004003200805
030311005803200805
030311006603200805
030311007403200805
030311008203200805
030311009003200805
030311010403200805
030311011203200805
030312001003200805
030312002905200805
030312003705200805
030312004505200805
030312005301200805
030312006102200805
030312007002200805
030313001603200805
030313002403200805
030313003203200805
030313004003200805
030313005903200805
030313006703200805
030313007503200805
030313008303200805
030314001101200805
030314002003200805
030314003803200805
030314004603200805
030314005403200805
030314006203200805
030314007003200805
030314008903200805
030314009703200805
030314010003200805
030314011901200805
030314011903200805
030314012703200805
030314013503200805
030314014303200805
030314015103200805
030315001703200805
030315002503200805
030315003303200805
030315004103200805
030315005003200805
030315006803200805
030316001203200805
030316002003200805
030316003903200805
030316004703200805
030316005503200805
030316006303200805
030316007103200805
030317001803200805
030317002603200805
030317003403200805
030317004203200805
030317005003200805
030317006903200805
030317007703200805
030317008503200805
030317009303200805
030317010703200805
030318001303200805
030318003003200805
030318004803200805
030318005603200805
030318006403200805
030318007203200805
030319001903200805
030401001406200805
030401002206200805
030401003006200805
030401004903200805
030401005703200805
030401006503200805
030401007306200805
030401008107200805
030401009006200805
030401010306200805
030401011103200805
030401012006200805
030401013806200805
030401014606200805
030401015407200805
030401016203200805
030401017007200805
030401018907200805
030401019707200805
030401020007200805
030401021906200805
030401022706200805
030401023506200805
030401024306200805
030401025106200805
030401026006200805
030401027806200805
030401028606200805
030401029406200805
030401030807200805
030402001006200805
030402002806200805
030402003606200805
030402004406200805
030402005206200805
030402006006200805
030402007906200805
030402008706200805
030402009506200805
030402010906200805
030402011706200805
030402012506200805
030402013306200805
030402014106200805
030402015006200805
030402016806200805
030402017606200805
030402018406200805
030402019206200805
030402020606200805
030402021406200805
030402022206200805
030402023006200805
030402024906200805
030402025706200805
030402026506200805
030402027306200805
030402028106200805
030402029006200805
030402030306200805
030402031106200805
030402032006200805
030402033806200805
030402034606200805
030402035406200805
030402036206200805
030402037006200805
030403001506200805
030403002306200805
030403003106200805
030403004006200805
030403005806200805
030403006606200805
030403007406200805
030403008206200805
030403009006200805
030403010406200805
030403011206200805
030403012006200805
030403013906200805
030403014706200805
030403015506200805
030403016306200805
030403017106200805
030403018006200805
030403019806200805
030403020106200805
030403021006200805
030404001006200805
030404002906200805
030404003706200805
030404004506200805
030404005306200805
030404006106200805
030404007006200805
030404008806200805
030404009606200805
030404010006200805
030404011806200805
030404012606200805
030404013406200805
030404014206200805
030404015006200805
030404016906200805
030405001606200805
030405002406200805
030405003206200805
030405004006200805
030405005906200805
030405006706200805
030405007506200805
030405008306200805
030405009106200805
030405010506200805
030405011306200805
030405012106200805
030405013006200805
030405014806200805
030405015606200805
030405016406200805
030405017206200805
030405018006200805
030405019906200805
030405020206200805
030405021006200805
030405022906200805
030405023706200805
030405024506200805
030406001106200805
030406002006200805
030406003806200805
030406004606200805
030406005406200805
030406006206200805
030406007006200805
030406008906200805
030406009706200805
030406010006200805
030406011906200805
030406012706200805
030406013506200805
030406014306200805
030406015106200805
030406016006200805
030406017806200805
030406018606200805
030406019406200805
030406020806200805
030406021606200805
030407001706200805
030407002506200805
030407003306200805
030407004106200805
030407005006200805
030408001207200805
030408002003200805
030408003903200805
030408004703200805
030408005506200805
030408005507200805
030408006303200805
030408007106200805
030408007107200805
030409001803200805
030409002603200805
030409003403200805
030410001303200805
030501001807200805
030501002606200805
030501003404200805
030501004204200805
030501005007200805
030501006906200805
030501006907200805
030501007707200805
030501008506200805
030501008507200805
030501009307200805
030501010706200805
030501010707200805
030501011506200805
030501011507200805
030501012307200805
030501013104200805
030501014004200805
030501015804200805
030501016606200805
030501016607200805
030501017403200805
030501018206200805
030501018207200805
030501019004200805
030502001303200805
030502002103200805
030502003003200805
030502004803200805
030502005603200805
030601001101200805
030601002001200805
030601003801200805
030602001701200805
030602001704200805
030602002501200805
030602002505200805
030602003301200805
030602003305200805
030602004101200805
030602004104200805
030602005001200805
030602005004200805
030602006801200805
030602006804200805
030602007601200805
030602007604200805
030602008401200805
030602008404200805
030602009201200805
030602010601200805
030602010604200805
030602011401200805
030602011404200805
030602012204200805
030602013001200805
030602013004200805
030602014901200805
030602014904200805
030602015701200805
030701001501200805
030701002301200805
030701003101200805
030701004001200805
030701005801200805
030702001001200805
030702002901200805
030702003701200805
030702004501200805
030702005301200805
030702006101200805
030702007001200805
030702008801200805
030702009601200805
030702010001200805
030702011801200805
030703001601200805
030703002401200805
030703003201200805
030704001101200805
030704002006200805
030704003801200805
030704004601200805
030704005406200805
030704006201200805
030704007001200805
030704008901200805
030801001903200805
030801002703200805
030801003503200805
030801004303200805
030802001404200805
030802002203200805
030802003003200805
030803001003200805
030803002803200805
030803003603200805
030804001503200805
030804002303200805
030901001204200805
030901002004200805
030901003904200805
030901004704200805
030901005504200805
030901006304200805
030901007104200805
030901008004200805
030901009804200805
030901010104200805
030902001801200805
030902002601200805
030902003401200805
030903001301200805
030903002101200805
030903003001200805
030903004801200805
030903005601200805
030903005605200805
030903006401200805
030903007201200805
030903008001200805
030903009905200805
030903010206200805
030903011006200805
030903012906200805
030903013706200805
030903014501200805
030903014505200805
030903015301200805
030904001905200805
030904002701200805
030904002705200805
030905001401200805
030905002201200805
030905003001200805
031001001202200805
031001002004200805
031001003903200805
031001004703200805
040101001501200805
040101001504200805
040101002301200805
040101002305200805
040101003101200805
040101004001200805
040101004004200805
040101005801200805
040101005804200805
040101006601200805
040101007401200805
040101008201200805
040101009001200805
040101010401200805
040101010404200805
040101011201200805
040101012001200805
040101013901200805
040102001003200805
040102002903200805
040102003703200805
040102004503200805
040102005303200805
040102006103200805
040102007003200805
040102008802200805
040102008803200805
040102009603200805
040102010003200805
040102011803200805
040102012603200805
040102013403200805
040102014203200805
040102015001200805
040102015003200805
040102016903200805
040201001903200805
040201002703200805
040201003503200805
040201004303200805
040201005103200805
040202001403200805
040202002203200805
040301001203200805
040301002003200805
040301003903200805
040301004703200805
040301005503200805
040301006303200805
040301007103200805
040301008003200805
040301009803200805
040301010103200805
040301011003200805
040301012803200805
040301013603200805
040301014403200805
040301015203200805
040301016003200805
040301017903200805
040301018703200805
040301019503200805
040301020903200805
040301021703200805
040301022503200805
040301023303200805
040301024103200805
040301025003200805
040301026803200805
040301027603200805
040301028403200805
040301029203200805
040301030603200805
040301031403200805
040301032203200805
040301033003200805
040301034903200805
040301035703200805
040301036503200805
040302001803200805
040302002603200805
040302003403200805
040302004203200805
040302005003200805
040302006903200805
040302007703200805
040302008503200805
040302009303200805
040302010703200805
040302011503200805
040302012303200805
040302013103200805
040303001303200805
040303002103200805
040303003003200805
040303004803200805
040303005603200805
040303006403200805
040303007203200805
040303008003200805
040303009903200805
040303010203200805
040303011003200805
040303012903200805
040303013703200805
040303014503200805
040303015303200805
040303016103200805
040303017003200805
040304001903200805
040304002703200805
040304003503200805
040304004303200805
040304005103200805
040304006003200805
040304007803200805
040304008603200805
040305001402200805
040305002202200805
040305003003200805
040305004903200805
040305005703200805
040305006503200805
040305007303200805
040305008102200805
040305009003200805
040305010303200805
040305011103200805
040305012003200805
040305013803200805
040305014603200805
040305015403200805
040305016203200805
040306001003200805
040306002803200805
040306003603200805
040306004403200805
040306005203200805
040306006003200805
040306007903200805
040306008703200805
040306009503200805
040307001503200805
040307002303200805
040307003103200805
040307004003200805
040307005803200805
040307006603200805
040307007403200805
040307008203200805
040307009003200805
040307010403200805
040307011203200805
040307012003200805
040307013903200805
040307014703200805
040308001003200805
040308002903200805
040308003703200805
040308004503200805
040308005303200805
040308006103200805
040308007003200805
040308008803200805
040308009603200805
040308010003200805
040401001602200805
040401001603200805
040401002401200805
040401002403200805
040401003202200805
040401003203200805
040401004003200805
040401005901200805
040401005903200805
040401006703200805
040401007501200805
040401008303200805
040401009101200805
040401010503200805
040401011303200805
040401012101200805
040401012103200805
040401013003200805
040401014803200805
040401015601200805
040401016403200805
040401017203200805
040401018003200805
040401019903200805
040401020203200805
040401021003200805
040401022903200805
040401023703200805
040401024501200805
040401025301200805
040401025304200805
040401026101200805
040401027001200805
040401028803200805
040401029601200805
040401030001200805
040401031801200805
040401031803200805
040401032603200805
040401033403200805
040401034201200805
040401034204200805
040401035003200805
040401036901200805
040401037703200805
040401038503200805
040401039301200805
040401040703200805
040401041502200805
040401041503200805
040402001103200805
040402002001200805
040402003801200805
040402003803200805
040402004603200805
040402005401200805
040402005404200805
040402006203200805
040402007003200805
040402008901200805
040402008903200805
040402009701200805
040402009704200805
040402010001200805
040402011903200805
040402012701200805
040402013503200805
040402014303200805
040402015103200805
040402016003200805
040402017803200805
040402018603200805
040402019403200805
040402020803200805
040402021603200805
040402022403200805
040402023203200805
040402024003200805
040402025903200805
040402026703200805
040402027503200805
040402028303200805
040402029103200805
040402030503200805
040402031303200805
040402032103200805
040402033003200805
040402034803200805
040402035603200805
040402036403200805
040402037203200805
040402038003200805
040402039903200805
040402040203200805
040402041003200805
040402042903200805
040402043703200805
040403001703200805
040403002503200805
040403003303200805
040403004103200805
040403005003200805
040403006803200805
040403007603200805
040403008403200805
040403009203200805
040403010603200805
040403011403200805
040403012203200805
040403013003200805
040403014903200805
040403015703200805
040403016503200805
040403017303200805
040403018103200805
040403019003200805
040403020303200805
040403021103200805
040501001001200805
040501002801200805
040501003603200805
040501004401200805
040501005201200805
040501006001200805
040501007901200805
040501008703200805
040501010901200805
040501011703200805
040501012503200805
040501013303200805
040501014101200805
040501015001200805
040501016801200805
040501017601200805
040501018401200805
040501019201200805
040502001503200805
040502002303200805
040503001003200805
040503002903200805
040503003703200805
040503004502200805
040503005301200805
040503007001200805
040503007003200805
040503008801200805
040503009601200805
040503010001200805
040503010003200805
040503011801200805
040503011803200805
040503012601200805
040503013401200805
040503014203200805
040503015001200805
040504001601200805
040504001603200805
040504002403200805
040504003201200805
040504003203200805
040504004003200805
040504005903200805
040504006703200805
040504007503200805
040504008303200805
040504009103200805
040504010501200805
040504010503200805
040504013001200805
040504014803200805
040504015603200805
040504016403200805
040504017203200805
040504018003200805
040504019901200805
040504019903200805
040504020202200805
040505001103200805
040505002001200805
040505003801200805
040505004601200805
040505005401200805
040505005403200805
040505006201200805
040505007001200805
040505008901200805
040505009706200805
040505010006200805
040505011906200805
040505012701200805
040505013503200805
040505014301200805
040505014303200805
040505015102200805
040505015103200805
040505016001200805
040505017801200805
040505017803200805
040505018603200805
040505019401200805
040505020801200805
040505021603200805
040505022403200805
040505023203200805
040505024001200805
040505025901200805
040505026701200805
040505028301200805
040505029101200805
040505030501200805
040505031303200805
040505032101200805
040505034803200805
040505035603200805
040505036401200805
040505037206200805
040601001303200805
040601002103200805
040601003003200805
040601004803200805
040601005603200805
040601006403200805
040601007203200805
040601008003200805
040601009903200805
040601010203200805
040601011003200805
040601012904200805
040601013703200805
040601014503200805
040601015303200805
040601016103200805
040601017003200805
040601018803200805
040601019603200805
040601020003200805
040601021803200805
040601022603200805
040601023403200805
040601024203200805
040601025003200805
040601026903200805
040601027703200805
040601028503200805
040601029303200805
040601030703200805
040601031503200805
040601032303200805
040601033103200805
040601034003200805
040601035803200805
040601036603200805
040601037403200805
040601038203200805
040601039003200805
040601040403200805
040601041203200805
040601042003200805
040601043903200805
040601044703200805
040601045503200805
040601046303200805
040601047103200805
040601048003200805
040601049803200805
040601050103200805
040601051003200805
040601052803200805
040601053603200805
040601054403200805
040601055203200805
040601056003200805
040601057903200805
040601058703200805
040601059503200805
040601060903200805
040601061703200805
040601062503200805
040601063303200805
040601064103200805
040601065003200805
040601066803200805
040601067603200805
040601068403200805
040601069203200805
040601070603200805
040601071403200805
040601072204200805
040601073003200805
040601074903200805
040601075703200805
040601076503200805
040601077303200805
040601078103200805
040601079003200805
040601080303200805
040601081103200805
040601082003200805
040601083803200805
040601084603200805
040601085403200805
040601086203200805
040601087003200805
040601088903200805
040601089703200805
040601090003200805
040601091903200805
040601092703200805
040601093503200805
040601094303200805
040601095103200805
040601096003200805
040601097803200805
040601098603200805
040601099403200805
040601100103200805
040601101003200805
040601102803200805
040601103603200805
040601104403200805
040601105203200805
040601106003200805
040601107903200805
040601108703200805
040601109503200805
040601110903200805
040601111703200805
040601112503200805
040601113303200805
040601114103200805
040601115003200805
040601116803200805
040601117603200805
040601118403200805
040601119203200805
040601120603200805
040601121403200805
040601122203200805
040602001903200805
040602002703200805
040602003503200805
040602004303200805
040602005103200805
040602006005200805
040602007803200805
040602008605200805
040602009401200805
040602010803200805
040602011603200805
040602012403200805
040602013201200805
040602014001200805
040602015903200805
040602016703200805
040602017504200805
040602018305200805
040602019103200805
040602020501200805
040602021303200805
040602022103200805
040602023003200805
040602024803200805
040602025603200805
040602026403200805
040602027203200805
040602028003200805
040602029901200805
040602030203200805
040602031003200805
040602032903200805
040602033703200805
040602034503200805
040602035303200805
040602036103200805
040602037003200805
040602038803200805
040602039603200805
040602040003200805
040602041803200805
040602042603200805
040602043403200805
040602044203200805
040602045003200805
040602046903200805
040602047703200805
040602048503200805
040602049303200805
040602050703200805
040602051503200805
040602052303200805
040602053103200805
040602054003200805
040602055803200805
040602056603200805
040602057403200805
040602058203200805
040602059003200805
040602060403200805
040603001403200805
040603002203200805
040603003003200805
040603004903200805
040603005703200805
040603006503200805
040603007303200805
040603008103200805
040603009003200805
040603010303200805
040603011103200805
040603012003200805
040603013803200805
040603014603200805
040604001003200805
040604002803200805
040604004403200805
040604005203200805
040604006003200805
040604007903200805
040604008703200805
040604009503200805
040604010903200805
040604011703200805
040604012503200805
040604013303200805
040604014103200805
040604015003200805
040604016803200805
040604017603200805
040604018403200805
040604019203200805
040604020603200805
040604021403200805
040604022203200805
040604023003200805
040604024903200805
040604025703200805
040604026503200805
040604027303200805
040604028103200805
040604029003200805
040604030303200805
040604031103200805
040604032003200805
040604033803200805
040605001503200805
040605002303200805
040605003103200805
040605004003200805
040605005803200805
040605006603200805
040605007403200805
040605008203200805
040605009003200805
040605010403200805
040605011203200805
040605012003200805
040605013903200805
040701001703200805
040701002505200805
040701003303200805
040701004103200805
040701005003200805
040701006803200805
040701007603200805
040701008403200805
040701009203200805
040701010603200805
040701011403200805
040701012203200805
040701013003200805
040701014903200805
040701015703200805
040701016503200805
040701017303200805
040701018103200805
040701019003200805
040701020303200805
040701021103200805
040701022003200805
040701023803200805
040701024601200805
040701024604200805
040701025401200805
040701025404200805
040701026205200805
040701027003200805
040701028903200805
040701029703200805
040701030003200805
040701031901200805
040701032701200805
040701033503200805
040701034303200805
040701035103200805
040702001203200805
040702002003200805
040702003903200805
040702004703200805
040702005501200805
040702006303200805
040702007103200805
040702008003200805
040702009803200805
040702010103200805
040702011003200805
040702012801200805
040702012804200805
040702013601200805
040702013603200805
040702014401200805
040702014403200805
040702015203200805
040702016001200805
040702017903200805
040702018703200805
040702019503200805
040702020903200805
040702021703200805
040702022502200805
040702022503200805
040702023303200805
040702024103200805
040702025003200805
040702026803200805
040702027603200805
040702028403200805
040702029203200805
040702030603200805
040702031401200805
040702032203200805
040702033003200805
040702034903200805
040702035703200805
040702036503200805
040702037301200805
040702038103200805
040702039001200805
040702040303200805
040702041103200805
040702042003200805
040702043803200805
040702044603200805
040702045403200805
040702046203200805
040702047003200805
040702048901200805
040702049701200805
040703001803200805
040703002603200805
040703003403200805
040703004203200805
040703005003200805
040703006903200805
040703007703200805
040703008502200805
040703009302200805
040703010702200805
040703011502200805
040703012303200805
040703013103200805
040703014003200805
040703015803200805
040703016603200805
040703017403200805
040703018203200805
040703019003200805
040703020403200805
040703021203200805
040703022003200805
040703023902200805
040703024703200805
040704001303200805
040704002103200805
040704003003200805
040704004803200805
040704005603200805
040704006403200805
040704007203200805
040704008003200805
040704009903200805
040704010203200805
040704011003200805
040704012903200805
040704013703200805
040704014503200805
040704015303200805
040704016103200805
040704017003200805
040704018803200805
040704019601200805
040704019604200805
040704020003200805
040704021801200805
040704021804200805
040704022603200805
040704023403200805
040704024203200805
040704025003200805
040704026903200805
040801001003200805
040801002903200805
040801003703200805
040801004503200805
040801005303200805
040801006103200805
040801007003200805
040801008803200805
040801009603200805
040801010003200805
040801011803200805
040801012601200805
040801012604200805
040801013401200805
040801013403200805
040801014203200805
040801015003200805
040801016903200805
040801017703200805
040801018503200805
040801019303200805
040801020703200805
040801021503200805
040801022303200805
040801023103200805
040802001603200805
040802002403200805
040802003203200805
040802004003200805
040802005903200805
040802006703200805
040802007503200805
040802008303200805
040802009103200805
040802010501200805
040802010503200805
040802011304200805
040802012103200805
040802013003200805
040802014803200805
040802015603200805
040802016401200805
040802016403200805
040802017201200805
040802017203200805
040802018001200805
040802018003200805
040802019901200805
040802019903200805
040802020201200805
040802020203200805
040802021003200805
040802022901200805
040802022903200805
040802023703200805
040802024501200805
040802024503200805
040802025303200805
040802026103200805
040802027003200805
040802028803200805
040802029601200805
040802029603200805
040802030001200805
040802030003200805
040802031803200805
040802032603200805
040802033403200805
040802034203200805
040802035003200805
040802036903200805
040802037703200805
040802038503200805
040802039303200805
040802040703200805
040802041503200805
040802042303200805
040802043103200805
040802044003200805
040802045803200805
040802046603200805
040802047403200805
040802048203200805
040802049003200805
040802050403200805
040802051203200805
040802052003200805
040802053903200805
040802054703200805
040802055503200805
040802056303200805
040802057103200805
040802058003200805
040802059803200805
040802060103200805
040802061003200805
040802062803200805
040802063603200805
040802064403200805
040803001103200805
040803002003200805
040803003803200805
040803004603200805
040803005403200805
040803006203200805
040803007003200805
040803008903200805
040803009703200805
040803010003200805
040803011903200805
040803012703200805
040803013503200805
040803014303200805
040803015103200805
040803016003200805
040803017803200805
040803018603200805
040803019403200805
040803020803200805
040803021603200805
040803022403200805
040803023203200805
040803024003200805
040803025903200805
040803026703200805
040803027503200805
040803028303200805
040803029103200805
040803030503200805
040803031303200805
040803032103200805
040803033003200805
040803034803200805
040803035603200805
040803036403200805
040803037203200805
040803038003200805
040803039903200805
040803040203200805
040803041003200805
040803042903200805
040803043703200805
040803044503200805
040803045303200805
040803046103200805
040803047003200805
040803048804200805
040803050003200805
040803051803200805
040803052603200805
040803053403200805
040803054203200805
040803055003200805
040803056903200805
040803057703200805
040803058503200805
040803059303200805
040803060703200805
040803061503200805
040803062303200805
040803063103200805
040803064003200805
040803065803200805
040803066603200805
040803067403200805
040803068203200805
040803069003200805
040803070403200805
040803071203200805
040803072003200805
040803073903200805
040803074703200805
040803075503200805
040803076303200805
040803077103200805
040803078003200805
040803079803200805
040803080103200805
040803081003200805
040803082803200805
040803083603200805
040803084403200805
040803085203200805
040803086003200805
040803087903200805
040803088703200805
040803089503200805
040803090903200805
040803091703200805
040804001703200805
040804002503200805
040804003303200805
040804004103200805
040804005003200805
040804006803200805
040804007603200805
040804008403200805
040804009203200805
040804010603200805
040804011403200805
040804012203200805
040804013003200805
040804014903200805
040804015703200805
040804016503200805
040804017303200805
040804018103200805
040804019003200805
040804020303200805
040804021104200805
040804022003200805
040804023803200805
040804024603200805
040804025403200805
040804026203200805
040804027003200805
040804028903200805
040804029703200805
040804030003200805
040804031903200805
040804032703200805
040804033503200805
040804034303200805
040804035101200805
040805001203200805
040805002003200805
040805003903200805
040805004703200805
040805005503200805
040805006303200805
040805007103200805
040805008003200805
040805009804200805
040805010103200805
040805011003200805
040805012803200805
040805013603200805
040805014403200805
040805015203200805
040805016003200805
040805017903200805
040805018703200805
040805019501200805
040805019503200805
040805020901200805
040805020903200805
040805021701200805
040805021703200805
040805022501200805
040805022503200805
040805023303200805
040805024101200805
040805024103200805
040805025001200805
040805025003200805
040805026801200805
040805026803200805
040805027601200805
040805027603200805
040805028401200805
040805028403200805
040805029201200805
040805029203200805
040805030603200805
040805031403200805
040805032203200805
040805033001200805
040805033003200805
040805034903200805
040805035703200805
040805036503200805
040805037303200805
040805038103200805
040805039003200805
040805040303200805
040805041103200805
040805042003200805
040805043803200805
040805044603200805
040805045403200805
040805046203200805
040805047003200805
040805048903200805
040805049703200805
040805050003200805
040805051903200805
040805052703200805
040805053503200805
040805054303200805
040805055103200805
040805056003200805
040805057803200805
040805058603200805
040805059403200805
040805060803200805
040805061603200805
040805062403200805
040805063203200805
040805064003200805
040805065903200805
040805066703200805
040805067503200805
040805068303200805
040805069103200805
040805070503200805
040805071303200805
040805072103200805
040805073003200805
040805074803200805
040805075603200805
040805076403200805
040805077203200805
040805078003200805
040805079903200805
040805080203200805
040805081003200805
040805082903200805
040805083703200805
040805084503200805
040805085303200805
040805086103200805
040805087003200805
040805088803200805
040805089603200805
040805090003200805
040805091803200805
040805092603200805
040806001803200805
040806002603200805
040806003403200805
040806004201200805
040806004203200805
040806005003200805
040806006903200805
040806007703200805
040806008501200805
040806008503200805
040806009303200805
040806010703200805
040806011503200805
040806012303200805
040806013103200805
040806014003200805
040806015801200805
040806015803200805
040806016603200805
040806017403200805
040806018203200805
040806019003200805
040806020403200805
040806021201200805
040806021203200805
040806022001200805
040806023903200805
040806024703200805
040806025503200805
040806026303200805
040806027103200805
040806028003200805
040806029803200805
040806030101200805
040806030103200805
040806031003200805
040806032803200805
040806033603200805
040806034403200805
040806035201200805
040806035203200805
040806036003200805
040806037903200805
040806038703200805
040806039503200805
040806040902200805
040806040903200805
040806041703200805
040806042501200805
040806042503200805
040806043303200805
040806044103200805
040806045001200805
040806045003200805
040806046803200805
040806047603200805
040806048403200805
040806049203200805
040806050603200805
040806051403200805
040806052203200805
040806053003200805
040806054903200805
040806055703200805
040806056503200805
040806057303200805
040806058103200805
040806059003200805
040806060303200805
040806061103200805
040806062003200805
040806063803200805
040806064603200805
040806065401200805
040806066203200805
040806067003200805
040806068901200805
040806069703200805
040806070003200805
040901001403200805
040901002203200805
040901003003200805
040901004903200805
040901005703200805
040901006503200805
040901007303200805
040901008103200805
040901009001200805
040901009003200805
040901010302200805
040901011101200805
040901012003200805
040901013803200805
040901014603200805
040901015401200805
040901016201200805
040901017003200805
040901017006200805
040901018903200805
040901019703200805
040901020003200805
040901021903200805
040901022703200805
040901023503200805
040901024303200805
040901025103200805
040901026003200805
040901027801200805
040901028603200805
040901029402200805
040901029403200805
040901030803200805
040901031603200805
040901032403200805
040901033203200805
040901034003200805
040901035901200805
040901035904200805
040901036703200805
040901037503200805
040901038301200805
040901038303200805
040901039103200805
040901040503200805
040901041303200805
040901042102200805
040901043003200805
040901044801200805
040901045603200805
040901046403200805
040901047203200805
040901048003200805
040901049903200805
040901050203200805
040901051003200805
040901052903200805
040901053703200805
040901054503200805
040901055303200805
040901056103200805
040901057003200805
040901058803200805
040902001001200805
040902001003200805
040902002801200805
040902002803200805
040902003601200805
040902003604200805
040902004403200805
040902005203200805
040902006001200805
040902007901200805
040902007903200805
040902008701200805
040902008703200805
040902009501200805
040902009503200805
040902010903200805
040902011701200805
040902012503200805
040902013303200805
040902014103200805
040902015003200805
040902016803200805
040902017601200805
040902017603200805
040902018401200805
040903001503200805
040903002303200805
040903003103200805
040903004003200805
040904001001200805
040904001003200805
040904002901200805
040904002904200805
040904003703200805
040904004503200805
040904005303200805
040904006101200805
040904006104200805
040904007001200805
040904007003200805
040904008801200805
040904008803200805
040904009603200805
040904010001200805
040904011803200805
040904012603200805
040904013403200805
040904014203200805
040904015003200805
040904016901200805
040904016903200805
040904017703200805
040904018503200805
040904019303200805
040904020703200805
040904021502200805
040904021503200805
040904022303200805
040904023103200805
040904024002200805
040904024003200805
040905001603200805
040905002403200805
040905003203200805
040905004003200805
040905005901200805
040905006701200805
040905007503200805
040905008302200805
040905008303200805
040905009103200805
040905010503200805
040905011303200805
040906001101200805
040906001103200805
040906002003200805
040906003803200805
040906004602200805
040906004603200805
040906005403200805
040906006201200805
040906007003200805
040906008902200805
040906009701200805
040906010003200805
040906011903200805
040906012703200805
040906013503200805
040906014303200805
040906015103200805
040906016003200805
040906017802200805
040906017803200805
040906018603200805
040906019403200805
040906020803200805
040906021603200805
040906022403200805
040906023203200805
040906024003200805
040906025903200805
040906026703200805
040906027503200805
040906028303200805
040907001703200805
040907002503200805
040907003303200805
040907004103200805
040907005003200805
040907006803200805
040907007603200805
040907008403200805
040907009203200805
040907010601200805
040907010603200805
040907011403200805
040907012201200805
040907012204200805
040907013003200805
040907014901200805
040907014903200805
040907015702200805
040907015703200805
040907016501200805
040907016504200805
040907017301200805
040907018101200805
040907018104200805
040907019003200805
040907020303200805
040907021103200805
040907022003200805
040907023803200805
040907024603200805
040907025403200805
040907026203200805
040907027003200805
040907028903200805
040907029703200805
040907030003200805
041001001401200805
041001001403200805
041001002201200805
041001003001200805
041001004901200805
041001004904200805
041001005703200805
041001006503200805
041001007303200805
041001008101200805
041001008103200805
041001009003200805
041001010301200805
041001011103200805
041001012003200805
041101001802200805
041101001803200805
041101002603200805
041101003403200805
041101004203200805
041101005003200805
041101006901200805
041101007701200805
041101007703200805
041101008503200805
041102001301200805
041102001303200805
041102002103200805
041102003003200805
041102004803200805
041102005603200805
041201001103200805
041201002003200805
041201003803200805
041201004603200805
041201005403200805
041201006201200805
041201006204200805
041201007003200805
041201008903200805
041201009703200805
041201010003200805
041201011903200805
041201012704200805
041201013503200805
041201014303200805
041202001703200805
041202002503200805
041202003303200805
041202004103200805
041202005003200805
041202006803200805
041202007603200805
041202008403200805
041203001203200805
041203002001200805
041203002004200805
041203003901200805
041203004703200805
041203005505200805
041203006305200805
041203007105200805
041203008003200805
041204001803200805
041204002603200805
041204003403200805
041204004203200805
041204005003200805
041204006903200805
041204007703200805
041204008503200805
041204009303200805
041204010703200805
041204011503200805
041204012303200805
041204013103200805
041204014001200805
041204014004200805
041204015803200805
041204016603200805
041204017403200805
041204018203200805
041204019003200805
041204020403200805
041204021203200805
041204022003200805
041205001303200805
041205002103200805
041205003003200805
041205004803200805
041205005603200805
041205006403200805
041205007203200805
041205008003200805
041205009903200805
041205010203200805
041205011003200805
041205012905200805
041205013703200805
041205014503200805
041205015303200805
041301001503200805
041301002301200805
041301003107200805
041301004007200805
041301005807200805
041301006603200805
041301007404200805
041301008203200805
041301009003200805
041303001603200805
041303002403200805
041303003203200805
041303004006200805
041303005903200805
041303006703200805
041303007503200805
041303008303200805
041304001101200805
041304002003200805
041304003803200805
041304004603200805
041304005403200805
041304006203200805
041304007003200805
041304008903200805
041304009703200805
041304010003200805
041304011903200805
041304012703200805
041304013503200805
041304014303200805
041304015101200805
041304015103200805
041304016003200805
041304017803200805
041304018603200805
041304019403200805
041304020803200805
041304021603200805
041304022403200805
041304023202200805
041304023203200805
041304024003200805
041401001901200805
041401002703200805
041401003503200805
041401004303200805
041401005103200805
041401006003200805
041401007803200805
041401008601200805
041401008603200805
041401009403200805
041401010803200805
041401011603200805
041401012403200805
041401013203200805
041401014003200805
041401015903200805
041401016703200805
041401017501200805
041401017503200805
041401018303200805
041401019103200805
041401020503200805
041401021301200805
041401021304200805
041401022101200805
041401023003200805
041401024803200805
041401025603200805
041401026403200805
041401027203200805
041401028003200805
041401029901200805
041401030201200805
041401031001200805
041401032903200805
041401033701200805
041402001401200805
041402002201200805
041402003001200805
041402004901200805
041402005701200805
041402006501200805
041402007301200805
041402008101200805
041402009001200805
041402010301200805
041402010303200805
041402011101200805
041402011103200805
041402012001200805
041402013801200805
041402014601200805
041402015401200805
041402016201200805
041402017001200805
041402018906200805
041402019703200805
041402020001200805
041402021901200805
041402022701200805
041402023501200805
041402024301200805
041402025101200805
041402026001200805
041402027801200805
041402028601200805
041402029401200805
041402030801200805
041402031601200805
041402032401200805
041402033206200805
041402034001200805
041402035901200805
041402036701200805
041402037501200805
041402038301200805
041402039101200805
041402040501200805
041501001203200805
041502001803200805
041502002603200805
041503001303200805
041504001902200805
041504001904200805
041504002703200805
041504003503200805
041504004301200805
041504005101200805
041601001603200805
041601002403200805
041601003203200805
041601004003200805
041601005903200805
041601006703200805
041601007503200805
041601008303200805
041601009103200805
041601010503200805
041601011303200805
041601012103200805
041601013003200805
041601014803200805
041601015603200805
041601016403200805
041601017203200805
041601018003200805
041601019903200805
041602001103200805
041602002003200805
041602003803200805
041602004603200805
041602005403200805
041602006203200805
041602007003200805
041602008903200805
041602009703200805
041602010003200805
041602011903200805
041602012703200805
041602013503200805
041602014303200805
041603001703200805
041603002503200805
041603003303200805
041603004103200805
041603005003200805
041603006803200805
041603007603200805
041603008403200805
041603009203200805
041603010603200805
041603011403200805
041603012203200805
041603013003200805
041604001203200805
041604002003200805
041604003903200805
041604004703200805
041604005503200805
041604006303200805
041604007103200805
041604008003200805
041604009803200805
041604010103200805
041604011003200805
041604012803200805
041604013603200805
041604014403200805
041604015203200805
041604016003200805
041605001803200805
041605002603200805
041605003403200805
041605004203200805
041605005003200805
041605006903200805
041605007703200805
041605008503200805
041606001303200805
041606002103200805
041606003003200805
041606004803200805
041606005603200805
041606006403200805
041606007203200805
041606008003200805
041606009903200805
041606010203200805
041607001903200805
041607002703200805
041607003503200805
041608001403200805
041608002203200805
041608003003200805
041608004903200805
041608005703200805
041608006503200805
041608007303200805
041608008103200805
041608009003200805
041608010303200805
041609001003200805
041609002803200805
041609003603200805
041609004403200805
041609005203200805
041609006003200805
041609007903200805
041609008703200805
041609009503200805
041609010903200805
041611001003200805
041611002903200805
041611003703200805
041611004503200805
041611005303200805
041612001603200805
041612002403200805
041612003203200805
041612004003200805
041612005903200805
041613001103200805
041613002003200805
041613003803200805
041613004603200805
041613005403200805
041613006203200805
041701001004200805
041701002804200805
041701003604200805
041701004404200805
041701005202200805
041701005204200805
041701006002200805
041701006004200805
041801001306200805
041801001307200805
041801002106200805
041801002107200805
041801003006200805
041801003007200805
041801004806200805
041801004807200805
041801005604200805
041801006407200805
041801007204200805
041801008006200805
041801008007200805
041801009907200805
041802001906200805
041802001907200805
041802002706200805
041802002707200805
041802003507200805
050101001702200805
050101002502200805
050101003302200805
050101004102200805
050101005002200805
050101006802200805
050102001202200805
050102002002200805
050103001802200805
050103002602200805
050103003402200805
050103004202200805
050103005002200805
050104001302200805
050104002102200805
050104003002200805
050104004802200805
050104005602200805
050104006402200805
050104007202200805
050105001902200805
050105002702200805
050106001404200805
050106002204200805
050106003004200805
050106004904200805
050107001002200805
050107002802200805
050107003604200805
050108001504200805
050108001507200805
050108002304200805
050108002307200805
050108003104200805
050108003107200805
050108004004200805
050108004007200805
050108005804200805
050108005807200805
050108006604200805
050108006607200805
050108007404200805
050108007407200805
050108008204200805
050108009004200805
050108009007200805
050201001004200805
050201002904200805
050301001403200805
050301001406200805
050301002203200805
050301002206200805
050302001003200805
050302002803200805
050303001504200805
050303002304200805
050303003104200805
050303004004200805
050303005804200805
050303005807200805
050303006604200805
050303007404200805
050303008204200805
050304001004200805
050304002904200805
050304003704200805
050304004504200805
050304005304200805
050304005307200805
050401001804200805
050401001807200805
050401002603200805
050401002606200805
050401003404200805
050401003407200805
050402001304200805
050402002104200805
050402003004200805
050402004804200805
050402005604200805
050403001904200805
050403002704200805
050501001103200805
050501002003200805
050501003803200805
050501004603200805
050501005403200805
050501006203200805
050501007003200805
050501008903200805
050501009703200805
050501009706200805
050501010003200805
050501010006200805
050501011903200805
050501011906200805
050501012703200805
050501012706200805
050502001705200805
050502002505200805
050502003305200805
050502004103200805
050502005003200805
050502006803200805
050502007603200805
050502008403200805
050502009203200805
050502010603200805
050502011403200805
050601001506200805
050601002306200805
050602001003200805
050602002903200805
050602003703200805
050602004503200805
060101001906200805
060101002706200805
060101003506200805
060101004306200805
060102001406200805
060103001006200805
060103002806200805
060104001506200805
060104002306200805
060104003106200805
060104004006200805
060104005806200805
060105001006200805
060105002906200805
060105003706200805
060105004506200805
060105005306200805
060105006106200805
060105007006200805
060105008806200805
060105009606200805
060105010006200805
060105011806200805
060105012606200805
060105013406200805
060105014206200805
060105015006200805
060105016906200805
060106001606200805
060106002406200805
060107001106200805
060107002006200805
060107003806200805
060107004606200805
060107005406200805
060107006206200805
060107007006200805
060107008906200805
060108001706200805
060108002506200805
060108003306200805
060109001206200805
060109002006200805
060109003906200805
060109004706200805
060109005506200805
060109006306200805
060109008006200805
060109009806200805
060109010106200805
060110001806200805
060110002606200805
060110003406200805
060110004206200805
060110005006200805
060110006906200805
060110007706200805
060110008506200805
060110009306200805
060110010706200805
060110011506200805
060110012306200805
060110013106200805
060110014006200805
060110015806200805
060110016606200805
060111001306200805
060111002106200805
060111003006200805
060111004806200805
060111005606200805
060111006406200805
060111007206200805
060111008006200805
060111009906200805
060111010206200805
060111011006200805
060112001906200805
060112002706200805
060112003506200805
060113001406200805
060113002206200805
060114001006200805
060114002806200805
060114003606200805
060114004406200805
060115001506200805
060115002306200805
060116001006200805
060116002906200805
060116003706200805
060117001606200805
060117002406200805
060117003206200805
060117004006200805
060117005906200805
060117006706200805
060117007506200805
060117008306200805
060117009106200805
060117010506200805
060117011306200805
060117012106200805
060117013006200805
060117014806200805
060118001106200805
060118002006200805
060118003806200805
060118004606200805
060118005406200805
060118006206200805
060118007006200805
060118008906200805
060118009706200805
060118010006200805
060118011906200805
060118012706200805
060118013506200805
060118014306200805
060118015106200805
060118016006200805
060118017806200805
060118018606200805
060118019406200805
060118020806200805
060118021606200805
060118022406200805
060118023206200805
060119001706200805
060119002506200805
060119003306200805
060119004106200805
060119005006200805
060119006806200805
060119007606200805
060119008406200805
060119009206200805
060119010606200805
060119011406200805
060119012206200805
060120001206200805
060120002006200805
060120003906200805
060120004706200805
060120005506200805
060120006306200805
060120007106200805
060120008006200805
060120009806200805
060120010106200805
060120011006200805
060120012806200805
060120013606200805
060120014406200805
060120015206200805
060120016006200805
060120017906200805
060121001806200805
060121002606200805
060121003406200805
060121004206200805
060121005006200805
060121006906200805
060121007706200805
060121008506200805
060121009306200805
060122001306200805
060122002106200805
060122003006200805
060122004806200805
060122005606200805
060122006406200805
060122007206200805
060123001906200805
060124001406200805
060124002206200805
060125001006200805
060125002806200805
060125003606200805
060126001506200805
060127001006200805
060127002906200805
060127003706200805
060127004506200805
060127005306200805
060128001606200805
060128002406200805
060129001106200805
060130001706200805
060130002506200805
060130003306200805
060130004106200805
060131001206200805
060131002006200805
060132001806200805
060132002606200805
060133001306200805
060133002106200805
060133003006200805
060133004806200805
060134001906200805
060135001406200805
060135002206200805
060135003006200805
060135004906200805
060135005706200805
060135006506200805
060135007306200805
060135008106200805
060135009006200805
060135010306200805
060135011106200805
060135012006200805
060135013806200805
060135014606200805
060136001006200805
060136002806200805
060136003606200805
060136004406200805
060136005206200805
060136006006200805
060136007906200805
060201001206200805
060201002006200805
060201003906200805
060201004706200805
060201005506200805
060201006306200805
060201007106200805
060201008006200805
060201009806200805
060201011006200805
060201012806200805
060201013606200805
060201014406200805
060201015206200805
060201016006200805
060301001604200805
060302001104200805
060302002004200805
060302003804200805
060302004604200805
060302005404200805
060302006204200805
060302007004200805
060302008904200805
060302009704200805
060302010004200805
060303001704200805
060303002504200805
060303003304200805
060303004104200805
060304001204200805
060305001804200805
060305002604200805
060305003404200805
060306001304200805
060307001904200805
060307002704200805
060307003504200805
060307004304200805
060307005104200805
060308001404200805
060308002204200805
060308003004200805
060308004904200805
060308005704200805
060308006504200805
060308007304200805
060308008104200805
060308009004200805
060308010304200805
060308011104200805
060308012004200805
060308013804200805
060308014604200805
060308015404200805
060308016204200805
060308017004200805
060308018904200805
060308019704200805
060308020004200805
060308021904200805
060308022704200805
070101001002200805
070101002902200805
070101003702200805
070101004502200805
070101005302200805
070101006102200805
070101007002200805
070101008802200805
070101009602200805
070101010002200805
070101011802200805
070101012602200805
070101013402200805
070101014202200805
070101015002200805
070101016902200805
070101017702200805
070102001602200805
070102002402200805
070102003202200805
070102004002200805
070102005902200805
070102006702200805
070102007502200805
070102008302200805
070102009102200805
070102010502200805
070102011302200805
070102012102200805
070102013002200805
070102014802200805
070102015602200805
070102016402200805
070102017202200805
070102018002200805
070102019902200805
070102020202200805
070102021002200805
070102022902200805
070102023702200805
070102024502200805
070102025302200805
070102026102200805
070102027002200805
070102028802200805
070102029602200805
070102030002200805
070102031802200805
070102032602200805
070102033402200805
070102034202200805
070102035002200805
070102036902200805
070102037702200805
070102038502200805
070102039302200805
070102040702200805
070102041502200805
070102042302200805
070102043102200805
070102044002200805
070102045802200805
070102046602200805
070102047402200805
070102048202200805
070102049002200805
070102050402200805
070102051202200805
070102052002200805
070102053902200805
070102054702200805
070102055502200805
070102056302200805
070103001106200805
070103002006200805
070103003806200805
070103004606200805
070103005406200805
070103006206200805
070103007006200805
070103008906200805
070103009706200805
070103010006200805
070103011906200805
070103012706200805
070103013506200805
070103014306200805
070103015107200805
070103016006200805
070103017806200805
070103018606200805
070103019406200805
070103020806200805
070103021606200805
070103022406200805
070103023206200805
070103024006200805
070103025906200805
070103026706200805
070103027506200805
070103028306200805
070103029106200805
070104001702200805
070104002502200805
070104003302200805
070104004102200805
070104005002200805
070104006802200805
070104007602200805
070104008402200805
070105001202200805
070105002002200805
070105004702200805
070106001802200805
070106002602200805
070106003402200805
070106004202200805
070107001302200805
070107002102200805
070107003002200805
070107004802200805
070107005602200805
070107006402200805
070107007202200805
070107008002200805
070107009902200805
070107010202200805
070107011002200805
070107012902200805
070107013702200805
070107014502200805
070108001907200805
070108002702200805
070108003502200805
070108004307200805
070108005102200805
070108006002200805
070108007802200805
070108008602200805
070108009407200805
070108010802200805
070109001402200805
070109002202200805
070109003002200805
070109004902200805
070109005702200805
070109006502200805
070109007302200805
070109008102200805
070109009002200805
070110001007200805
070110002807200805
070110003607200805
070110004407200805
070110005207200805
070110006007200805
070110007907200805
070110008707200805
070110009507200805
070110010907200805
070201001404200805
070201002204200805
070201003004200805
070201004904200805
070201005704200805
070201006504200805
070201007304200805
070201008104200805
070201009004200805
070201010304200805
070201011104200805
070201012004200805
070201013804200805
070201014604200805
070201015404200805
070201016204200805
070201017004200805
070201018904200805
070201019704200805
070201020004200805
070201021904200805
070202001002200805
070202002802200805
070202003602200805
070202004402200805
070202005202200805
070202006002200805
070203002304200805
070203003104200805
070203004004200805
070203005804200805
070203006604200805
070203007404200805
070203008204200805
070203009004200805
070203010404200805
070203011204200805
070203012004200805
070203013904200805
070203014704200805
070203015504200805
070203016304200805
070203017104200805
070203018004200805
070203019804200805
070203020104200805
070203021004200805
070203022804200805
070203023604200805
070203024404200805
070203025204200805
070203026004200805
070203027904200805
070203028704200805
070203029504200805
070203030904200805
070203031704200805
070203032504200805
070203033304200805
070203034104200805
070203035004200805
070203036804200805
070203037604200805
070203038404200805
070203039204200805
070203040604200805
070203041404200805
070203042204200805
070203043004200805
070203044904200805
070203045704200805
070203046504200805
070203047304200805
070203048104200805
070203049004200805
070203050304200805
070203051104200805
070203052004200805
070203053804200805
070203054604200805
070203055404200805
070203056204200805
070203057004200805
070203058904200805
070203059704200805
070203060004200805
070203061904200805
070203062704200805
070203063504200805
070203064304200805
070203065104200805
070203066004200805
070203067804200805
070203068604200805
070203069404200805
070203070804200805
070203071604200805
070203072404200805
070203073204200805
070203074004200805
070203075904200805
070203076704200805
070203077504200805
070203078304200805
070203079104200805
070203080504200805
070203081304200805
070203082104200805
070203083004200805
070203084804200805
070203085604200805
070203086404200805
070203087204200805
070203088004200805
070203089904200805
070203090204200805
070203091004200805
070203092904200805
070203093704200805
070203094504200805
070203095304200805
070203096104200805
070203097004200805
070203098804200805
070203099604200805
070203100304200805
070203101104200805
070203102004200805
070203103804200805
070203104604200805
070203105404200805
070203106204200805
070203107004200805
070203108904200805
070203109704200805
070203110004200805
070203111904200805
070203112704200805
070203113504200805
070203114304200805
070203115104200805
070203116004200805
070203117804200805
070203118604200805
070203119404200805
070203120804200805
070203121604200805
070203122404200805
070203123204200805
070203124004200805
070203125904200805
070203126704200805
070203127504200805
070203128304200805
070203129104200805
070204001004200805
070204002904200805
070204003704200805
070204004504200805
070204005304200805
070204006104200805
070204007004200805
070204008804200805
070204009604200805
070204010004200805
070204011804200805
070204012604200805
070204013404200805
070204014204200805
070204015004200805
070204016904200805
070204017704200805
070204018504200805
070204019304200805
070204020704200805
070204021504200805
070204022304200805
070204023104200805
070204024004200805
070204025804200805
070204026604200805
070204027404200805
070204028204200805
070204029004200805
070204030404200805
070204031204200805
070204032004200805
070204033904200805
070204034704200805
070204035504200805
070204036304200805
070204037104200805
070204038004200805
070204039804200805
070204040104200805
070204041004200805
070204042804200805
070204043604200805
070204044404200805
070204045204200805
070204046004200805
070204047904200805
070204048704200805
070204049504200805
070204050904200805
070204051704200805
070204052504200805
070204053304200805
070204054104200805
070204055004200805
070204056804200805
070204057604200805
070204058404200805
070204059204200805
070204060604200805
070205001604200805
070205002404200805
070205003204200805
070205004004200805
070205005904200805
070205006704200805
070205007504200805
070205008304200805
070205009104200805
070205010504200805
070205011304200805
070205012104200805
070205013004200805
070205014804200805
070205015604200805
070205016404200805
070205017204200805
070205018004200805
070205019904200805
070205020204200805
070205021004200805
070205022904200805
070205023704200805
070205024504200805
070205025304200805
070205026104200805
070205027004200805
070205028804200805
070205029604200805
070205030004200805
070205031804200805
070205032604200805
070205033404200805
070205034204200805
070205035004200805
070205036904200805
070205037704200805
070205038504200805
070205039304200805
070205040704200805
070205041504200805
070205042304200805
070205043104200805
070205044004200805
070205045804200805
070205046604200805
070205047404200805
070205048204200805
070205049004200805
070205050404200805
070205051204200805
070205052004200805
070205053904200805
070205054704200805
070205055504200805
070205056304200805
070205057104200805
070205058004200805
070205078404200805
070205079204200805
070206001104200805
070206001107200805
070206002004200805
070206003804200805
070207001707200805
070207002507200805
070207003307200805
070208001204200805
070208002004200805
070208003904200805
070209001804200805
070209002604200805
070209003404200805
070209004204200805
070210001307200805
070210002107200805
070210003007200805
070210004807200805
070210005607200805
070210006407200805
070210007207200805
070210008007200805
070210009907200805
070210010207200805
070211001904200805
070211002704200805
070211003504200805
070212001404200805
070212002204200805
070212003004200805
070212004904200805
070212005704200805
070212006504200805
070212006507200805
080101001201200805
080101002001200805
080101003904200805
080101004704200805
080201001604200805
080201002404200805
080201003204200805
080201004004200805
080201005904200805
080201006704200805
080201007504200805
080201008304200805
080201009104200805
080201010504200805
080201011304200805
080201012104200805
080201013004200805
080201014804200805
080201015604200805
080201016404200805
080201019904200805
080202001104200805
080202002004200805
080301001002200805
080301002802200805
080301003602200805
080301004402200805
080301005202200805
080301006002200805
080301007902200805
080301008702200805
080301009502200805
080301010902200805
080301011702200805
080301012502200805
080301013302200805
080301014102200805
