020101003801200805
020101009701200805
020101009707200805
020101009709200805
020101011901200805
020101011907200805
020101011909200805
020101012701200805
020101013501200805
020101014301200805
020101014307200805
020101014309200805
020101016001200805
020101016009200805
020101018601200805
020101018607200805
020101018609200805
020101020801200805
020101024001200805
020101024007200805
020101024009200805
020101025901200805
020101026701200805
020101026707200805
020101026709200805
020101030501200805
020101030507200805
020101030509200805
020101031301200805
020101031307200805
020101031309200805
020101032101200805
020101032107200805
020101032109200805
020101033001200805
020101033007200805
020101033009200805
020101040201200805
020101040207200805
020101040209200805
020101053401200805
020101055001200805
020101057701200805
020101057707200805
020904003301200805
020904003307200805
020904003309200805
020904005001200805
020904005007200805
020904005009200805
021105009101200805
021105010503200805
021105010507200805
021105010509200805
030105007403200805
030106001007200805
030106007001200805
030106007003200805
030106008803200805
030109001703200805
030109001709200805
030109001713200805
030109002503200805
030109002509200805
030109002513200805
030301001003200805
030301001007200805
030301002903200805
030301002907200805
030301003703200805
030301003707200805
030301004503200805
030301004507200805
030301005303200805
030301005307200805
030301006103200805
030301006107200805
030301007003200805
030301007007200805
030301008803200805
030301008807200805
030301009603200805
030301009607200805
030301010003200805
030301010007200805
030301011803200805
030301011807200805
030301012603200805
030301012607200805
030301013403200805
030301013407200805
030301014203200805
030301014207200805
030301015003200805
030301015007200805
030301016903200805
030301016907200805
030301017703200805
030301017707200805
030301018503200805
030301018507200805
030301019303200805
030301019307200805
030301020703200805
030301020707200805
030301021506200805
030302003203200805
030302003207200805
030302004003200805
030302004007200805
030302005903200805
030302005907200805
030302006703200805
030302006707200805
030302007503200805
030302007507200805
030302008303200805
030302008307200805
030303001111200805
030303002003200805
030303002007200805
030303003803200805
030303003807200805
030303004603200805
030303004607200805
030303005403200805
030303005407200805
030303006203200805
030303006207200805
030304001703200805
030304002503200805
030304003303200805
030304004103200805
030304005003200805
030304006803200805
030304007603200805
030304007607200805
030304008403200805
030304009203200805
030304009207200805
030304010603200805
030304011403200805
030304012203200805
030304013003200805
030304014903200805
030304015703200805
030304016503200805
030304016507200805
030304017303200805
030304018103200805
030304019003200805
030304020303200805
030304021103200805
030304022003200805
030304023803200805
030304024603200805
030304025403200805
030304026203200805
030304027003200805
030304028903200805
030304029703200805
030306001803200805
030306001807200805
030306002603200805
030306002607200805
030306003407200805
030306004203200805
030306005003200805
030306006903200805
030306006907200805
030306007703200805
030306007707200805
030306008503200805
030306009303200805
030306010703200805
030306010707200805
030306011503200805
030306012303200805
030306013103200805
030306013107200805
030306014003200805
030306014007200805
030306015803200805
030306016603200805
030306016607200805
030306017407200805
030306018203200805
030306018207200805
030306019003200805
030306019007200805
030306020403200805
030306020407200805
030306021203200805
030306021207200805
030306022001200805
030306022003200805
030306023903200805
030306023907200805
030306024703200805
030306024707200805
030306025503200805
030306026303200805
030306027103200805
030306027107200805
030306028003200805
030306028007200805
030306029803200805
030306029807200805
030306030103200805
030307006403200805
030307006407200805
030307007203200805
030307007207200805
030307008003200805
030307008007200805
030307009903200805
030307009907200805
030307010203200805
030307010207200805
030307011003200805
030307011007200805
030307012903200805
030307012907200805
030308004303200805
030308004307200805
030308005103200805
030308005107200805
030308006003200805
030308006007200805
030308007803200805
030308007807200805
030308008603200805
030308008607200805
030308009403200805
030308009407200805
030309013803200805
030309013807200805
030309019703200805
030309019707200805
030309020003200805
030309020007200805
030309023503200805
030309023507200805
030309024303200805
030309024307200805
030309028603200805
030309028607200805
030309029403200805
030309029407200805
030309030803200805
030309030807200805
030309031603200805
030309031607200805
030309032403200805
030309032407200805
030309033203200805
030309033207200805
030309034003200805
030309034007200805
030309035903200805
030309035907200805
030309036703200805
030309036707200805
030309037503200805
030309037507200805
030310001002200805
030310001003200805
030310002802200805
030310002803200805
030310003602200805
030310003603200805
030310004402200805
030310004403200805
030310005202200805
030310005203200805
030311001503200805
030311001507200805
030311002303200805
030311002307200805
030311003103200805
030311003107200805
030311004003200805
030311004007200805
030311005803200805
030311005807200805
030311006603200805
030311006607200805
030311007403200805
030311007407200805
030311008203200805
030311008207200805
030311009003200805
030311009007200805
030311010407200805
030311011203200805
030311011207200805
030312001003200805
030313001604200805
030313002404200805
030313003204200805
030313004004200805
030313005904200805
030313006704200805
030313007504200805
030313008304200805
030314002003200805
030314002007200805
030314003803200805
030314003807200805
030314004603200805
030314004607200805
030314005403200805
030314005407200805
030314006203200805
030314006207200805
030314007003200805
030314007007200805
030314008903200805
030314008907200805
030314009703200805
030314009707200805
030314010003200805
030314010007200805
030314011903200805
030314011907200805
030314012703200805
030314012707200805
030314013503200805
030314013507200805
030314014303200805
030314014307200805
030314015103200805
030314015107200805
030315001703200805
030315001707200805
030315002503200805
030315002507200805
030315003303200805
030315004103200805
030315004107200805
030315005003200805
030315005007200805
030315006803200805
030315006807200805
030316001203200805
030316001207200805
030316002002200805
030316002003200805
030316002007200805
030316003907200805
030316004707200805
030316005507200805
030316006307200805
030316007107200805
030317001803200805
030317001805200805
030317001807200805
030317002603200805
030317002607200805
030317003403200805
030317003407200805
030317004203200805
030317004207200805
030317005003200805
030317005007200805
030317006903200805
030317006907200805
030317007705200805
030317008505200805
030317009305200805
030317010714200805
030318001303200805
030318003003200805
030318003007200805
030318004803200805
030318004807200805
030318005603200805
030318005607200805
030318006403200805
030318007210200805
030319001903200805
030319001907200805
030319001908200805
030401004903200805
030401005703200805
030401006503200805
030401011103200805
030401016203200805
030408002003200805
030408003903200805
030408004703200805
030408006303200805
030409001803200805
030409002603200805
030409003403200805
030410001303200805
030501017403200805
030501017407200805
030502001303200805
030502001307200805
030502002103200805
030502002107200805
030502003003200805
030502003007200805
030502004803200805
030502004807200805
030502005603200805
030502005607200805
030801001901200805
030801001903200805
030801001907200805
030801002703200805
030801002707200805
030801003501200805
030801003503200805
030801003507200805
030801004301200805
030801004303200805
030801004307200805
030802002203200805
030802002207200805
030802003003200805
030802003007200805
030803001003200805
030803001007200805
030803002803200805
030803002807200805
030803003601200805
030803003603200805
030803003607200805
030803003683200805
030804001501200805
030804001503200805
030804001507200805
030804002303200805
030804002307200805
031001003901200805
031001003902200805
031001003903200805
031001004701200805
031001004702200805
031001004703200805
040102001001200805
040102002901200805
040102003701200805
040102004501200805
040102004509200805
040102005301200805
040102005309200805
040102006101200805
040102006109200805
040102007001200805
040102007009200805
040102008801200805
040102008809200805
040102009601200805
040102009609200805
040102010001200805
040102011801200805
040102012601200805
040102013401200805
040102014201200805
040102014209200805
040102015001200805
040102015009200805
040102016901200805
040201001901200805
040201002701200805
040201003501200805
040201003509200805
040201004301200805
040201004309200805
040201005101200805
040202001401200805
040202002201200805
040301001201200805
040301002001200805
040301003901200805
040301004701200805
040301005501200805
040301006301200805
040301007101200805
040301008001200805
040301009801200805
040301010101200805
040301011001200805
040301012801200805
040301013601200805
040301014401200805
040301015201200805
040301016001200805
040301017901200805
040301018701200805
040301019501200805
040301020901200805
040301021701200805
040301022501200805
040301023301200805
040301024101200805
040301025001200805
040301026801200805
040301027601200805
040301028401200805
040301029201200805
040301030601200805
040301031401200805
040301031407200805
040301032201200805
040301033001200805
040301034901200805
040301035701200805
040301036501200805
040302001801200805
040302002601200805
040302003401200805
040302004201200805
040302005001200805
040302006901200805
040302007701200805
040302008501200805
040302009301200805
040302010701200805
040302011501200805
040302012301200805
040302013101200805
040303001301200805
040303002101200805
040303003001200805
040303004801200805
040303005601200805
040303006401200805
040303007201200805
040303008001200805
040303009901200805
040303010201200805
040303011001200805
040303012901200805
040303013701200805
040303014501200805
040303015301200805
040303016101200805
040303017001200805
040304001901200805
040304002701200805
040304003501200805
040304004301200805
040304005101200805
040304006001200805
040304007801200805
040304008601200805
040305003001200805
040305004901200805
040305005701200805
040305006501200805
040305007301200805
040305009001200805
040305010301200805
040305011101200805
040305012001200805
040305013801200805
040305014601200805
040305015401200805
040305016201200805
040306001001200805
040306002801200805
040306003601200805
040306004401200805
040306005201200805
040306006001200805
040306007901200805
040306008701200805
040306009501200805
040307001501200805
040307002301200805
040307003101200805
040307004001200805
040307005801200805
040307006601200805
040307007401200805
040307008201200805
040307009001200805
040307010401200805
040307011201200805
040307012001200805
040307013901200805
040307014701200805
040308001001200805
040308002901200805
040308003701200805
040308004501200805
040308005301200805
040308006101200805
040308007001200805
040308008801200805
040308009601200805
040308010001200805
040401001601200805
040401002401200805
040401002409200805
040401003201200805
040401003209200805
040401004001200805
040401005901200805
040401006701200805
040401008301200805
040401010501200805
040401011301200805
040401012101200805
040401012109200805
040401013001200805
040401014801200805
040401016401200805
040401017201200805
040401018001200805
040401019901200805
040401020201200805
040401021001200805
040401022901200805
040401023701200805
040401028801200805
040401031801200805
040401031809200805
040401032601200805
040401033401200805
040401035001200805
040401037701200805
040401038501200805
040401040701200805
040401041501200805
040401041509200805
040402001101200805
040402003801200805
040402004601200805
040402006201200805
040402007001200805
040402007009200805
040402008901200805
040402008909200805
040402011901200805
040402013501200805
040402014301200805
040402015101200805
040402016001200805
040402017801200805
040402018601200805
040402019401200805
040402020801200805
040402021601200805
040402022401200805
040402023201200805
040402024001200805
040402025901200805
040402026701200805
040402026709200805
040402027501200805
040402028301200805
040402029101200805
040402030501200805
040402031301200805
040402032101200805
040402033001200805
040402034801200805
040402035601200805
040402036401200805
040402037201200805
040402038001200805
040402039901200805
040402040201200805
040402041001200805
040402042901200805
040402043701200805
040403001701200805
040403002501200805
040403003301200805
040403004101200805
040403005001200805
040403006801200805
040403007601200805
040403008401200805
040403009201200805
040403010601200805
040403011401200805
040403012201200805
040403013001200805
040403014901200805
040403015701200805
040403016501200805
040403017301200805
040403018101200805
040403019001200805
040403020301200805
040403021101200805
040501003601200805
040501003609200805
040501008701200805
040501008709200805
040501011701200805
040501011709200805
040501012501200805
040501012509200805
040501013301200805
040501013309200805
040502001501200805
040502001509200805
040502002301200805
040502002309200805
040503001001200805
040503001009200805
040503002901200805
040503002909200805
040503003701200805
040503003709200805
040503007001200805
040503010001200805
040503010009200805
040503011801200805
040503014201200805
040503014209200805
040504001601200805
040504001609200805
040504002401200805
040504002409200805
040504003201200805
040504004001200805
040504004009200805
040504005901200805
040504005909200805
040504006701200805
040504006709200805
040504007501200805
040504007507200805
040504007509200805
040504008301200805
040504008309200805
040504009101200805
040504009109200805
040504010501200805
040504014801200805
040504014809200805
040504015601200805
040504015609200805
040504016401200805
040504016409200805
040504017201200805
040504017209200805
040504018001200805
040504019901200805
040505001101200805
040505001109200805
040505005401200805
040505013501200805
040505013509200805
040505014301200805
040505014309200805
040505015101200805
040505015107200805
040505015109200805
040505017801200805
040505018601200805
040505018609200805
040505021601200805
040505021609200805
040505022401200805
040505022409200805
040505023201200805
040505023209200805
040505031301200805
040505034801200805
040505034809200805
040505035601200805
040505035609200805
040601001301200805
040601002101200805
040601003001200805
040601004801200805
040601005601200805
040601006401200805
040601007201200805
040601008001200805
040601009901200805
040601010201200805
040601011001200805
040601013701200805
040601014501200805
040601015301200805
040601016101200805
040601017001200805
040601018801200805
040601019601200805
040601020001200805
040601021801200805
040601022601200805
040601023401200805
040601024201200805
040601025001200805
040601026901200805
040601027701200805
040601028501200805
040601029301200805
040601030701200805
040601031501200805
040601032301200805
040601033101200805
040601034001200805
040601035801200805
040601036601200805
040601037401200805
040601038201200805
040601039001200805
040601040401200805
040601041201200805
040601042001200805
040601043901200805
040601044701200805
040601045501200805
040601046301200805
040601047101200805
040601048001200805
040601049801200805
040601050101200805
040601051001200805
040601052801200805
040601053601200805
040601054401200805
040601055201200805
040601056001200805
040601057901200805
040601058701200805
040601059501200805
040601060901200805
040601061701200805
040601062501200805
040601063301200805
040601064101200805
040601065001200805
040601066801200805
040601067601200805
040601068401200805
040601069201200805
040601070601200805
040601071401200805
040601073001200805
040601074901200805
040601075701200805
040601076501200805
040601077301200805
040601078101200805
040601079001200805
040601080301200805
040601081101200805
040601082001200805
040601083801200805
040601084601200805
040601085401200805
040601086201200805
040601087001200805
040601088901200805
040601089701200805
040601090001200805
040601091901200805
040601092701200805
040601093501200805
040601094301200805
040601095101200805
040601096001200805
040601097801200805
040601098601200805
040601099401200805
040601100101200805
040601101001200805
040601102801200805
040601103601200805
040601104401200805
040601105201200805
040601106001200805
040601107901200805
040601108701200805
040601109501200805
040601110901200805
040601111701200805
040601112501200805
040601113301200805
040601114101200805
040601115001200805
040601116801200805
040601117601200805
040601118401200805
040601119201200805
040601120601200805
040601121401200805
040601122201200805
040602001901200805
040602002701200805
040602003501200805
040602004301200805
040602005101200805
040602007801200805
040602010801200805
040602011601200805
040602012401200805
040602015901200805
040602016701200805
040602019101200805
040602021301200805
040602022101200805
040602023001200805
040602024801200805
040602025601200805
040602026401200805
040602027201200805
040602028001200805
040602030201200805
040602031001200805
040602032901200805
040602033701200805
040602034501200805
040602035301200805
040602036101200805
040602037001200805
040602038801200805
040602039601200805
040602040001200805
040602041801200805
040602042601200805
040602043401200805
040602044201200805
040602045001200805
040602046901200805
040602047701200805
040602048501200805
040602049301200805
040602050701200805
040602051501200805
040602052301200805
040602053101200805
040602054001200805
040602055801200805
040602056601200805
040602056607200805
040602057401200805
040602058201200805
040602059001200805
040602060401200805
040603001401200805
040603002201200805
040603003001200805
040603004901200805
040603005701200805
040603006501200805
040603007301200805
040603008101200805
040603009001200805
040603010301200805
040603011101200805
040603012001200805
040603013801200805
040603014601200805
040604001001200805
040604002801200805
040604004401200805
040604005201200805
040604006001200805
040604007901200805
040604008701200805
040604009501200805
040604010901200805
040604011701200805
040604012501200805
040604013301200805
040604014101200805
040604015001200805
040604016801200805
040604017601200805
040604018401200805
040604019201200805
040604020601200805
040604021401200805
040604022201200805
040604023001200805
040604024901200805
040604025701200805
040604026501200805
040604027301200805
040604028101200805
040604029001200805
040604030301200805
040604031101200805
040604032001200805
040604033801200805
040605001501200805
040605002301200805
040605003101200805
040605004001200805
040605005801200805
040605006601200805
040605007401200805
040605008201200805
040605009001200805
040605010401200805
040605011201200805
040605012001200805
040605013901200805
040701001701200805
040701003301200805
040701004101200805
040701005001200805
040701006801200805
040701007601200805
040701008401200805
040701009201200805
040701010601200805
040701011401200805
040701012201200805
040701013001200805
040701014901200805
040701015701200805
040701016501200805
040701017301200805
040701018101200805
040701019001200805
040701020301200805
040701021101200805
040701022001200805
040701023801200805
040701027001200805
040701028901200805
040701029701200805
040701030001200805
040701033501200805
040701034301200805
040701035101200805
040702001201200805
040702002001200805
040702003901200805
040702004701200805
040702006301200805
040702007101200805
040702008001200805
040702009801200805
040702010101200805
040702011001200805
040702011009200805
040702013601200805
040702013609200805
040702014401200805
040702014409200805
040702015201200805
040702017901200805
040702018701200805
040702019501200805
040702020901200805
040702021701200805
040702021709200805
040702022501200805
040702022509200805
040702023301200805
040702024101200805
040702025001200805
040702026801200805
040702027601200805
040702027609200805
040702028401200805
040702028409200805
040702029201200805
040702030601200805
040702032201200805
040702032209200805
040702033001200805
040702034901200805
040702035701200805
040702036501200805
040702038101200805
040702040301200805
040702041101200805
040702042001200805
040702042009200805
040702043801200805
040702044601200805
040702045401200805
040702045409200805
040702046201200805
040702047001200805
040702047009200805
040703001801200805
040703002601200805
040703003401200805
040703004201200805
040703004209200805
040703005001200805
040703006901200805
040703007701200805
040703012301200805
040703013101200805
040703014001200805
040703015801200805
040703016601200805
040703017401200805
040703018201200805
040703019001200805
040703020401200805
040703021201200805
040703022001200805
040703024701200805
040704001301200805
040704002101200805
040704003001200805
040704004801200805
040704005601200805
040704006401200805
040704006409200805
040704007201200805
040704007209200805
040704008001200805
040704008009200805
040704009901200805
040704009909200805
040704010201200805
040704010209200805
040704011001200805
040704011009200805
040704012901200805
040704012909200805
040704013701200805
040704014501200805
040704015301200805
040704016101200805
040704017001200805
040704018801200805
040704020001200805
040704022601200805
040704022609200805
040704023401200805
040704024201200805
040704024207200805
040704025001200805
040704026901200805
040801001001200805
040801002901200805
040801003701200805
040801004501200805
040801005301200805
040801006101200805
040801007001200805
040801008801200805
040801009601200805
040801010001200805
040801011801200805
040801013401200805
040801014201200805
040801015001200805
040801016901200805
040801017701200805
040801018501200805
040801019301200805
040801020701200805
040801021501200805
040801022301200805
040801023101200805
040802001601200805
040802002401200805
040802003201200805
040802004001200805
040802005901200805
040802006701200805
040802007501200805
040802008301200805
040802009101200805
040802010501200805
040802012101200805
040802013001200805
040802014801200805
040802015601200805
040802016401200805
040802017201200805
040802018001200805
040802019901200805
040802020201200805
040802021001200805
040802022901200805
040802023701200805
040802024501200805
040802025301200805
040802026101200805
040802027001200805
040802028801200805
040802029601200805
040802030001200805
040802031801200805
040802032601200805
040802032609200805
040802033401200805
040802034201200805
040802034209200805
040802035001200805
040802036901200805
040802037701200805
040802038501200805
040802039301200805
040802040701200805
040802041501200805
040802042301200805
040802043101200805
040802044001200805
040802044009200805
040802045801200805
040802046601200805
040802047401200805
040802048201200805
040802049001200805
040802050401200805
040802051201200805
040802052001200805
040802053901200805
040802054701200805
040802055501200805
040802056301200805
040802057101200805
040802058001200805
040802059801200805
040802060101200805
040802061001200805
040802062801200805
040802063601200805
040802064401200805
040803001101200805
040803002001200805
040803003801200805
040803004601200805
040803005401200805
040803006201200805
040803007001200805
040803008901200805
040803009701200805
040803010001200805
040803011901200805
040803012701200805
040803013501200805
040803014301200805
040803015101200805
040803016001200805
040803017801200805
040803018601200805
040803019401200805
040803020801200805
040803021601200805
040803022401200805
040803023201200805
040803023207200805
040803024001200805
040803025901200805
040803026701200805
040803027501200805
040803028301200805
040803029101200805
040803030501200805
040803031301200805
040803032101200805
040803033001200805
040803034801200805
040803035601200805
040803036401200805
040803037201200805
040803038001200805
040803039901200805
040803039907200805
040803040201200805
040803041001200805
040803042901200805
040803043701200805
040803044501200805
040803045301200805
040803046101200805
040803047001200805
040803050001200805
040803051801200805
040803052601200805
040803053401200805
040803054201200805
040803055001200805
040803056901200805
040803057701200805
040803058501200805
040803059301200805
040803060701200805
040803061501200805
040803062301200805
040803063101200805
040803064001200805
040803065801200805
040803066601200805
040803067401200805
040803068201200805
040803069001200805
040803070401200805
040803071201200805
040803072001200805
040803073901200805
040803074701200805
040803075501200805
040803075507200805
040803076301200805
040803077101200805
040803077107200805
040803078001200805
040803079801200805
040803080101200805
040803081001200805
040803082801200805
040803083601200805
040803084401200805
040803085201200805
040803086001200805
040803087901200805
040803088701200805
040803089501200805
040803090901200805
040803091701200805
040804001701200805
040804002501200805
040804003301200805
040804004101200805
040804005001200805
040804006801200805
040804007601200805
040804008401200805
040804009201200805
040804010601200805
040804011401200805
040804012201200805
040804013001200805
040804014901200805
040804015701200805
040804016501200805
040804017301200805
040804018101200805
040804019001200805
040804019009200805
040804020301200805
040804022001200805
040804023801200805
040804024601200805
040804025401200805
040804026201200805
040804027001200805
040804028901200805
040804029701200805
040804030001200805
040804031901200805
040804032701200805
040804033501200805
040804034301200805
040805001201200805
040805002001200805
040805003901200805
040805004701200805
040805005501200805
040805006301200805
040805007101200805
040805008001200805
040805010101200805
040805011001200805
040805012801200805
040805013601200805
040805014401200805
040805015201200805
040805016001200805
040805017901200805
040805018701200805
040805019501200805
040805020901200805
040805021701200805
040805022501200805
040805022509200805
040805023301200805
040805024101200805
040805025001200805
040805025009200805
040805026801200805
040805026809200805
040805027601200805
040805028401200805
040805029201200805
040805030601200805
040805031401200805
040805032201200805
040805033001200805
040805034901200805
040805035701200805
040805036501200805
040805037301200805
040805038101200805
040805039001200805
040805040301200805
040805041101200805
040805042001200805
040805043801200805
040805044601200805
040805045401200805
040805046201200805
040805047001200805
040805048901200805
040805049701200805
040805050001200805
040805051901200805
040805052701200805
040805053501200805
040805054301200805
040805055101200805
040805056001200805
040805057801200805
040805058601200805
040805059401200805
040805060801200805
040805061601200805
040805062401200805
040805063201200805
040805064001200805
040805065901200805
040805066701200805
040805067501200805
040805068301200805
040805069101200805
040805070501200805
040805071301200805
040805072101200805
040805073001200805
040805074801200805
040805075601200805
040805076401200805
040805077201200805
040805078001200805
040805079901200805
040805080201200805
040805081001200805
040805082901200805
040805083701200805
040805084501200805
040805085301200805
040805086101200805
040805087001200805
040805088801200805
040805089601200805
040805090001200805
040805091801200805
040805092601200805
040806001801200805
040806002601200805
040806003401200805
040806004201200805
040806004209200805
040806005001200805
040806006901200805
040806007701200805
040806008501200805
040806009301200805
040806010701200805
040806011501200805
040806012301200805
040806013101200805
040806014001200805
040806015801200805
040806015809200805
040806016601200805
040806017401200805
040806018201200805
040806019001200805
040806020401200805
040806021201200805
040806023901200805
040806024701200805
040806025501200805
040806026301200805
040806027101200805
040806028001200805
040806029801200805
040806030101200805
040806031001200805
040806032801200805
040806033601200805
040806034401200805
040806035201200805
040806036001200805
040806037901200805
040806038701200805
040806039501200805
040806040901200805
040806041701200805
040806042501200805
040806042509200805
040806043301200805
040806044101200805
040806045001200805
040806046801200805
040806047601200805
040806048401200805
040806049201200805
040806050601200805
040806051401200805
040806052201200805
040806053001200805
040806054901200805
040806055701200805
040806056501200805
040806057301200805
040806057309200805
040806058101200805
040806059001200805
040806060301200805
040806061101200805
040806062001200805
040806063801200805
040806064601200805
040806066201200805
040806067001200805
040806069701200805
040806070001200805
040901001401200805
040901002201200805
040901003001200805
040901004901200805
040901005701200805
040901006501200805
040901007301200805
040901008101200805
040901009001200805
040901009009200805
040901012001200805
040901013801200805
040901014601200805
040901017001200805
040901017009200805
040901018901200805
040901019701200805
040901020001200805
040901021901200805
040901022701200805
040901023501200805
040901024301200805
040901025101200805
040901026001200805
040901028601200805
040901029401200805
040901030801200805
040901031601200805
040901032401200805
040901033201200805
040901034001200805
040901036701200805
040901037501200805
040901038301200805
040901038309200805
040901039101200805
040901040501200805
040901041301200805
040901043001200805
040901043009200805
040901045601200805
040901046401200805
040901047201200805
040901048001200805
040901049901200805
040901050201200805
040901051001200805
040901052901200805
040901053701200805
040901054501200805
040901055301200805
040901056101200805
040901057001200805
040901058801200805
040902001001200805
040902001009200805
040902002801200805
040902004401200805
040902004409200805
040902005201200805
040902007901200805
040902007909200805
040902008701200805
040902008709200805
040902009501200805
040902009509200805
040902010901200805
040902012501200805
040902012509200805
040902013301200805
040902014101200805
040902015001200805
040902015009200805
040902016801200805
040902017601200805
040902017609200805
040903001501200805
040903001509200805
040903002301200805
040903003101200805
040903004001200805
040904001001200805
040904001009200805
040904003701200805
040904004501200805
040904005301200805
040904007001200805
040904007009200805
040904008801200805
040904008809200805
040904009601200805
040904011801200805
040904012601200805
040904013401200805
040904014201200805
040904014209200805
040904015001200805
040904016901200805
040904017701200805
040904018501200805
040904019301200805
040904020701200805
040904021501200805
040904022301200805
040904023101200805
040904024001200805
040904024009200805
040905001601200805
040905002401200805
040905003201200805
040905004001200805
040905007501200805
040905008301200805
040905008309200805
040905009101200805
040905010501200805
040905011301200805
040906001101200805
040906001109200805
040906002001200805
040906003801200805
040906003809200805
040906004601200805
040906004609200805
040906005401200805
040906005409200805
040906007001200805
040906007009200805
040906010001200805
040906011901200805
040906012701200805
040906013501200805
040906014301200805
040906015101200805
040906016001200805
040906017801200805
040906017809200805
040906018601200805
040906018609200805
040906019401200805
040906020801200805
040906020809200805
040906021601200805
040906022401200805
040906023201200805
040906023209200805
040906024001200805
040906024009200805
040906025901200805
040906026701200805
040906026709200805
040906027501200805
040906027509200805
040906028301200805
040907001701200805
040907001709200805
040907002501200805
040907003301200805
040907003309200805
040907004101200805
040907004109200805
040907005001200805
040907006801200805
040907006809200805
040907007601200805
040907007609200805
040907008401200805
040907008409200805
040907009201200805
040907009209200805
040907010601200805
040907010609200805
040907011401200805
040907013001200805
040907013009200805
040907014901200805
040907014909200805
040907015701200805
040907015709200805
040907019001200805
040907019009200805
040907020301200805
040907021101200805
040907022001200805
040907022009200805
040907023801200805
040907024601200805
040907025401200805
040907026201200805
040907026209200805
040907027001200805
040907028901200805
040907029701200805
040907030001200805
041001001401200805
041001001409200805
041001005701200805
041001006501200805
041001007301200805
041001008101200805
041001008109200805
041001009001200805
041001011101200805
041001011109200805
041001012001200805
041101001801200805
041101001802200805
041101001809200805
041101002601200805
041101002602200805
041101003401200805
041101003402200805
041101004201200805
041101004202200805
041101005001200805
041101005002200805
041101007701200805
041101007702200805
041101007709200805
041101008501200805
041101008502200805
041102001301200805
041102001302200805
041102001309200805
041102002101200805
041102002102200805
041102003001200805
041102003002200805
041102004801200805
041102005601200805
041102005602200805
041201001101200805
041201002001200805
041201003801200805
041201004601200805
041201004609200805
041201005401200805
041201007001200805
041201008901200805
041201009701200805
041201010001200805
041201011901200805
041201013501200805
041201014301200805
041202001701200805
041202002501200805
041202003301200805
041202004101200805
041202005001200805
041202006801200805
041202007601200805
041202008401200805
041203001201200805
041203004701200805
041203008001200805
041204001801200805
041204002601200805
041204003401200805
041204004201200805
041204005001200805
041204006901200805
041204007701200805
041204008501200805
041204009301200805
041204010701200805
041204011501200805
041204012301200805
041204013101200805
041204015801200805
041204016601200805
041204017401200805
041204018201200805
041204019001200805
041204020401200805
041204021201200805
041204022001200805
041205001301200805
041205002101200805
041205003001200805
041205004801200805
041205005601200805
041205006401200805
041205007201200805
041205008001200805
041205009901200805
041205010201200805
041205011001200805
041205013701200805
041205014501200805
041205015301200805
041301001501200805
041301006601200805
041301006607200805
041301008201200805
041301009001200805
041303001601200805
041303002401200805
041303003201200805
041303005901200805
041303006701200805
041303007501200805
041303008301200805
041304002001200805
041304003801200805
041304004601200805
041304005401200805
041304006201200805
041304007001200805
041304008901200805
041304009701200805
041304010001200805
041304011901200805
041304011909200805
041304012701200805
041304012709200805
041304013501200805
041304013509200805
041304014301200805
041304015101200805
041304015109200805
041304016001200805
041304017801200805
041304018601200805
041304019401200805
041304020801200805
041304021601200805
041304022401200805
041304023201200805
041304023209200805
041304024001200805
041401002701200805
041401003501200805
041401004301200805
041401005101200805
041401006001200805
041401007801200805
041401008601200805
041401009401200805
041401010801200805
041401011601200805
041401012401200805
041401013201200805
041401014001200805
041401014007200805
041401015901200805
041401016701200805
041401017501200805
041401018301200805
041401019101200805
041401020501200805
041401023001200805
041401024801200805
041401025601200805
041401026401200805
041401027201200805
041401028001200805
041401032901200805
041402010301200805
041402010307200805
041402010309200805
041402011101200805
041402011107200805
041402011109200805
041402019701200805
041501001201200805
041502001801200805
041502002601200805
041503001301200805
041504002701200805
041504003501200805
041601001601200805
041601002401200805
041601003201200805
041601004001200805
041601005901200805
041601006701200805
041601007501200805
041601008301200805
041601009101200805
041601010501200805
041601011301200805
041601012101200805
041601013001200805
041601014801200805
041601015601200805
041601016401200805
041601017201200805
041601018001200805
041601019901200805
041602001101200805
041602002001200805
041602003801200805
041602004601200805
041602005401200805
041602006201200805
041602007001200805
041602008901200805
041602009701200805
041602010001200805
041602011901200805
041602012701200805
041602013501200805
041602014301200805
041603001701200805
041603002501200805
041603003301200805
041603004101200805
041603005001200805
041603006801200805
041603007601200805
041603008401200805
041603009201200805
041603010601200805
041603011401200805
041603012201200805
041603013001200805
041603013007200805
041604001201200805
041604002001200805
041604003901200805
041604004701200805
041604005501200805
041604006301200805
041604007101200805
041604008001200805
041604009801200805
041604010101200805
041604011001200805
041604012801200805
041604013601200805
041604014401200805
041604015201200805
041604016001200805
041605001801200805
041605002601200805
041605003401200805
041605004201200805
041605005001200805
041605006901200805
041605007701200805
041605008501200805
041606001301200805
041606002101200805
041606003001200805
041606004801200805
041606005601200805
041606006401200805
041606007201200805
041606008001200805
041606009901200805
041606010201200805
041607001901200805
041607002701200805
041607003501200805
041608001401200805
041608002201200805
041608003001200805
041608004901200805
041608005701200805
041608006501200805
041608007301200805
041608008101200805
041608009001200805
041608010301200805
041609001001200805
041609002801200805
041609003601200805
041609004401200805
041609005201200805
041609006001200805
041609007901200805
041609008701200805
041609009501200805
041609010901200805
041611001001200805
041611002901200805
041611003701200805
041611004501200805
041611005301200805
041612001601200805
041612001609200805
041612002401200805
041612003201200805
041612004001200805
041612004009200805
041612005901200805
041612005909200805
041613001101200805
041613002001200805
041613003801200805
041613004601200805
041613005401200805
041613006201200805
050201001074200805
050201001075200805
050201001076200805
050201001077200805
050201001078200805
050201001079200805
050201002977200805
050201002978200805
050201002979200805
050201002980200805
050201002981200805
050201002982200805
050301001401200805
050301001403200805
050301001474200805
050301001475200805
050301001476200805
050301001477200805
050301001478200805
050301001479200805
050301001480200805
050301001481200805
050301001482200805
050301002201200805
050301002274200805
050301002275200805
050301002276200805
050301002277200805
050301002278200805
050301002279200805
050301002280200805
050301002281200805
050301002282200805
050302001001200805
050302002801200805
050303001574200805
050303001575200805
050303001576200805
050303001577200805
050303001578200805
050303001579200805
050303001580200805
050303001581200805
050303001582200805
050303002301200805
050303002374200805
050303002375200805
050303002376200805
050303002377200805
050303002378200805
050303002379200805
050303002380200805
050303002381200805
050303002382200805
050303003101200805
050303003174200805
050303003175200805
050303003176200805
050303003177200805
050303003178200805
050303003179200805
050303003180200805
050303003181200805
050303003182200805
050303004001200805
050303004074200805
050303004075200805
050303004076200805
050303004077200805
050303004078200805
050303004080200805
050303004081200805
050303004082200805
050303005801200805
050303005874200805
050303005875200805
050303005876200805
050303005877200805
050303005878200805
050303005879200805
050303005880200805
050303005881200805
050303005882200805
050303006601200805
050303006674200805
050303006675200805
050303006676200805
050303006677200805
050303006678200805
050303006679200805
050303006680200805
050303006681200805
050303006682200805
050303007401200805
050303007474200805
050303007475200805
050303007476200805
050303007477200805
050303007478200805
050303007479200805
050303007480200805
050303007481200805
050303007482200805
050303008201200805
050303008274200805
050303008275200805
050303008276200805
050303008277200805
050303008278200805
050303008279200805
050303008280200805
050303008281200805
050303008282200805
050501001103200805
050501001107200805
050501002003200805
050501002007200805
050501003803200805
050501003807200805
050501004603200805
050501004607200805
050501005403200805
050501005407200805
050501006203200805
050501006207200805
050501007003200805
050501007007200805
050501008903200805
050501008907200805
050501009701200805
050501009707200805
050501009709200805
050501010001200805
050501010007200805
050501010009200805
050501011901200805
050501011907200805
050501011909200805
050501012701200805
050501012707200805
050501012709200805
050502004101200805
050502004107200805
050502005001200805
050502005007200805
050502006801200805
050502007601200805
050502008401200805
050502009201200805
050502010601200805
050502011401200805
050502011407200805
050602001012200805
050602002912200805
050602003712200805
050602004503200805
050602004507200805
080201006765200805
080201007579200805
080201008375200805
080201009176200805
080201010574200805
080201011383200805
080201012181200805
080201013082200805
080201014877200805
080201015678200805
080201016480200805
