0201010038001200805
0201010038004200805
0201010119001200805
0201010127001200805
0201010127004200805
0201010135001200805
0201010135004200805
0201010143005200805
0201010160008200805
0201010186001200805
0201010208001200805
0201010240001200805
0201010259001200805
0201010267001200805
0201010305001200805
0201010313001200805
0201010313008200805
0201010321001200805
0201010330001200805
0201010402001200805
0201010534001200805
0201010534004200805
0201010534006200805
0201010577001200805
0201010577004200805
0201010577006200805
0202030024009200805
0202030237005200805
0202031071009200805
0203010027005200805
0203020014005200805
0203020049005200805
0204020018005200805
0204030030005200805
0204030048005200805
0204030161005200805
0205010016005200805
0205010024005200805
0205010032005200805
0205020011005200805
0205020038005200805
0205020054005200805
0205020070005200805
0205020089005200805
0205020097005200805
0205020119005200805
0205020127005200805
0205020135005200805
0205020160005200805
0205020178005200805
0205020194005200805
0206010010005200805
0206010028005200805
0206010036005200805
0206010044005200805
0206010052005200805
0206010060005200805
0206010079005200805
0206010087005200805
0206020015005200805
0206020023005200805
0206020031005200805
0206020040005200805
0206030010005200805
0206030029005200805
0206030037005200805
0207010013005200805
0207010021005200805
0207010030005200805
0207010048005200805
0207010056005200805
0207020019005200805
0207020027005200805
0207020035005200805
0207030014005200805
0207030022005200805
0207030030005200805
0208010017005200805
0208010025005200805
0208010033005200805
0208010041005200805
0208010050005200805
0208010068005200805
0208010076005200805
0208010084005200805
0208010092005200805
0208020012005200805
0208020020005200805
0208020039005200805
0208020055005200805
0208020063005200805
0208020071005200805
0208020080005200805
0208020098005200805
0208020101005200805
0208020110005200805
0208020128005200805
0208030018005200805
0208030026005200805
0208030034005200805
0208030042005200805
0208030050005200805
0208040021005200805
0208040030005200805
0208040056005200805
0208040064005200805
0208040072005200805
0208040080005200805
0208040099005200805
0208040102005200805
0208050019005200805
0208050035005200805
0208050043005200805
0208060014005200805
0208060022005200805
0208060030005200805
0208070010005200805
0208070028005200805
0208070036005200805
0208070044005200805
0208080015005200805
0208080023005200805
0208080031005200805
0208080040005200805
0208090010005200805
0208090029005200805
0208090037005200805
0209010010005200805
0209010029005200805
0209010037005200805
0209010045005200805
0209040033001200805
0209040033004200805
0209040050001200805
0209040050004200805
0209040050005200805
0210010010005200805
0210010045005200805
0210010053005200805
0210010061005200805
0210010070005200805
0210010088005200805
0210010096005200805
0210010100005200805
0210010118005200805
0210010126005200805
0210010134005200805
0210010142005200805
0210010150005200805
0210010185005200805
0210010193005200805
0210010207005200805
0210020016005200805
0211020010006200805
0211020028001200805
0211020028006200805
0211030015005200805
0211030023005200805
0211030031005200805
0211030040005200805
0211030058005200805
0211030066005200805
0211030074005200805
0211030082005200805
0211030090005200805
0211050091001200805
0211050091005200805
0211050091006200805
0211050105005200805
0211050148006200805
0211070092005200805
0211070106005200805
0211070297005200805
0211070300005200805
0211070319005200805
0301010013012200805
0301010021012200805
0301010030012200805
0301010048012200805
0301010056012200805
0301010064012200805
0301010072012200805
0301010080012200805
0301010099012200805
0301010102012200805
0301010110012200805
0301010129012200805
0301010137012200805
0301010145005200805
0301010153012200805
0301050074007200805
0301050074008200805
0301060070008200805
0301060088008200805
0301090017007200805
0301090025007200805
0301120056006200805
0302010017005200805
0302010025005200805
0302010033005200805
0302020012005200805
0302020020005200805
0302020039005200805
0302030018005200805
0302030026005200805
0302040013005200805
0302040021005200805
0302040030005200805
0302040048005200805
0302040056005200805
0302050019005200805
0302050027005200805
0302050035005200805
0302060014005200805
0302060022005200805
0302060030005200805
0302060049005200805
0302060057005200805
0302070010005200805
0302070028005200805
0302070036005200805
0303010010004200805
0303010029004200805
0303010037004200805
0303010045004200805
0303010053004200805
0303010061004200805
0303010070004200805
0303010088004200805
0303010096004200805
0303010100004200805
0303010118004200805
0303010126004200805
0303010134004200805
0303010142004200805
0303010150004200805
0303010169004200805
0303010177004200805
0303010185004200805
0303010193004200805
0303010207004200805
0303010215003200805
0303010215007200805
0303020032004200805
0303020040004200805
0303020059004200805
0303020067004200805
0303020075004200805
0303020083004200805
0303030011007200805
0303030020004200805
0303030038004200805
0303030038011200805
0303030046004200805
0303030054004200805
0303030062004200805
0303040017004200805
0303040025004200805
0303040033004200805
0303040041004200805
0303040050004200805
0303040068004200805
0303040076004200805
0303040084004200805
0303040092004200805
0303040106004200805
0303040114004200805
0303040122004200805
0303040130004200805
0303040149004200805
0303040157004200805
0303040165004200805
0303040165011200805
0303040173004200805
0303040181004200805
0303040190004200805
0303040203004200805
0303040211004200805
0303040220004200805
0303040238004200805
0303040246004200805
0303040254004200805
0303040262004200805
0303040270004200805
0303040289004200805
0303040297004200805
0303060018004200805
0303060026004200805
0303060026011200805
0303060034004200805
0303060042004200805
0303060042011200805
0303060050004200805
0303060069004200805
0303060085004200805
0303060093004200805
0303060093011200805
0303060107004200805
0303060107011200805
0303060115004200805
0303060123004200805
0303060131004200805
0303060140004200805
0303060158004200805
0303060166004200805
0303060174004200805
0303060182004200805
0303060182011200805
0303060190004200805
0303060204004200805
0303060212004200805
0303060220004200805
0303060239004200805
0303060247004200805
0303060255004200805
0303060263004200805
0303060271004200805
0303060280011200805
0303060298004200805
0303060301004200805
0303070064004200805
0303070072004200805
0303070080004200805
0303070099004200805
0303070102004200805
0303070110004200805
0303070129004200805
0303080043004200805
0303080051004200805
0303080051011200805
0303080060004200805
0303080078004200805
0303080086004200805
0303080094004200805
0303090138004200805
0303090197004200805
0303090200004200805
0303090235004200805
0303090243004200805
0303090286004200805
0303090294004200805
0303090316004200805
0303090324004200805
0303090332004200805
0303090340004200805
0303090359004200805
0303090367004200805
0303090375004200805
0303100010004200805
0303100028004200805
0303100036004200805
0303100044004200805
0303100052004200805
0303110015004200805
0303110023004200805
0303110031004200805
0303110040004200805
0303110058004200805
0303110066004200805
0303110074004200805
0303110082004200805
0303110090004200805
0303110104004200805
0303110112004200805
0303130016003200805
0303130016007200805
0303130016008200805
0303130024003200805
0303130024007200805
0303130024008200805
0303130032003200805
0303130032007200805
0303130032008200805
0303130040003200805
0303130040007200805
0303130040008200805
0303130059003200805
0303130059007200805
0303130059008200805
0303130067003200805
0303130067007200805
0303130067008200805
0303130075003200805
0303130075007200805
0303130075008200805
0303130083003200805
0303130083007200805
0303140020004200805
0303140038004200805
0303140046004200805
0303140046011200805
0303140054004200805
0303140054011200805
0303140062004200805
0303140070004200805
0303140089004200805
0303140089011200805
0303140097004200805
0303140100004200805
0303140119004200805
0303140127004200805
0303140135004200805
0303140135011200805
0303140143004200805
0303140151004200805
0303150017004200805
0303150025004200805
0303150033004200805
0303150041004200805
0303150050004200805
0303150068004200805
0303160012004200805
0303160020004200805
0303160039004200805
0303160047004200805
0303160055004200805
0303160063004200805
0303160071004200805
0303170018008200805
0303170034007200805
0303170042007200805
0303170050007200805
0303170069007200805
0303170077003200805
0303170077007200805
0303170077008200805
0303170085007200805
0303170085008200805
0303170093003200805
0303170093007200805
0303170093008200805
0303170107007200805
0303180013004200805
0303180013008200805
0303180030004200805
0303180048004200805
0303180056004200805
0303180064004200805
0303180072007200805
0303190019007200805
0303190019008200805
0304010014009200805
0304010022009200805
0304010030009200805
0304010049006200805
0304010057006200805
0304010065006200805
0304010073009200805
0304010090009200805
0304010103009200805
0304010111006200805
0304010111007200805
0304010120009200805
0304010138009200805
0304010146009200805
0304010162004200805
0304010162006200805
0304010170001200805
0304010219006200805
0304010219009200805
0304010227006200805
0304010227009200805
0304010235009200805
0304010243006200805
0304010243009200805
0304010251009200805
0304010260009200805
0304010278009200805
0304010286009200805
0304010294009200805
0304020010009200805
0304020028009200805
0304020036009200805
0304020044009200805
0304020052009200805
0304020060009200805
0304020079009200805
0304020087009200805
0304020095009200805
0304020109009200805
0304020117009200805
0304020125009200805
0304020133009200805
0304020141009200805
0304020150009200805
0304020168009200805
0304020176009200805
0304020184009200805
0304020192009200805
0304020206009200805
0304020214009200805
0304020222009200805
0304020230009200805
0304020249009200805
0304020257009200805
0304020265009200805
0304020273009200805
0304020281009200805
0304020290009200805
0304020303009200805
0304020311009200805
0304020320009200805
0304020338009200805
0304020346009200805
0304020354009200805
0304020362009200805
0304020370009200805
0304030015009200805
0304030023009200805
0304030031009200805
0304030040009200805
0304030058009200805
0304030066009200805
0304030074009200805
0304030082009200805
0304030090009200805
0304030104009200805
0304030112009200805
0304030120009200805
0304030139009200805
0304030147009200805
0304030155009200805
0304030163009200805
0304030171009200805
0304030180009200805
0304030198009200805
0304030201009200805
0304030210009200805
0304040010009200805
0304040029009200805
0304040037009200805
0304040045009200805
0304040053009200805
0304040061009200805
0304040070009200805
0304040088009200805
0304040096009200805
0304040100009200805
0304040118009200805
0304040126009200805
0304040134009200805
0304040142009200805
0304040150009200805
0304040169009200805
0304050016009200805
0304050024009200805
0304050032009200805
0304050040009200805
0304050059009200805
0304050067009200805
0304050075009200805
0304050083009200805
0304050091009200805
0304050105009200805
0304050113009200805
0304050121009200805
0304050130009200805
0304050148009200805
0304050156009200805
0304050164009200805
0304050172009200805
0304050180009200805
0304050199009200805
0304050202009200805
0304050210009200805
0304050229009200805
0304050237009200805
0304050245009200805
0304060011009200805
0304060020009200805
0304060038009200805
0304060046009200805
0304060054009200805
0304060062009200805
0304060070009200805
0304060089009200805
0304060097009200805
0304060100009200805
0304060119009200805
0304060127009200805
0304060135009200805
0304060143009200805
0304060151009200805
0304060160009200805
0304060178009200805
0304060186009200805
0304060194009200805
0304060208009200805
0304060216009200805
0304070017009200805
0304070025009200805
0304070033009200805
0304070041009200805
0304070050009200805
0304080020004200805
0304080020006200805
0304080039004200805
0304080039006200805
0304080047006200805
0304080055009200805
0304080063006200805
0304080071009200805
0304090018004200805
0304090018006200805
0304090026006200805
0304090034006200805
0304100013004200805
0305010026009200805
0305010069009200805
0305010085009200805
0305010107009200805
0305010115009200805
0305010166009200805
0305010174007200805
0305010182009200805
0305020013004200805
0305020021004200805
0305020030004200805
0305020030011200805
0305020048004200805
0305020056004200805
0308010019004200805
0308010019011200805
0308010027004200805
0308010027011200805
0308010035004200805
0308010043004200805
0308020022004200805
0308020022011200805
0308020030004200805
0308020030011200805
0308030010004200805
0308030010011200805
0308030028004200805
0308030028011200805
0308030036004200805
0308030036011200805
0308040015004200805
0308040015011200805
0308040023004200805
0309010020001200805
0309010039001200805
0310010020005200805
0310010039004200805
0310010039010200805
0310010047004200805
0310010047010200805
0401010031001200805
0401010058009200805
0401010066001200805
0401010074001200805
0401010090001200805
0401010112001200805
0401010120001200805
0401010139001200805
0401020010001200805
0401020010004200805
0401020029001200805
0401020029004200805
0401020037001200805
0401020037004200805
0401020045001200805
0401020045004200805
0401020053001200805
0401020053004200805
0401020061001200805
0401020061004200805
0401020070001200805
0401020070004200805
0401020088001200805
0401020088002200805
0401020088004200805
0401020096001200805
0401020096004200805
0401020100001200805
0401020100004200805
0401020118001200805
0401020118004200805
0401020126001200805
0401020126004200805
0401020134001200805
0401020142001200805
0401020142004200805
0401020150001200805
0401020150004200805
0401020169001200805
0401020169004200805
0402010019001200805
0402010019004200805
0402010027001200805
0402010027004200805
0402010035001200805
0402010035004200805
0402010043001200805
0402010043004200805
0402010051001200805
0402010051004200805
0402020014001200805
0402020014004200805
0402020022001200805
0402020022004200805
0403010012001200805
0403010012004200805
0403010020001200805
0403010020004200805
0403010039001200805
0403010039004200805
0403010047001200805
0403010047004200805
0403010055001200805
0403010055004200805
0403010063001200805
0403010063004200805
0403010071001200805
0403010071004200805
0403010080001200805
0403010080004200805
0403010098001200805
0403010098004200805
0403010101001200805
0403010101004200805
0403010110001200805
0403010110004200805
0403010128001200805
0403010128004200805
0403010136001200805
0403010136004200805
0403010144001200805
0403010144004200805
0403010152001200805
0403010152004200805
0403010160001200805
0403010160004200805
0403010179001200805
0403010179004200805
0403010187001200805
0403010187004200805
0403010195001200805
0403010195004200805
0403010209001200805
0403010209004200805
0403010217001200805
0403010217004200805
0403010225001200805
0403010225004200805
0403010233001200805
0403010233004200805
0403010241001200805
0403010241004200805
0403010250001200805
0403010250004200805
0403010268001200805
0403010268004200805
0403010276001200805
0403010276004200805
0403010284001200805
0403010284004200805
0403010292001200805
0403010292004200805
0403010306001200805
0403010306004200805
0403010314001200805
0403010314004200805
0403010322001200805
0403010322004200805
0403010322006200805
0403010330001200805
0403010330004200805
0403010349001200805
0403010349004200805
0403010357001200805
0403010357004200805
0403010365001200805
0403010365004200805
0403020018001200805
0403020018006200805
0403020026001200805
0403020026006200805
0403020034001200805
0403020034006200805
0403020042001200805
0403020042006200805
0403020050001200805
0403020050006200805
0403020069001200805
0403020069006200805
0403020077001200805
0403020085001200805
0403020093001200805
0403020107001200805
0403020115001200805
0403020123001200805
0403020123004200805
0403020131001200805
0403020131006200805
0403030013001200805
0403030013004200805
0403030021001200805
0403030021004200805
0403030030001200805
0403030030004200805
0403030048001200805
0403030048004200805
0403030056001200805
0403030056004200805
0403030056006200805
0403030064001200805
0403030064004200805
0403030064006200805
0403030072001200805
0403030072004200805
0403030072006200805
0403030080001200805
0403030080004200805
0403030099001200805
0403030099004200805
0403030099006200805
0403030102001200805
0403030102004200805
0403030102006200805
0403030110001200805
0403030110004200805
0403030129001200805
0403030129004200805
0403030137001200805
0403030137004200805
0403030137006200805
0403030145001200805
0403030145004200805
0403030153001200805
0403030153004200805
0403030161001200805
0403030161004200805
0403030170001200805
0403030170004200805
0403040019001200805
0403040019004200805
0403040019006200805
0403040027001200805
0403040027004200805
0403040027006200805
0403040035001200805
0403040035004200805
0403040035006200805
0403040043001200805
0403040043004200805
0403040043006200805
0403040051001200805
0403040051004200805
0403040051006200805
0403040060001200805
0403040060004200805
0403040060006200805
0403040078001200805
0403040078004200805
0403040078006200805
0403040086001200805
0403040086004200805
0403040086006200805
0403050014001200805
0403050022001200805
0403050030001200805
0403050030004200805
0403050030006200805
0403050049001200805
0403050049004200805
0403050049006200805
0403050057001200805
0403050057004200805
0403050057006200805
0403050065001200805
0403050065004200805
0403050065006200805
0403050073001200805
0403050073004200805
0403050073006200805
0403050081001200805
0403050090001200805
0403050090004200805
0403050090006200805
0403050103001200805
0403050103004200805
0403050103006200805
0403050111001200805
0403050111004200805
0403050111006200805
0403050120001200805
0403050120004200805
0403050120006200805
0403050138001200805
0403050138004200805
0403050138006200805
0403050146001200805
0403050146004200805
0403050146006200805
0403050154001200805
0403050154004200805
0403050154006200805
0403050162001200805
0403050162004200805
0403050162006200805
0403060010001200805
0403060028001200805
0403060028006200805
0403060036001200805
0403060036004200805
0403060036006200805
0403060044001200805
0403060044004200805
0403060044006200805
0403060052001200805
0403060052004200805
0403060052006200805
0403060060001200805
0403060060004200805
0403060060006200805
0403060079001200805
0403060079004200805
0403060079006200805
0403060087001200805
0403060087004200805
0403060087006200805
0403060095001200805
0403060095004200805
0403060095006200805
0403070015001200805
0403070015004200805
0403070015006200805
0403070023001200805
0403070023006200805
0403070031001200805
0403070031004200805
0403070040001200805
0403070040006200805
0403070058001200805
0403070058006200805
0403070066001200805
0403070066006200805
0403070074001200805
0403070074006200805
0403070082001200805
0403070082006200805
0403070090001200805
0403070090006200805
0403070104001200805
0403070104006200805
0403070112001200805
0403070112006200805
0403070120001200805
0403070120006200805
0403070139001200805
0403070139006200805
0403070147001200805
0403070147006200805
0403080010001200805
0403080010004200805
0403080010006200805
0403080029001200805
0403080029004200805
0403080029006200805
0403080037001200805
0403080037004200805
0403080037006200805
0403080045001200805
0403080045004200805
0403080045006200805
0403080053001200805
0403080053004200805
0403080053006200805
0403080061001200805
0403080061004200805
0403080061006200805
0403080070001200805
0403080070004200805
0403080070006200805
0403080088001200805
0403080088004200805
0403080088006200805
0403080096001200805
0403080096004200805
0403080096006200805
0403080100001200805
0403080100004200805
0403080100006200805
0404010016001200805
0404010016002200805
0404010016004200805
0404010024001200805
0404010024002200805
0404010032001200805
0404010032002200805
0404010032004200805
0404010040001200805
0404010040004200805
0404010059001200805
0404010059004200805
0404010067001200805
0404010067004200805
0404010083001200805
0404010083004200805
0404010105001200805
0404010105004200805
0404010113001200805
0404010113004200805
0404010121001200805
0404010121004200805
0404010130001200805
0404010130004200805
0404010148001200805
0404010148004200805
0404010164001200805
0404010164004200805
0404010172001200805
0404010172004200805
0404010180001200805
0404010180004200805
0404010199001200805
0404010199004200805
0404010202001200805
0404010202004200805
0404010210001200805
0404010210004200805
0404010229001200805
0404010229002200805
0404010229004200805
0404010237001200805
0404010288001200805
0404010288004200805
0404010318001200805
0404010326001200805
0404010326004200805
0404010334001200805
0404010334004200805
0404010350001200805
0404010350002200805
0404010350004200805
0404010377001200805
0404010377004200805
0404010385001200805
0404010385004200805
0404010407001200805
0404010407004200805
0404010415001200805
0404010415002200805
0404010415004200805
0404020011001200805
0404020011004200805
0404020038001200805
0404020038004200805
0404020046001200805
0404020046004200805
0404020062001200805
0404020062004200805
0404020070001200805
0404020070004200805
0404020089001200805
0404020089004200805
0404020119001200805
0404020119004200805
0404020135001200805
0404020135004200805
0404020143001200805
0404020143004200805
0404020151001200805
0404020151004200805
0404020160001200805
0404020160004200805
0404020178001200805
0404020178004200805
0404020186001200805
0404020186004200805
0404020194001200805
0404020194004200805
0404020208001200805
0404020208004200805
0404020216001200805
0404020216004200805
0404020224001200805
0404020224004200805
0404020232001200805
0404020232004200805
0404020240001200805
0404020240004200805
0404020259001200805
0404020259004200805
0404020267001200805
0404020267004200805
0404020275001200805
0404020275004200805
0404020283001200805
0404020283004200805
0404020291001200805
0404020291004200805
0404020305001200805
0404020305004200805
0404020313001200805
0404020313004200805
0404020321001200805
0404020321004200805
0404020330001200805
0404020330002200805
0404020330004200805
0404020348001200805
0404020348004200805
0404020356001200805
0404020356004200805
0404020364001200805
0404020364004200805
0404020372001200805
0404020372004200805
0404020380001200805
0404020380004200805
0404020399001200805
0404020399004200805
0404020402001200805
0404020402004200805
0404020410001200805
0404020410004200805
0404020429001200805
0404020429004200805
0404020437001200805
0404020437004200805
0404030017001200805
0404030017004200805
0404030025001200805
0404030025004200805
0404030033001200805
0404030041001200805
0404030041004200805
0404030050001200805
0404030068001200805
0404030076001200805
0404030076004200805
0404030084001200805
0404030084004200805
0404030092001200805
0404030092004200805
0404030106001200805
0404030106004200805
0404030114001200805
0404030114004200805
0404030122001200805
0404030122004200805
0404030130001200805
0404030130004200805
0404030149001200805
0404030149004200805
0404030157001200805
0404030157004200805
0404030165001200805
0404030165004200805
0404030173001200805
0404030173004200805
0404030181001200805
0404030181004200805
0404030190001200805
0404030190004200805
0404030203001200805
0404030203004200805
0404030211001200805
0404030211004200805
0405010010001200805
0405010028001200805
0405010036004200805
0405010044001200805
0405010052001200805
0405010060001200805
0405010079001200805
0405010087004200805
0405010109001200805
0405010117004200805
0405010125004200805
0405010141001200805
0405010150001200805
0405010168001200805
0405010176001200805
0405010192001200805
0405020015004200805
0405020023002200805
0405030029001200805
0405030029004200805
0405030037004200805
0405030045001200805
0405030045002200805
0405030053001200805
0405030070001200805
0405030070004200805
0405030088001200805
0405030096001200805
0405030100004200805
0405030118001200805
0405030118004200805
0405030134001200805
0405030142002200805
0405030150001200805
0405040016004200805
0405040024004200805
0405040032004200805
0405040040004200805
0405040059004200805
0405040067004200805
0405040075001200805
0405040075004200805
0405040083004200805
0405040091004200805
0405040105001200805
0405040130001200805
0405040148004200805
0405040156001200805
0405040156004200805
0405040164001200805
0405040164004200805
0405040172004200805
0405040180004200805
0405040199004200805
0405040202001200805
0405040202002200805
0405050011004200805
0405050020001200805
0405050038001200805
0405050054004200805
0405050062001200805
0405050070001200805
0405050089001200805
0405050097001200805
0405050097002200805
0405050100001200805
0405050100002200805
0405050119001200805
0405050119002200805
0405050127001200805
0405050135004200805
0405050143004200805
0405050151001200805
0405050151004200805
0405050160001200805
0405050178004200805
0405050186004200805
0405050194001200805
0405050208001200805
0405050232004200805
0405050240001200805
0405050259001200805
0405050267001200805
0405050283001200805
0405050291001200805
0405050305001200805
0405050313004200805
0405050348004200805
0405050356004200805
0405050364001200805
0405050372001200805
0405050372002200805
0406010013001200805
0406010013004200805
0406010013006200805
0406010021001200805
0406010021004200805
0406010021006200805
0406010030001200805
0406010030004200805
0406010030006200805
0406010048001200805
0406010048004200805
0406010048006200805
0406010056001200805
0406010056004200805
0406010056006200805
0406010064001200805
0406010064004200805
0406010064006200805
0406010072001200805
0406010072004200805
0406010072006200805
0406010080001200805
0406010080004200805
0406010080006200805
0406010099001200805
0406010099004200805
0406010099006200805
0406010102001200805
0406010102004200805
0406010110001200805
0406010110004200805
0406010137001200805
0406010137004200805
0406010137006200805
0406010145001200805
0406010145004200805
0406010145006200805
0406010153001200805
0406010153004200805
0406010153006200805
0406010161001200805
0406010161004200805
0406010161006200805
0406010170001200805
0406010170004200805
0406010170006200805
0406010188001200805
0406010188004200805
0406010188006200805
0406010196001200805
0406010196004200805
0406010196006200805
0406010200001200805
0406010200004200805
0406010200006200805
0406010218001200805
0406010218004200805
0406010218006200805
0406010226001200805
0406010226004200805
0406010226006200805
0406010234001200805
0406010234004200805
0406010234006200805
0406010242001200805
0406010242004200805
0406010242006200805
0406010250001200805
0406010250004200805
0406010250006200805
0406010269001200805
0406010269004200805
0406010269006200805
0406010277001200805
0406010277004200805
0406010277006200805
0406010285001200805
0406010285004200805
0406010285006200805
0406010293001200805
0406010293004200805
0406010293006200805
0406010307001200805
0406010307004200805
0406010307006200805
0406010315001200805
0406010315004200805
0406010315006200805
0406010323001200805
0406010323004200805
0406010323006200805
0406010331001200805
0406010331004200805
0406010331006200805
0406010340001200805
0406010340004200805
0406010340006200805
0406010358001200805
0406010358004200805
0406010358006200805
0406010366001200805
0406010366004200805
0406010366006200805
0406010374001200805
0406010374004200805
0406010374006200805
0406010382001200805
0406010382004200805
0406010382006200805
0406010390001200805
0406010390004200805
0406010390006200805
0406010404001200805
0406010404004200805
0406010404006200805
0406010412001200805
0406010412004200805
0406010420001200805
0406010420004200805
0406010420006200805
0406010439001200805
0406010439004200805
0406010439006200805
0406010447001200805
0406010447004200805
0406010447006200805
0406010455001200805
0406010455004200805
0406010455006200805
0406010463001200805
0406010463004200805
0406010463006200805
0406010471001200805
0406010471004200805
0406010471006200805
0406010480001200805
0406010480004200805
0406010480006200805
0406010498001200805
0406010498004200805
0406010498006200805
0406010501001200805
0406010501004200805
0406010501006200805
0406010510001200805
0406010510004200805
0406010528001200805
0406010528004200805
0406010528006200805
0406010536001200805
0406010536004200805
0406010536006200805
0406010544001200805
0406010544004200805
0406010544006200805
0406010552001200805
0406010552004200805
0406010552006200805
0406010560004200805
0406010560006200805
0406010579001200805
0406010579004200805
0406010587004200805
0406010587006200805
0406010595001200805
0406010595004200805
0406010609001200805
0406010609004200805
0406010617001200805
0406010617004200805
0406010625001200805
0406010625004200805
0406010633001200805
0406010633004200805
0406010633006200805
0406010641004200805
0406010641006200805
0406010650004200805
0406010650006200805
0406010668004200805
0406010668006200805
0406010676004200805
0406010676006200805
0406010684004200805
0406010692001200805
0406010692004200805
0406010706001200805
0406010706004200805
0406010714001200805
0406010714004200805
0406010714006200805
0406010730001200805
0406010730004200805
0406010730006200805
0406010749004200805
0406010757001200805
0406010757004200805
0406010757006200805
0406010765001200805
0406010765004200805
0406010765006200805
0406010773001200805
0406010773004200805
0406010781001200805
0406010781004200805
0406010790001200805
0406010790004200805
0406010803001200805
0406010803004200805
0406010811001200805
0406010811004200805
0406010820001200805
0406010820004200805
0406010838001200805
0406010838004200805
0406010838006200805
0406010846001200805
0406010846004200805
0406010846006200805
0406010854004200805
0406010862004200805
0406010862006200805
0406010870004200805
0406010889001200805
0406010889004200805
0406010889006200805
0406010897001200805
0406010897004200805
0406010897006200805
0406010900001200805
0406010900004200805
0406010919004200805
0406010919006200805
0406010927001200805
0406010927004200805
0406010927006200805
0406010935001200805
0406010935004200805
0406010943001200805
0406010943004200805
0406010943006200805
0406010951001200805
0406010951004200805
0406010951006200805
0406010960004200805
0406010978001200805
0406010978004200805
0406010986001200805
0406010986004200805
0406010986006200805
0406010994001200805
0406010994004200805
0406010994006200805
0406011001001200805
0406011001004200805
0406011010001200805
0406011010004200805
0406011028001200805
0406011028004200805
0406011036001200805
0406011036004200805
0406011044001200805
0406011044004200805
0406011052001200805
0406011052004200805
0406011060001200805
0406011079001200805
0406011079004200805
0406011087001200805
0406011087004200805
0406011095001200805
0406011095004200805
0406011109001200805
0406011109004200805
0406011109006200805
0406011117001200805
0406011117004200805
0406011125006200805
0406011133006200805
0406011141001200805
0406011150001200805
0406011150004200805
0406011168001200805
0406011176001200805
0406011176004200805
0406011184001200805
0406011192001200805
0406011192004200805
0406011206001200805
0406011206006200805
0406011214001200805
0406011214004200805
0406011214006200805
0406011222001200805
0406011222004200805
0406011222006200805
0406020019001200805
0406020019004200805
0406020027001200805
0406020035001200805
0406020035004200805
0406020043001200805
0406020043004200805
0406020051001200805
0406020051004200805
0406020051006200805
0406020078001200805
0406020078004200805
0406020108001200805
0406020108004200805
0406020116001200805
0406020116004200805
0406020124001200805
0406020124004200805
0406020159001200805
0406020167001200805
0406020167004200805
0406020191001200805
0406020205001200805
0406020213001200805
0406020221001200805
0406020230001200805
0406020248001200805
0406020248004200805
0406020256001200805
0406020264001200805
0406020272001200805
0406020280001200805
0406020280004200805
0406020302001200805
0406020302004200805
0406020310001200805
0406020310004200805
0406020329001200805
0406020329004200805
0406020337001200805
0406020337004200805
0406020345001200805
0406020345004200805
0406020353001200805
0406020353004200805
0406020361001200805
0406020361004200805
0406020370001200805
0406020370004200805
0406020388001200805
0406020388004200805
0406020396001200805
0406020396004200805
0406020400001200805
0406020400004200805
0406020418001200805
0406020418004200805
0406020426001200805
0406020426004200805
0406020434001200805
0406020434004200805
0406020442001200805
0406020442004200805
0406020450001200805
0406020450004200805
0406020469001200805
0406020469004200805
0406020477001200805
0406020477004200805
0406020485001200805
0406020485004200805
0406020493001200805
0406020493004200805
0406020507001200805
0406020507004200805
0406020515001200805
0406020515004200805
0406020523001200805
0406020523004200805
0406020531001200805
0406020531004200805
0406020540001200805
0406020540004200805
0406020558001200805
0406020558004200805
0406020566001200805
0406020566002200805
0406020566004200805
0406020574001200805
0406020574002200805
0406020574004200805
0406020582001200805
0406020582004200805
0406020582006200805
0406020590001200805
0406020590004200805
0406020604001200805
0406020604004200805
0406030014001200805
0406030014006200805
0406030022001200805
0406030022006200805
0406030030001200805
0406030030006200805
0406030049001200805
0406030049004200805
0406030049006200805
0406030057001200805
0406030057004200805
0406030057006200805
0406030065001200805
0406030065006200805
0406030073001200805
0406030073006200805
0406030081001200805
0406030081006200805
0406030090001200805
0406030090006200805
0406030103001200805
0406030103004200805
0406030103006200805
0406030111001200805
0406030111006200805
0406030120001200805
0406030120006200805
0406030138001200805
0406030138004200805
0406030138006200805
0406030146001200805
0406030146006200805
0406040010001200805
0406040010004200805
0406040028001200805
0406040028004200805
0406040028006200805
0406040044001200805
0406040044004200805
0406040044006200805
0406040052001200805
0406040052004200805
0406040052006200805
0406040060001200805
0406040060004200805
0406040060006200805
0406040079004200805
0406040087001200805
0406040087004200805
0406040087006200805
0406040095001200805
0406040095004200805
0406040095006200805
0406040109001200805
0406040109004200805
0406040109006200805
0406040117001200805
0406040117004200805
0406040125004200805
0406040125006200805
0406040133001200805
0406040133004200805
0406040133006200805
0406040141001200805
0406040141004200805
0406040141006200805
0406040150001200805
0406040150004200805
0406040150006200805
0406040168001200805
0406040168004200805
0406040168006200805
0406040176001200805
0406040176004200805
0406040176006200805
0406040184001200805
0406040184004200805
0406040192001200805
0406040192004200805
0406040206001200805
0406040206004200805
0406040214001200805
0406040214004200805
0406040222001200805
0406040222004200805
0406040230001200805
0406040230004200805
0406040249001200805
0406040249004200805
0406040257001200805
0406040257004200805
0406040265001200805
0406040265006200805
0406040273001200805
0406040273004200805
0406040281001200805
0406040281004200805
0406040290001200805
0406040290004200805
0406040303001200805
0406040303004200805
0406040311001200805
0406040311004200805
0406040320001200805
0406040320004200805
0406040338001200805
0406040338004200805
0406050015001200805
0406050015004200805
0406050015006200805
0406050023001200805
0406050023004200805
0406050023006200805
0406050031001200805
0406050031004200805
0406050031006200805
0406050040001200805
0406050040004200805
0406050040006200805
0406050058001200805
0406050058004200805
0406050058006200805
0406050066001200805
0406050066004200805
0406050066006200805
0406050074001200805
0406050074004200805
0406050074006200805
0406050082001200805
0406050082004200805
0406050082006200805
0406050090001200805
0406050090004200805
0406050104001200805
0406050104004200805
0406050104006200805
0406050112001200805
0406050112004200805
0406050112006200805
0406050120001200805
0406050120004200805
0406050120006200805
0406050139001200805
0406050139004200805
0406050139006200805
0407010017001200805
0407010017004200805
0407010017006200805
0407010033001200805
0407010033004200805
0407010041001200805
0407010041004200805
0407010050001200805
0407010050004200805
0407010068001200805
0407010068004200805
0407010076001200805
0407010076004200805
0407010084001200805
0407010084004200805
0407010092001200805
0407010092004200805
0407010106001200805
0407010106004200805
0407010114001200805
0407010114004200805
0407010122001200805
0407010122004200805
0407010130001200805
0407010130004200805
0407010149001200805
0407010149004200805
0407010157001200805
0407010157004200805
0407010165001200805
0407010165004200805
0407010173001200805
0407010173004200805
0407010173006200805
0407010181001200805
0407010181004200805
0407010181006200805
0407010190001200805
0407010190004200805
0407010203001200805
0407010203004200805
0407010211001200805
0407010211004200805
0407010220001200805
0407010220004200805
0407010238001200805
0407010238004200805
0407010262001200805
0407010270001200805
0407010270004200805
0407010289001200805
0407010289004200805
0407010297001200805
0407010297004200805
0407010300001200805
0407010300004200805
0407010319001200805
0407010335001200805
0407010335004200805
0407010343001200805
0407010343004200805
0407010351001200805
0407010351004200805
0407020012001200805
0407020012004200805
0407020020001200805
0407020020004200805
0407020039001200805
0407020039004200805
0407020047001200805
0407020047004200805
0407020055001200805
0407020063001200805
0407020063004200805
0407020071001200805
0407020071004200805
0407020080001200805
0407020080004200805
0407020098001200805
0407020098004200805
0407020101001200805
0407020101004200805
0407020110001200805
0407020110004200805
0407020136001200805
0407020136004200805
0407020144001200805
0407020144004200805
0407020152001200805
0407020152004200805
0407020179001200805
0407020179004200805
0407020187001200805
0407020187004200805
0407020195001200805
0407020195004200805
0407020209001200805
0407020209004200805
0407020217001200805
0407020217004200805
0407020225001200805
0407020225002200805
0407020225004200805
0407020233001200805
0407020233004200805
0407020241001200805
0407020241004200805
0407020250001200805
0407020250004200805
0407020268001200805
0407020268004200805
0407020276001200805
0407020276002200805
0407020276004200805
0407020284001200805
0407020284002200805
0407020284004200805
0407020292001200805
0407020292004200805
0407020306001200805
0407020306004200805
0407020322001200805
0407020322004200805
0407020330001200805
0407020330004200805
0407020349001200805
0407020349004200805
0407020357001200805
0407020357004200805
0407020365001200805
0407020365004200805
0407020381001200805
0407020381004200805
0407020403001200805
0407020403004200805
0407020411001200805
0407020411004200805
0407020420001200805
0407020420004200805
0407020438001200805
0407020438004200805
0407020446001200805
0407020446004200805
0407020454001200805
0407020454004200805
0407020462001200805
0407020462004200805
0407020470001200805
0407020470004200805
0407030018001200805
0407030018004200805
0407030026001200805
0407030026002200805
0407030026004200805
0407030034001200805
0407030034002200805
0407030034004200805
0407030042001200805
0407030042004200805
0407030050001200805
0407030050004200805
0407030069001200805
0407030069002200805
0407030069004200805
0407030077001200805
0407030077004200805
0407030123001200805
0407030123004200805
0407030131001200805
0407030131004200805
0407030140001200805
0407030140004200805
0407030158001200805
0407030158004200805
0407030166001200805
0407030166004200805
0407030174001200805
0407030174004200805
0407030182001200805
0407030182004200805
0407030190001200805
0407030190004200805
0407030204001200805
0407030204004200805
0407030212001200805
0407030212004200805
0407030220001200805
0407030220004200805
0407030247001200805
0407030247004200805
0407040013001200805
0407040013004200805
0407040021001200805
0407040021004200805
0407040030001200805
0407040030004200805
0407040048001200805
0407040048004200805
0407040056001200805
0407040056004200805
0407040064001200805
0407040064002200805
0407040064004200805
0407040072001200805
0407040072004200805
0407040080001200805
0407040080002200805
0407040080004200805
0407040099001200805
0407040099002200805
0407040099004200805
0407040102001200805
0407040102002200805
0407040102004200805
0407040110001200805
0407040110002200805
0407040110004200805
0407040129001200805
0407040129002200805
0407040129004200805
0407040137001200805
0407040137004200805
0407040145001200805
0407040145004200805
0407040153001200805
0407040153004200805
0407040161001200805
0407040161004200805
0407040170001200805
0407040170004200805
0407040188001200805
0407040188004200805
0407040200001200805
0407040200004200805
0407040226001200805
0407040226002200805
0407040226004200805
0407040234001200805
0407040234004200805
0407040242001200805
0407040242004200805
0407040250001200805
0407040250004200805
0407040269001200805
0407040269004200805
0408010010001200805
0408010010004200805
0408010010006200805
0408010029001200805
0408010029004200805
0408010037001200805
0408010037004200805
0408010037006200805
0408010045001200805
0408010045004200805
0408010045006200805
0408010053001200805
0408010053004200805
0408010053006200805
0408010061001200805
0408010061004200805
0408010070001200805
0408010070004200805
0408010088001200805
0408010088004200805
0408010088006200805
0408010096001200805
0408010096004200805
0408010100001200805
0408010100004200805
0408010118001200805
0408010118004200805
0408010134001200805
0408010134004200805
0408010142001200805
0408010142004200805
0408010150001200805
0408010150004200805
0408010169001200805
0408010169004200805
0408010177001200805
0408010177004200805
0408010185001200805
0408010185004200805
0408010193001200805
0408010193004200805
0408010207001200805
0408010207004200805
0408010215001200805
0408010215004200805
0408010223001200805
0408010223004200805
0408010231001200805
0408020016001200805
0408020016004200805
0408020024001200805
0408020024004200805
0408020032001200805
0408020032004200805
0408020040001200805
0408020040004200805
0408020059001200805
0408020059004200805
0408020067001200805
0408020067004200805
0408020067006200805
0408020075001200805
0408020075004200805
0408020083001200805
0408020083004200805
0408020083006200805
0408020091001200805
0408020091004200805
0408020105001200805
0408020105004200805
0408020121001200805
0408020121004200805
0408020130001200805
0408020130004200805
0408020148001200805
0408020148004200805
0408020156004200805
0408020164004200805
0408020172004200805
0408020180004200805
0408020199004200805
0408020202004200805
0408020210004200805
0408020229004200805
0408020237001200805
0408020237004200805
0408020245001200805
0408020245004200805
0408020253001200805
0408020253004200805
0408020261001200805
0408020261004200805
0408020270001200805
0408020270004200805
0408020288001200805
0408020288004200805
0408020288006200805
0408020296001200805
0408020296004200805
0408020300001200805
0408020300004200805
0408020318001200805
0408020318004200805
0408020318006200805
0408020326001200805
0408020326004200805
0408020334001200805
0408020334004200805
0408020342001200805
0408020342004200805
0408020350001200805
0408020350004200805
0408020369001200805
0408020369004200805
0408020377001200805
0408020377004200805
0408020385001200805
0408020385004200805
0408020393001200805
0408020393004200805
0408020407001200805
0408020407004200805
0408020415001200805
0408020415004200805
0408020423001200805
0408020423004200805
0408020431001200805
0408020431004200805
0408020440001200805
0408020440004200805
0408020458001200805
0408020458004200805
0408020466001200805
0408020466004200805
0408020474001200805
0408020474004200805
0408020482001200805
0408020482004200805
0408020490001200805
0408020490004200805
0408020504001200805
0408020504004200805
0408020512001200805
0408020512004200805
0408020520001200805
0408020520004200805
0408020539001200805
0408020539004200805
0408020547001200805
0408020547004200805
0408020555001200805
0408020555004200805
0408020563001200805
0408020563004200805
0408020571001200805
0408020571004200805
0408020580001200805
0408020580004200805
0408020598001200805
0408020598004200805
0408020601001200805
0408020601004200805
0408020610001200805
0408020610004200805
0408020628001200805
0408020628004200805
0408020636001200805
0408020636004200805
0408020644001200805
0408020644004200805
0408020644006200805
0408030011001200805
0408030011004200805
0408030020001200805
0408030020004200805
0408030020006200805
0408030038001200805
0408030038004200805
0408030038006200805
0408030046001200805
0408030046004200805
0408030054001200805
0408030054004200805
0408030054006200805
0408030062001200805
0408030062004200805
0408030062006200805
0408030070001200805
0408030070004200805
0408030089001200805
0408030089004200805
0408030089006200805
0408030097001200805
0408030097004200805
0408030100001200805
0408030100004200805
0408030119001200805
0408030119004200805
0408030127001200805
0408030127004200805
0408030127006200805
0408030135001200805
0408030135004200805
0408030135006200805
0408030143001200805
0408030143004200805
0408030143006200805
0408030151001200805
0408030151004200805
0408030160001200805
0408030160004200805
0408030178001200805
0408030178004200805
0408030178006200805
0408030186001200805
0408030186004200805
0408030194001200805
0408030194004200805
0408030208001200805
0408030208004200805
0408030216001200805
0408030216004200805
0408030224001200805
0408030224004200805
0408030232001200805
0408030232004200805
0408030240001200805
0408030240004200805
0408030240006200805
0408030259001200805
0408030259004200805
0408030267001200805
0408030267004200805
0408030275001200805
0408030275004200805
0408030283001200805
0408030283004200805
0408030291001200805
0408030291004200805
0408030305001200805
0408030305004200805
0408030313001200805
0408030313004200805
0408030321001200805
0408030321004200805
0408030330001200805
0408030330004200805
0408030348001200805
0408030348004200805
0408030356001200805
0408030356004200805
0408030356006200805
0408030364001200805
0408030364004200805
0408030364006200805
0408030372001200805
0408030372004200805
0408030380001200805
0408030380004200805
0408030399001200805
0408030399004200805
0408030402001200805
0408030402004200805
0408030410001200805
0408030410004200805
0408030429001200805
0408030429004200805
0408030437001200805
0408030437004200805
0408030445001200805
0408030445004200805
0408030453001200805
0408030453003200805
0408030461001200805
0408030461004200805
0408030470001200805
0408030470004200805
0408030500001200805
0408030500004200805
0408030500006200805
0408030518001200805
0408030518004200805
0408030526001200805
0408030526004200805
0408030534001200805
0408030534004200805
0408030542001200805
0408030542004200805
0408030550001200805
0408030550004200805
0408030550006200805
0408030569001200805
0408030569004200805
0408030569006200805
0408030577001200805
0408030577004200805
0408030585001200805
0408030585004200805
0408030593001200805
0408030593004200805
0408030607001200805
0408030607004200805
0408030615001200805
0408030615004200805
0408030615006200805
0408030623001200805
0408030623004200805
0408030623006200805
0408030631001200805
0408030631004200805
0408030640001200805
0408030640003200805
0408030658001200805
0408030658004200805
0408030666001200805
0408030666004200805
0408030674001200805
0408030674004200805
0408030682001200805
0408030682004200805
0408030690001200805
0408030690004200805
0408030704001200805
0408030704004200805
0408030712001200805
0408030712004200805
0408030720001200805
0408030720004200805
0408030739001200805
0408030739004200805
0408030747001200805
0408030747004200805
0408030755001200805
0408030755004200805
0408030763001200805
0408030763004200805
0408030771001200805
0408030771004200805
0408030771006200805
0408030780001200805
0408030780004200805
0408030798001200805
0408030798004200805
0408030798006200805
0408030801001200805
0408030801004200805
0408030810001200805
0408030810004200805
0408030828001200805
0408030828004200805
0408030836001200805
0408030836004200805
0408030844001200805
0408030844004200805
0408030852001200805
0408030852004200805
0408030860001200805
0408030860004200805
0408030879001200805
0408030879004200805
0408030887001200805
0408030887004200805
0408030895001200805
0408030895004200805
0408030909001200805
0408030909004200805
0408030917001200805
0408030917004200805
0408040017001200805
0408040025001200805
0408040033001200805
0408040033004200805
0408040041001200805
0408040041004200805
0408040041006200805
0408040050001200805
0408040050004200805
0408040068001200805
0408040068004200805
0408040068006200805
0408040076001200805
0408040076004200805
0408040076006200805
0408040084001200805
0408040084004200805
0408040092001200805
0408040092004200805
0408040092006200805
0408040106001200805
0408040106004200805
0408040114001200805
0408040114004200805
0408040114006200805
0408040122001200805
0408040122004200805
0408040130001200805
0408040130004200805
0408040149001200805
0408040149004200805
0408040157001200805
0408040157004200805
0408040157006200805
0408040165001200805
0408040165004200805
0408040165006200805
0408040173001200805
0408040173004200805
0408040181001200805
0408040181004200805
0408040190001200805
0408040190004200805
0408040203001200805
0408040203004200805
0408040220001200805
0408040220006200805
0408040238001200805
0408040238004200805
0408040238006200805
0408040246001200805
0408040246004200805
0408040254001200805
0408040254004200805
0408040254006200805
0408040262001200805
0408040262004200805
0408040270001200805
0408040270004200805
0408040289001200805
0408040289004200805
0408040289006200805
0408040297001200805
0408040297004200805
0408040300001200805
0408040300004200805
0408040319001200805
0408040319004200805
0408040319006200805
0408040327001200805
0408040327004200805
0408040335001200805
0408040335004200805
0408040343001200805
0408040343004200805
0408050012001200805
0408050012004200805
0408050020001200805
0408050020004200805
0408050039001200805
0408050039002200805
0408050039004200805
0408050047001200805
0408050047004200805
0408050047006200805
0408050055001200805
0408050055004200805
0408050055006200805
0408050063001200805
0408050063004200805
0408050063006200805
0408050071001200805
0408050071004200805
0408050071006200805
0408050080001200805
0408050080004200805
0408050101001200805
0408050101004200805
0408050110001200805
0408050110004200805
0408050128001200805
0408050128004200805
0408050136001200805
0408050136004200805
0408050144001200805
0408050144004200805
0408050152001200805
0408050152004200805
0408050160001200805
0408050160004200805
0408050160006200805
0408050179001200805
0408050179004200805
0408050187001200805
0408050187004200805
0408050187006200805
0408050195004200805
0408050209004200805
0408050217004200805
0408050225004200805
0408050233004200805
0408050241004200805
0408050250004200805
0408050268001200805
0408050268004200805
0408050276001200805
0408050276004200805
0408050284001200805
0408050284004200805
0408050292001200805
0408050292004200805
0408050306001200805
0408050306004200805
0408050314001200805
0408050314004200805
0408050322001200805
0408050322004200805
0408050330001200805
0408050330004200805
0408050349001200805
0408050349004200805
0408050349006200805
0408050357001200805
0408050357004200805
0408050365001200805
0408050365004200805
0408050373001200805
0408050373004200805
0408050381001200805
0408050381004200805
0408050390001200805
0408050390004200805
0408050403001200805
0408050403004200805
0408050411001200805
0408050411004200805
0408050420001200805
0408050420004200805
0408050438001200805
0408050438004200805
0408050446001200805
0408050446004200805
0408050454001200805
0408050454004200805
0408050462001200805
0408050462004200805
0408050470001200805
0408050470004200805
0408050489001200805
0408050489004200805
0408050497001200805
0408050497004200805
0408050500001200805
0408050500004200805
0408050519001200805
0408050519004200805
0408050527001200805
0408050527004200805
0408050535001200805
0408050535004200805
0408050543001200805
0408050543004200805
0408050543006200805
0408050551001200805
0408050551004200805
0408050560001200805
0408050560004200805
0408050578001200805
0408050578004200805
0408050586001200805
0408050586004200805
0408050594001200805
0408050594004200805
0408050608001200805
0408050608004200805
0408050616001200805
0408050616004200805
0408050624001200805
0408050624004200805
0408050632001200805
0408050632004200805
0408050640001200805
0408050640004200805
0408050659001200805
0408050659004200805
0408050667001200805
0408050667004200805
0408050675001200805
0408050675004200805
0408050683001200805
0408050683004200805
0408050691001200805
0408050691004200805
0408050705001200805
0408050705004200805
0408050713001200805
0408050713004200805
0408050721001200805
0408050721004200805
0408050730001200805
0408050730004200805
0408050748001200805
0408050748004200805
0408050756001200805
0408050756004200805
0408050756006200805
0408050764001200805
0408050764002200805
0408050764004200805
0408050772001200805
0408050772004200805
0408050772006200805
0408050780001200805
0408050780004200805
0408050799001200805
0408050799004200805
0408050802001200805
0408050802004200805
0408050810001200805
0408050810004200805
0408050829001200805
0408050829004200805
0408050837001200805
0408050837004200805
0408050845001200805
0408050845004200805
0408050853001200805
0408050853004200805
0408050853006200805
0408050861001200805
0408050861004200805
0408050870001200805
0408050870004200805
0408050888001200805
0408050888004200805
0408050888006200805
0408050896001200805
0408050896002200805
0408050896004200805
0408050900001200805
0408050900004200805
0408050918001200805
0408050918002200805
0408050918004200805
0408050926001200805
0408050926004200805
0408060018001200805
0408060018004200805
0408060026001200805
0408060026004200805
0408060026006200805
0408060034001200805
0408060034004200805
0408060034006200805
0408060042001200805
0408060042004200805
0408060050001200805
0408060050004200805
0408060069001200805
0408060069002200805
0408060069004200805
0408060069006200805
0408060077001200805
0408060077004200805
0408060077006200805
0408060085001200805
0408060085004200805
0408060093001200805
0408060093004200805
0408060107001200805
0408060107004200805
0408060107006200805
0408060115001200805
0408060115004200805
0408060115006200805
0408060123001200805
0408060123002200805
0408060123004200805
0408060131001200805
0408060131004200805
0408060140001200805
0408060140002200805
0408060140004200805
0408060158001200805
0408060158004200805
0408060166001200805
0408060174001200805
0408060174004200805
0408060182001200805
0408060182004200805
0408060190001200805
0408060190002200805
0408060190004200805
0408060204001200805
0408060204004200805
0408060212001200805
0408060212004200805
0408060239001200805
0408060239004200805
0408060239006200805
0408060247001200805
0408060247004200805
0408060255001200805
0408060255004200805
0408060255006200805
0408060263001200805
0408060263004200805
0408060263006200805
0408060271001200805
0408060271004200805
0408060280001200805
0408060280004200805
0408060298001200805
0408060298004200805
0408060298006200805
0408060301001200805
0408060301004200805
0408060310001200805
0408060310004200805
0408060328001200805
0408060336001200805
0408060336004200805
0408060344001200805
0408060344004200805
0408060352001200805
0408060352004200805
0408060360001200805
0408060360004200805
0408060379001200805
0408060379004200805
0408060387001200805
0408060387004200805
0408060395001200805
0408060409001200805
0408060409002200805
0408060409004200805
0408060417001200805
0408060417004200805
0408060425001200805
0408060425004200805
0408060433001200805
0408060433004200805
0408060441001200805
0408060441004200805
0408060450001200805
0408060450004200805
0408060468001200805
0408060468004200805
0408060476001200805
0408060476004200805
0408060484001200805
0408060484002200805
0408060484004200805
0408060492001200805
0408060492004200805
0408060492006200805
0408060506001200805
0408060506004200805
0408060506006200805
0408060514001200805
0408060514004200805
0408060514006200805
0408060522001200805
0408060522004200805
0408060522006200805
0408060530001200805
0408060530004200805
0408060530006200805
0408060549001200805
0408060557001200805
0408060557004200805
0408060565001200805
0408060565004200805
0408060573001200805
0408060573002200805
0408060573004200805
0408060581001200805
0408060581004200805
0408060590001200805
0408060590002200805
0408060590004200805
0408060603001200805
0408060603004200805
0408060611001200805
0408060611004200805
0408060620001200805
0408060620004200805
0408060620006200805
0408060638001200805
0408060638004200805
0408060646001200805
0408060646004200805
0408060646006200805
0408060662001200805
0408060662004200805
0408060670001200805
0408060670002200805
0408060670004200805
0408060697001200805
0408060697004200805
0408060700001200805
0408060700004200805
0409010014001200805
0409010014004200805
0409010022001200805
0409010022004200805
0409010030001200805
0409010030004200805
0409010049001200805
0409010049004200805
0409010057001200805
0409010057004200805
0409010065001200805
0409010065004200805
0409010073001200805
0409010073004200805
0409010081001200805
0409010081004200805
0409010090001200805
0409010090004200805
0409010103001200805
0409010111001200805
0409010120001200805
0409010120004200805
0409010138001200805
0409010138004200805
0409010146001200805
0409010146004200805
0409010154001200805
0409010162001200805
0409010170001200805
0409010170004200805
0409010189001200805
0409010189004200805
0409010197001200805
0409010197004200805
0409010200001200805
0409010200004200805
0409010219001200805
0409010219004200805
0409010227001200805
0409010227004200805
0409010235001200805
0409010235004200805
0409010243001200805
0409010243004200805
0409010251001200805
0409010251004200805
0409010260001200805
0409010260004200805
0409010278001200805
0409010286001200805
0409010286004200805
0409010294001200805
0409010294004200805
0409010308001200805
0409010308004200805
0409010316001200805
0409010316004200805
0409010324001200805
0409010324004200805
0409010332001200805
0409010332004200805
0409010340001200805
0409010340004200805
0409010367001200805
0409010367004200805
0409010375001200805
0409010375004200805
0409010383001200805
0409010383004200805
0409010391001200805
0409010391004200805
0409010405001200805
0409010405004200805
0409010413001200805
0409010413004200805
0409010421001200805
0409010430001200805
0409010430004200805
0409010448001200805
0409010456001200805
0409010456004200805
0409010464001200805
0409010464004200805
0409010472001200805
0409010472004200805
0409010480001200805
0409010480004200805
0409010499001200805
0409010499002200805
0409010499004200805
0409010502001200805
0409010502004200805
0409010510001200805
0409010510004200805
0409010529001200805
0409010529004200805
0409010537001200805
0409010537004200805
0409010545001200805
0409010545004200805
0409010553001200805
0409010553004200805
0409010561001200805
0409010561004200805
0409010570001200805
0409010570004200805
0409010588001200805
0409010588004200805
0409020010001200805
0409020010004200805
0409020028001200805
0409020028004200805
0409020044001200805
0409020044004200805
0409020052001200805
0409020052004200805
0409020060001200805
0409020079001200805
0409020079004200805
0409020087001200805
0409020087004200805
0409020095001200805
0409020095004200805
0409020109001200805
0409020109004200805
0409020117001200805
0409020125001200805
0409020125004200805
0409020133001200805
0409020133004200805
0409020141001200805
0409020141004200805
0409020150001200805
0409020150004200805
0409020168001200805
0409020168004200805
0409020176001200805
0409020184001200805
0409030015001200805
0409030015004200805
0409030023001200805
0409030023002200805
0409030023004200805
0409030031001200805
0409030031004200805
0409030040001200805
0409030040002200805
0409030040004200805
0409040010001200805
0409040010004200805
0409040037001200805
0409040037004200805
0409040045001200805
0409040045004200805
0409040053001200805
0409040053004200805
0409040070001200805
0409040070004200805
0409040088001200805
0409040096001200805
0409040096004200805
0409040100001200805
0409040118001200805
0409040118004200805
0409040126001200805
0409040126004200805
0409040134001200805
0409040134002200805
0409040134004200805
0409040142001200805
0409040142004200805
0409040150001200805
0409040150004200805
0409040169001200805
0409040169004200805
0409040177001200805
0409040177004200805
0409040185001200805
0409040185004200805
0409040193001200805
0409040193004200805
0409040207001200805
0409040207004200805
0409040215001200805
0409040215002200805
0409040215004200805
0409040223001200805
0409040223004200805
0409040231001200805
0409040231002200805
0409040231004200805
0409040240001200805
0409040240002200805
0409040240004200805
0409050016001200805
0409050016004200805
0409050024001200805
0409050024004200805
0409050032001200805
0409050032002200805
0409050032004200805
0409050040001200805
0409050040002200805
0409050040004200805
0409050059001200805
0409050067001200805
0409050075001200805
0409050075004200805
0409050083001200805
0409050083002200805
0409050083004200805
0409050091001200805
0409050091004200805
0409050105001200805
0409050105004200805
0409050113001200805
0409050113004200805
0409060011001200805
0409060011004200805
0409060020001200805
0409060020002200805
0409060020004200805
0409060038001200805
0409060038002200805
0409060038004200805
0409060046001200805
0409060046002200805
0409060046004200805
0409060054001200805
0409060054004200805
0409060062001200805
0409060070001200805
0409060089001200805
0409060097001200805
0409060100001200805
0409060100002200805
0409060100004200805
0409060119001200805
0409060119002200805
0409060119004200805
0409060127001200805
0409060127004200805
0409060135001200805
0409060135002200805
0409060135004200805
0409060143001200805
0409060143004200805
0409060151001200805
0409060151004200805
0409060160001200805
0409060160004200805
0409060178001200805
0409060178002200805
0409060178004200805
0409060186001200805
0409060186002200805
0409060186004200805
0409060194001200805
0409060194002200805
0409060194004200805
0409060208001200805
0409060208002200805
0409060208004200805
0409060216001200805
0409060216002200805
0409060216004200805
0409060224001200805
0409060224004200805
0409060232001200805
0409060240001200805
0409060259001200805
0409060259004200805
0409060267001200805
0409060275001200805
0409060283001200805
0409060283004200805
0409070017001200805
0409070017004200805
0409070025001200805
0409070025004200805
0409070033001200805
0409070033004200805
0409070041001200805
0409070041004200805
0409070050001200805
0409070050002200805
0409070050004200805
0409070068001200805
0409070068004200805
0409070076001200805
0409070076004200805
0409070084001200805
0409070084004200805
0409070092001200805
0409070106001200805
0409070106004200805
0409070114001200805
0409070114004200805
0409070130001200805
0409070149001200805
0409070157001200805
0409070157002200805
0409070173001200805
0409070190001200805
0409070203001200805
0409070203004200805
0409070211001200805
0409070211004200805
0409070220001200805
0409070238001200805
0409070238004200805
0409070246001200805
0409070246004200805
0409070254001200805
0409070254004200805
0409070262001200805
0409070262004200805
0409070270001200805
0409070270002200805
0409070270004200805
0409070289001200805
0409070289004200805
0409070297001200805
0409070297004200805
0409070300001200805
0409070300004200805
0410010014001200805
0410010057001200805
0410010057004200805
0410010065001200805
0410010065002200805
0410010065004200805
0410010073001200805
0410010073004200805
0410010081001200805
0410010081004200805
0410010090001200805
0410010090004200805
0410010111004200805
0410010120001200805
0410010120004200805
0411010018001200805
0411010026004200805
0411010026010200805
0411010034004200805
0411010034010200805
0411010042004200805
0411010042010200805
0411010050001200805
0411010050004200805
0411010077001200805
0411010077004200805
0411010085001200805
0411010085004200805
0411020013001200805
0411020013004200805
0411020021001200805
0411020021004200805
0411020030001200805
0411020030004200805
0411020048001200805
0411020048004200805
0411020056001200805
0411020056004200805
0412010011001200805
0412010011004200805
0412010020001200805
0412010020004200805
0412010038001200805
0412010038004200805
0412010046001200805
0412010046004200805
0412010054001200805
0412010054004200805
0412010070001200805
0412010070004200805
0412010089001200805
0412010089004200805
0412010097001200805
0412010097004200805
0412010100001200805
0412010100004200805
0412010119001200805
0412010119004200805
0412010127001200805
0412010135001200805
0412010135004200805
0412010143001200805
0412010143004200805
0412020017001200805
0412020017004200805
0412020025001200805
0412020025004200805
0412020033001200805
0412020033004200805
0412020041001200805
0412020041004200805
0412020050001200805
0412020050004200805
0412020068001200805
0412020068004200805
0412020076001200805
0412020076004200805
0412020084001200805
0412020084004200805
0412030012001200805
0412030012004200805
0412030047001200805
0412030047004200805
0412030080001200805
0412030080004200805
0412040018001200805
0412040018004200805
0412040026001200805
0412040026004200805
0412040034001200805
0412040034004200805
0412040042001200805
0412040042004200805
0412040050001200805
0412040050004200805
0412040069001200805
0412040069004200805
0412040077001200805
0412040077004200805
0412040085001200805
0412040085004200805
0412040093001200805
0412040093004200805
0412040107001200805
0412040107004200805
0412040115001200805
0412040115004200805
0412040123001200805
0412040123004200805
0412040131001200805
0412040131004200805
0412040158001200805
0412040158004200805
0412040166004200805
0412040174001200805
0412040174004200805
0412040182001200805
0412040182004200805
0412040190001200805
0412040190004200805
0412040204001200805
0412040204004200805
0412040212001200805
0412040212004200805
0412040220001200805
0412040220004200805
0412050013001200805
0412050013004200805
0412050021001200805
0412050021004200805
0412050030001200805
0412050030004200805
0412050048001200805
0412050048004200805
0412050056001200805
0412050056004200805
0412050064001200805
0412050064004200805
0412050072001200805
0412050072004200805
0412050080001200805
0412050080004200805
0412050099001200805
0412050099004200805
0412050102001200805
0412050102004200805
0412050110001200805
0412050110004200805
0412050137001200805
0412050137004200805
0412050145001200805
0412050145004200805
0412050153001200805
0412050153004200805
0413010015001200805
0413010066004200805
0413010082004200805
0413030016001200805
0413030016004200805
0413030024001200805
0413030024004200805
0413030032001200805
0413030032004200805
0413030040001200805
0413030059001200805
0413030059004200805
0413030067001200805
0413030067004200805
0413030075001200805
0413030075004200805
0413030083001200805
0413030083004200805
0413040020001200805
0413040020004200805
0413040038001200805
0413040038004200805
0413040046001200805
0413040046004200805
0413040054001200805
0413040054004200805
0413040054006200805
0413040062001200805
0413040062004200805
0413040062006200805
0413040070001200805
0413040070004200805
0413040070006200805
0413040089001200805
0413040089004200805
0413040089006200805
0413040097001200805
0413040097004200805
0413040100001200805
0413040100004200805
0413040119001200805
0413040119004200805
0413040127001200805
0413040127004200805
0413040135001200805
0413040135004200805
0413040143001200805
0413040143004200805
0413040151001200805
0413040151004200805
0413040160001200805
0413040160004200805
0413040178001200805
0413040178004200805
0413040186001200805
0413040186004200805
0413040194001200805
0413040194004200805
0413040208001200805
0413040208004200805
0413040216001200805
0413040216004200805
0413040224001200805
0413040224004200805
0413040232001200805
0413040232004200805
0413040240001200805
0413040240004200805
0414010027001200805
0414010027004200805
0414010027006200805
0414010035001200805
0414010035006200805
0414010043001200805
0414010043004200805
0414010051001200805
0414010051004200805
0414010060001200805
0414010060004200805
0414010078001200805
0414010078004200805
0414010086004200805
0414010094001200805
0414010094004200805
0414010108001200805
0414010108004200805
0414010116001200805
0414010116004200805
0414010124001200805
0414010124004200805
0414010132001200805
0414010132004200805
0414010140001200805
0414010140004200805
0414010159001200805
0414010159004200805
0414010167001200805
0414010167004200805
0414010175004200805
0414010183004200805
0414010191004200805
0414010205004200805
0414010230001200805
0414010230004200805
0414010248001200805
0414010248004200805
0414010256001200805
0414010256004200805
0414010264001200805
0414010264004200805
0414010272001200805
0414010272004200805
0414010280001200805
0414010280004200805
0414010329001200805
0414010329004200805
0414020103004200805
0414020111004200805
0414020197001200805
0414020197004200805
0415010012001200805
0415010012004200805
0415010012008200805
0415020018001200805
0415020018004200805
0415020018006200805
0415020018008200805
0415020018009200805
0415020026001200805
0415020026004200805
0415020026008200805
0415030013001200805
0415030013004200805
0415030013008200805
0415040027001200805
0415040027004200805
0415040035001200805
0415040035004200805
0416010016001200805
0416010016004200805
0416010016006200805
0416010024001200805
0416010024004200805
0416010024006200805
0416010032001200805
0416010032004200805
0416010032006200805
0416010040001200805
0416010040004200805
0416010040006200805
0416010059001200805
0416010059004200805
0416010059006200805
0416010067001200805
0416010067004200805
0416010067006200805
0416010075001200805
0416010075004200805
0416010075006200805
0416010083001200805
0416010083004200805
0416010083006200805
0416010091001200805
0416010091004200805
0416010091006200805
0416010105001200805
0416010105004200805
0416010105006200805
0416010113001200805
0416010113004200805
0416010113006200805
0416010121001200805
0416010121004200805
0416010121006200805
0416010130001200805
0416010130004200805
0416010130006200805
0416010148001200805
0416010148004200805
0416010148006200805
0416010156001200805
0416010156004200805
0416010156006200805
0416010164001200805
0416010164004200805
0416010164006200805
0416010172001200805
0416010172004200805
0416010180001200805
0416010180004200805
0416010180006200805
0416010199001200805
0416010199004200805
0416010199006200805
0416020011001200805
0416020011004200805
0416020011006200805
0416020020001200805
0416020020004200805
0416020020006200805
0416020038001200805
0416020038004200805
0416020038006200805
0416020046001200805
0416020046004200805
0416020046006200805
0416020054001200805
0416020054004200805
0416020054006200805
0416020062001200805
0416020062004200805
0416020062006200805
0416020070001200805
0416020070004200805
0416020070006200805
0416020089001200805
0416020089004200805
0416020089006200805
0416020097001200805
0416020097004200805
0416020097006200805
0416020100001200805
0416020100004200805
0416020119001200805
0416020119004200805
0416020119006200805
0416020127001200805
0416020127004200805
0416020127006200805
0416020135001200805
0416020135004200805
0416020143001200805
0416020143004200805
0416020143006200805
0416030017001200805
0416030017004200805
0416030025001200805
0416030025004200805
0416030033001200805
0416030033004200805
0416030033006200805
0416030041001200805
0416030041004200805
0416030041006200805
0416030050001200805
0416030050004200805
0416030050006200805
0416030068001200805
0416030068004200805
0416030068006200805
0416030076001200805
0416030076004200805
0416030076006200805
0416030084001200805
0416030084004200805
0416030084006200805
0416030092001200805
0416030092004200805
0416030092006200805
0416030106001200805
0416030106004200805
0416030106006200805
0416030114001200805
0416030114004200805
0416030114006200805
0416030122001200805
0416030122004200805
0416030122006200805
0416030130001200805
0416030130004200805
0416040012001200805
0416040012004200805
0416040012006200805
0416040020001200805
0416040020004200805
0416040020006200805
0416040039001200805
0416040039004200805
0416040039006200805
0416040047001200805
0416040047004200805
0416040047006200805
0416040055001200805
0416040055004200805
0416040055006200805
0416040063001200805
0416040063004200805
0416040071001200805
0416040071004200805
0416040071006200805
0416040080001200805
0416040080004200805
0416040080006200805
0416040098001200805
0416040098004200805
0416040101001200805
0416040101004200805
0416040101006200805
0416040110001200805
0416040110004200805
0416040110006200805
0416040128001200805
0416040128004200805
0416040128006200805
0416040136001200805
0416040136004200805
0416040136006200805
0416040144001200805
0416040144004200805
0416040144006200805
0416040152001200805
0416040152004200805
0416040152006200805
0416040160001200805
0416040160004200805
0416040160006200805
0416050018001200805
0416050018004200805
0416050018006200805
0416050026001200805
0416050026004200805
0416050026006200805
0416050034001200805
0416050034004200805
0416050034006200805
0416050042001200805
0416050042004200805
0416050050001200805
0416050050004200805
0416050050006200805
0416050069001200805
0416050069004200805
0416050069006200805
0416050077001200805
0416050077004200805
0416050077006200805
0416050085001200805
0416050085004200805
0416050085006200805
0416060013001200805
0416060013004200805
0416060013006200805
0416060021001200805
0416060021004200805
0416060021006200805
0416060030001200805
0416060030004200805
0416060030006200805
0416060048001200805
0416060048004200805
0416060048006200805
0416060056001200805
0416060056004200805
0416060056006200805
0416060064001200805
0416060064004200805
0416060064006200805
0416060072001200805
0416060072004200805
0416060072006200805
0416060080001200805
0416060080004200805
0416060080006200805
0416060099001200805
0416060099004200805
0416060099006200805
0416060102001200805
0416060102004200805
0416060102006200805
0416070019001200805
0416070019004200805
0416070019006200805
0416070027001200805
0416070027004200805
0416070027006200805
0416070035001200805
0416070035004200805
0416070035006200805
0416080014001200805
0416080014004200805
0416080022001200805
0416080022004200805
0416080022006200805
0416080030001200805
0416080030004200805
0416080030006200805
0416080049001200805
0416080049004200805
0416080057001200805
0416080057004200805
0416080065001200805
0416080065004200805
0416080073001200805
0416080073004200805
0416080073006200805
0416080081001200805
0416080081004200805
0416080081006200805
0416080090001200805
0416080090004200805
0416080090006200805
0416080103001200805
0416080103004200805
0416080103006200805
0416090010001200805
0416090010004200805
0416090010006200805
0416090028001200805
0416090028004200805
0416090028006200805
0416090036001200805
0416090036006200805
0416090044001200805
0416090044006200805
0416090052001200805
0416090052004200805
0416090052006200805
0416090060001200805
0416090060004200805
0416090060006200805
0416090079001200805
0416090079004200805
0416090079006200805
0416090087001200805
0416090087006200805
0416090095001200805
0416090095004200805
0416090095006200805
0416090109001200805
0416090109004200805
0416090109006200805
0416110010001200805
0416110010006200805
0416110029001200805
0416110029006200805
0416110037001200805
0416110037004200805
0416110037006200805
0416110045001200805
0416110045006200805
0416110053001200805
0416110053004200805
0416110053006200805
0416120016001200805
0416120016004200805
0416120024001200805
0416120024004200805
0416120024006200805
0416120032001200805
0416120032004200805
0416120032006200805
0416120040001200805
0416120040004200805
0416120040006200805
0416120059001200805
0416120059004200805
0416130011001200805
0416130011004200805
0416130011006200805
0416130020001200805
0416130020004200805
0416130020006200805
0416130038001200805
0416130038004200805
0416130038006200805
0416130046001200805
0416130046004200805
0416130046006200805
0416130054001200805
0416130054004200805
0416130054006200805
0416130062001200805
0416130062004200805
0416130062006200805
0417010044005200805
0417010052005200805
0417010060005200805
0418010013001200805
0418010013009200805
0418010021001200805
0418010021009200805
0418010030001200805
0418010030009200805
0418010048001200805
0418010048009200805
0418010064001200805
0418010080001200805
0418010080009200805
0418010099001200805
0418020019001200805
0418020019009200805
0418020027001200805
0418020027009200805
0418020035001200805
0503010014008200805
0503010022008200805
0503020010001200805
0503020010004200805
0503020028001200805
0503020028004200805
0505010011009200805
0505010020009200805
0505010038009200805
0505010046009200805
0505010054009200805
0505010062009200805
0505010070009200805
0505010089009200805
0505010097001200805
0505010100001200805
0505010119001200805
0505010127001200805
0505020041001200805
0505020041009200805
0505020050001200805
0505020050009200805
0505020068001200805
0505020068009200805
0505020076001200805
0505020076009200805
0505020084001200805
0505020084009200805
0505020092001200805
0505020106001200805
0505020114001200805
0505020114009200805
0506010015009200805
0506010023009200805
0506020010007200805
0506020029007200805
0506020037007200805
0506020045007200805
0601010019009200805
0601010027009200805
0601010035009200805
0601010043009200805
0601020014009200805
0601030010009200805
0601030028009200805
0601040015009200805
0601040023009200805
0601040031009200805
0601040040009200805
0601040058009200805
0601050010009200805
0601050029009200805
0601050037009200805
0601050045009200805
0601050053009200805
0601050061009200805
0601050070009200805
0601050088009200805
0601050096009200805
0601050100009200805
0601050118009200805
0601050126009200805
0601050134009200805
0601050142009200805
0601050150009200805
0601050169009200805
0601060016009200805
0601060024009200805
0601070011009200805
0601070020009200805
0601070038009200805
0601070046009200805
0601070054009200805
0601070062009200805
0601070070009200805
0601070089009200805
0601080017009200805
0601080025009200805
0601080033009200805
0601090012009200805
0601090020009200805
0601090039009200805
0601090047009200805
0601090055009200805
0601090063009200805
0601090080009200805
0601090098009200805
0601090101009200805
0601100018009200805
0601100026009200805
0601100034009200805
0601100042009200805
0601100050009200805
0601100069009200805
0601100077009200805
0601100085009200805
0601100093009200805
0601100107009200805
0601100115009200805
0601100123009200805
0601100131009200805
0601100140009200805
0601100158009200805
0601100166009200805
0601110013009200805
0601110021009200805
0601110030009200805
0601110048009200805
0601110056009200805
0601110064009200805
0601110072009200805
0601110080009200805
0601110099009200805
0601110102009200805
0601110110009200805
0601120019009200805
0601120027009200805
0601120035009200805
0601130014009200805
0601130022009200805
0601140010009200805
0601140028009200805
0601140036009200805
0601140044009200805
0601150015009200805
0601150023009200805
0601160010009200805
0601160029009200805
0601160037009200805
0601170016009200805
0601170024009200805
0601170032009200805
0601170040009200805
0601170059009200805
0601170067009200805
0601170075009200805
0601170083009200805
0601170091009200805
0601170105009200805
0601170113009200805
0601170121009200805
0601170130009200805
0601170148009200805
0601180011009200805
0601180020009200805
0601180038009200805
0601180046009200805
0601180054009200805
0601180062009200805
0601180070009200805
0601180089009200805
0601180097009200805
0601180100009200805
0601180119009200805
0601180127009200805
0601180135009200805
0601180143009200805
0601180151009200805
0601180160009200805
0601180178009200805
0601180186009200805
0601180194009200805
0601180208009200805
0601180216009200805
0601180224009200805
0601180232009200805
0601190017009200805
0601190025009200805
0601190033009200805
0601190041009200805
0601190050009200805
0601190068009200805
0601190076009200805
0601190084009200805
0601190092009200805
0601190106009200805
0601190114009200805
0601190122009200805
0601200012009200805
0601200020009200805
0601200039009200805
0601200047009200805
0601200055009200805
0601200063009200805
0601200071009200805
0601200080009200805
0601200098009200805
0601200101009200805
0601200110009200805
0601200128009200805
0601200136009200805
0601200144009200805
0601200152009200805
0601200160009200805
0601200179009200805
0601210018009200805
0601210026009200805
0601210034009200805
0601210042009200805
0601210050009200805
0601210069009200805
0601210077009200805
0601210085009200805
0601210093009200805
0601220013009200805
0601220021009200805
0601220030009200805
0601220048009200805
0601220056009200805
0601220064009200805
0601220072009200805
0601230019009200805
0601240014009200805
0601240022009200805
0601250010009200805
0601250028009200805
0601250036009200805
0601260015009200805
0601270010009200805
0601270029009200805
0601270037009200805
0601270045009200805
0601270053009200805
0601280016009200805
0601280024009200805
0601290011009200805
0601300017009200805
0601300025009200805
0601300033009200805
0601300041009200805
0601310012009200805
0601310020009200805
0601320018009200805
0601320026009200805
0601330013009200805
0601330021009200805
0601330030009200805
0601330048009200805
0601340019009200805
0601350014009200805
0601350022009200805
0601350030009200805
0601350049009200805
0601350057009200805
0601350065009200805
0601350073009200805
0601350081009200805
0601350090009200805
0601350103009200805
0601350111009200805
0601350120009200805
0601350138009200805
0601350146009200805
0601360010009200805
0601360028009200805
0601360036009200805
0601360044009200805
0601360052009200805
0601360060009200805
0601360079009200805
0801010047005200805
