0201010038001200808
0201010038004200808
0201010097004200808
0201010119004200808
0201010127004200808
0201010127001200808
0201010135004200808
0201010135001200808
0201010143005200808
0201010160008200808
0201010186004200808
0201010208001200808
0201010240004200808
0201010259001200808
0201010267001200808
0201010305001200808
0201010313008200808
0201010313001200808
0201010321001200808
0201010330001200808
0201010402001200808
0201010534004200808
0201010534001200808
0201010534006200808
0201010577004200808
0201010577006200808
0201010577001200808
0202030024009200808
0202031071009200808
0203010027005200808
0204020018005200808
0204030048005200808
0205010016005200808
0205010024005200808
0205010032005200808
0205020011005200808
0205020038005200808
0205020054005200808
0205020070005200808
0205020089005200808
0205020119005200808
0205020127005200808
0205020135005200808
0205020160005200808
0205020178005200808
0205020194005200808
0206010010005200808
0206010028005200808
0206010036005200808
0206010044005200808
0206010060005200808
0206010079005200808
0206020031005200808
0206020040005200808
0206030010005200808
0206030037005200808
0207010013005200808
0207010021005200808
0207010030005200808
0207010048005200808
0207010056005200808
0207020019005200808
0207020027005200808
0207020035005200808
0207030014005200808
0207030022005200808
0207030030005200808
0208010025005200808
0208010033005200808
0208010041005200808
0208010050005200808
0208010068005200808
0208010076005200808
0208010084005200808
0208010092005200808
0208020012005200808
0208020020005200808
0208020039005200808
0208020055005200808
0208020063005200808
0208020071005200808
0208020080005200808
0208020098005200808
0208020101005200808
0208020110005200808
0208020128005200808
0208030018005200808
0208030026005200808
0208030034005200808
0208030042005200808
0208030050005200808
0208040021005200808
0208040030005200808
0208040056005200808
0208040064005200808
0208040072005200808
0208040080005200808
0208040099005200808
0208040102005200808
0208050019005200808
0208050035005200808
0208050043005200808
0208060014005200808
0208060022005200808
0208060030005200808
0208070010005200808
0208070028005200808
0208070036005200808
0208070044005200808
0208080015005200808
0208080023005200808
0208080031005200808
0208080040005200808
0208090010005200808
0208090029005200808
0208090037005200808
0209010010005200808
0209010029005200808
0209010037005200808
0209010045005200808
0209040033001200808
0209040033004200808
0209040050001200808
0209040050005200808
0209040050004200808
0210010010005200808
0210010045005200808
0210010053005200808
0210010061005200808
0210010070005200808
0210010096005200808
0210010100005200808
0210010118005200808
0210010126005200808
0210010134005200808
0210010142005200808
0210010150005200808
0210010193005200808
0210020016005200808
0211020010006200808
0211020028001200808
0211020028006200808
0211030015005200808
0211030023005200808
0211030031005200808
0211030040005200808
0211030058005200808
0211030066005200808
0211030074005200808
0211030082005200808
0211030090005200808
0211050091005200808
0211050091001200808
0211050091006200808
0211050105005200808
0211050148006200808
0301010013012200808
0301010021012200808
0301010030012200808
0301010048012200808
0301010056012200808
0301010064012200808
0301010072012200808
0301010080012200808
0301010099012200808
0301010110012200808
0301010129012200808
0301010137012200808
0301010145005200808
0301010153012200808
0301050074007200808
0301050074008200808
0301060070008200808
0301060088008200808
0301090017007200808
0301090025007200808
0301120056006200808
0302010017005200808
0302010025005200808
0302010033005200808
0302020012005200808
0302020020005200808
0302020039005200808
0302030018005200808
0302030026005200808
0302040013005200808
0302040021005200808
0302040030005200808
0302040048005200808
0302040056005200808
0302050019005200808
0302050027005200808
0302050035005200808
0302060014005200808
0302060022005200808
0302060030005200808
0302060049005200808
0302060057005200808
0302070010005200808
0302070028005200808
0302070036005200808
0303010010004200808
0303010029004200808
0303010037004200808
0303010045004200808
0303010053004200808
0303010061004200808
0303010070004200808
0303010088004200808
0303010096004200808
0303010100004200808
0303010118004200808
0303010126004200808
0303010134004200808
0303010142004200808
0303010150004200808
0303010169004200808
0303010177004200808
0303010185004200808
0303010193004200808
0303010207004200808
0303010215007200808
0303010215003200808
0303020032004200808
0303020040004200808
0303020059004200808
0303020067004200808
0303020075004200808
0303020083004200808
0303030011007200808
0303030020004200808
0303030038004200808
0303030038011200808
0303030046004200808
0303030054004200808
0303030062004200808
0303040017004200808
0303040025004200808
0303040033004200808
0303040041004200808
0303040050004200808
0303040068004200808
0303040076004200808
0303040084004200808
0303040092004200808
0303040106004200808
0303040114004200808
0303040122004200808
0303040130004200808
0303040149004200808
0303040157004200808
0303040165004200808
0303040165011200808
0303040173004200808
0303040181004200808
0303040190004200808
0303040203004200808
0303040211004200808
0303040220004200808
0303040238004200808
0303040246004200808
0303040254004200808
0303040262004200808
0303040270004200808
0303040289004200808
0303040297004200808
0303060018004200808
0303060026011200808
0303060026004200808
0303060034004200808
0303060042004200808
0303060042011200808
0303060050004200808
0303060069004200808
0303060085004200808
0303060093004200808
0303060093011200808
0303060107011200808
0303060107004200808
0303060115004200808
0303060123004200808
0303060131004200808
0303060140004200808
0303060158004200808
0303060166004200808
0303060174004200808
0303060182011200808
0303060182004200808
0303060190004200808
0303060204004200808
0303060212004200808
0303060220004200808
0303060239004200808
0303060247004200808
0303060255004200808
0303060263004200808
0303060271004200808
0303060280011200808
0303060298004200808
0303060301004200808
0303070064004200808
0303070072004200808
0303070080004200808
0303070099004200808
0303070102004200808
0303070110004200808
0303070129004200808
0303080043004200808
0303080051004200808
0303080051011200808
0303080060004200808
0303080078004200808
0303080086004200808
0303080094004200808
0303090138004200808
0303090197004200808
0303090200004200808
0303090235004200808
0303090243004200808
0303090286004200808
0303090294004200808
0303090316004200808
0303090324004200808
0303090332004200808
0303090340004200808
0303090359004200808
0303090367004200808
0303090375004200808
0303100010004200808
0303100028004200808
0303100036004200808
0303100044004200808
0303100052004200808
0303110015004200808
0303110023004200808
0303110031004200808
0303110040004200808
0303110058004200808
0303110066004200808
0303110074004200808
0303110082004200808
0303110090004200808
0303110104004200808
0303110112004200808
0303130016008200808
0303130016003200808
0303130016007200808
0303130024008200808
0303130024007200808
0303130024003200808
0303130032007200808
0303130032003200808
0303130032008200808
0303130040008200808
0303130040007200808
0303130040003200808
0303130059008200808
0303130059007200808
0303130059003200808
0303130067008200808
0303130067003200808
0303130067007200808
0303130075007200808
0303130075003200808
0303130075008200808
0303130083003200808
0303130083007200808
0303140020004200808
0303140038004200808
0303140046004200808
0303140046011200808
0303140054011200808
0303140054004200808
0303140062004200808
0303140070004200808
0303140089004200808
0303140089011200808
0303140097004200808
0303140100004200808
0303140119004200808
0303140127004200808
0303140135004200808
0303140135011200808
0303140143004200808
0303140151004200808
0303150017004200808
0303150025004200808
0303150033004200808
0303150041004200808
0303150050004200808
0303150068004200808
0303160012004200808
0303160020004200808
0303160039004200808
0303160047004200808
0303160055004200808
0303160063004200808
0303160071004200808
0303170018008200808
0303170034007200808
0303170042007200808
0303170050007200808
0303170069007200808
0303170077007200808
0303170077008200808
0303170077003200808
0303170085008200808
0303170085007200808
0303170093003200808
0303170093008200808
0303170093007200808
0303170107007200808
0303180013004200808
0303180013008200808
0303180030004200808
0303180048004200808
0303180056004200808
0303180064004200808
0303180072007200808
0303190019008200808
0303190019007200808
0304010014009200808
0304010022009200808
0304010030009200808
0304010049006200808
0304010057006200808
0304010065006200808
0304010073009200808
0304010090009200808
0304010103009200808
0304010111006200808
0304010111007200808
0304010120009200808
0304010138009200808
0304010146009200808
0304010162004200808
0304010162006200808
0304010170001200808
0304010219009200808
0304010219006200808
0304010227009200808
0304010227006200808
0304010235009200808
0304010243009200808
0304010243006200808
0304010260009200808
0304010286009200808
0304010294009200808
0304010324004200808
0304010324001200808
0304010324006200808
0304010332006200808
0304010332001200808
0304020010009200808
0304020028009200808
0304020036009200808
0304020044009200808
0304020052009200808
0304020060009200808
0304020079009200808
0304020087009200808
0304020095009200808
0304020109009200808
0304020117009200808
0304020125009200808
0304020133009200808
0304020141009200808
0304020150009200808
0304020168009200808
0304020176009200808
0304020184009200808
0304020192009200808
0304020206009200808
0304020214009200808
0304020222009200808
0304020230009200808
0304020249009200808
0304020257009200808
0304020265009200808
0304020273009200808
0304020281009200808
0304020290009200808
0304020303009200808
0304020311009200808
0304020320009200808
0304020338009200808
0304020346009200808
0304020354009200808
0304020362009200808
0304020370009200808
0304030015009200808
0304030023009200808
0304030031009200808
0304030040009200808
0304030058009200808
0304030066009200808
0304030074009200808
0304030082009200808
0304030090009200808
0304030104009200808
0304030112009200808
0304030120009200808
0304030139009200808
0304030147009200808
0304030155009200808
0304030163009200808
0304030171009200808
0304030180009200808
0304030198009200808
0304030201009200808
0304030210009200808
0304040010009200808
0304040029009200808
0304040037009200808
0304040045009200808
0304040053009200808
0304040061009200808
0304040070009200808
0304040088009200808
0304040096009200808
0304040100009200808
0304040118009200808
0304040126009200808
0304040134009200808
0304040142009200808
0304040150009200808
0304040169009200808
0304050016009200808
0304050024009200808
0304050032009200808
0304050040009200808
0304050067009200808
0304050075009200808
0304050113009200808
0304050121009200808
0304050130009200808
0304050148009200808
0304050164009200808
0304050172009200808
0304050180009200808
0304050202009200808
0304050210009200808
0304050229009200808
0304060011009200808
0304060038009200808
0304060046009200808
0304060054009200808
0304060062009200808
0304060070009200808
0304060089009200808
0304060097009200808
0304060100009200808
0304060119009200808
0304060127009200808
0304060135009200808
0304060151009200808
0304060160009200808
0304060178009200808
0304060186009200808
0304060194009200808
0304060208009200808
0304060216009200808
0304070017009200808
0304070025009200808
0304070033009200808
0304070041009200808
0304070050009200808
0304080020006200808
0304080039004200808
0304080039006200808
0304080047006200808
0304080055009200808
0304080063006200808
0304080071009200808
0304090018006200808
0304090018004200808
0304090026006200808
0304090034006200808
0304100013004200808
0305010026009200808
0305010069009200808
0305010085009200808
0305010107009200808
0305010115009200808
0305010131005200808
0305010166009200808
0305010174007200808
0305010182009200808
0305020013004200808
0305020021004200808
0305020030011200808
0305020030004200808
0305020048004200808
0305020056004200808
0308010019011200808
0308010019004200808
0308010027004200808
0308010027011200808
0308010035004200808
0308010043004200808
0308020022011200808
0308020022004200808
0308020030011200808
0308020030004200808
0308030010011200808
0308030010004200808
0308030028011200808
0308030028004200808
0308030036004200808
0308030036011200808
0308040015004200808
0308040015011200808
0308040023004200808
0309010020001200808
0309010039001200808
0309010055005200808
0309010080005200808
0310010020005200808
0310010039010200808
0310010039004200808
0310010047010200808
0310010047004200808
0401010031001200808
0401010058009200808
0401010066001200808
0401010074001200808
0401010090001200808
0401010112001200808
0401010120001200808
0401010139001200808
0401020010004200808
0401020010001200808
0401020029004200808
0401020029001200808
0401020037001200808
0401020037004200808
0401020045004200808
0401020045001200808
0401020053001200808
0401020053004200808
0401020061001200808
0401020061004200808
0401020070004200808
0401020070001200808
0401020088002200808
0401020088001200808
0401020088004200808
0401020096004200808
0401020096001200808
0401020100004200808
0401020100001200808
0401020118004200808
0401020118001200808
0401020126004200808
0401020126001200808
0401020134001200808
0401020142004200808
0401020142001200808
0401020150004200808
0401020150001200808
0401020169001200808
0401020169004200808
0402010019004200808
0402010019001200808
0402010027004200808
0402010027001200808
0402010035001200808
0402010035004200808
0402010035002200808
0402010043004200808
0402010043001200808
0402010051001200808
0402010051004200808
0402020014004200808
0402020014001200808
0402020022001200808
0402020022004200808
0403010012001200808
0403010012004200808
0403010020001200808
0403010020004200808
0403010039001200808
0403010039004200808
0403010047004200808
0403010047001200808
0403010055001200808
0403010055004200808
0403010063001200808
0403010063004200808
0403010071004200808
0403010071001200808
0403010080004200808
0403010080001200808
0403010098004200808
0403010098001200808
0403010101004200808
0403010101001200808
0403010110004200808
0403010110001200808
0403010128004200808
0403010128001200808
0403010136004200808
0403010136001200808
0403010144001200808
0403010144004200808
0403010152001200808
0403010152004200808
0403010160004200808
0403010160001200808
0403010179004200808
0403010179001200808
0403010187001200808
0403010187004200808
0403010195004200808
0403010195001200808
0403010209004200808
0403010209001200808
0403010217004200808
0403010217001200808
0403010225001200808
0403010225004200808
0403010233004200808
0403010233001200808
0403010241004200808
0403010241001200808
0403010250001200808
0403010250004200808
0403010268001200808
0403010268004200808
0403010276001200808
0403010276004200808
0403010284001200808
0403010284004200808
0403010292001200808
0403010292004200808
0403010306001200808
0403010306004200808
0403010314001200808
0403010314004200808
0403010322004200808
0403010322006200808
0403010322001200808
0403010330001200808
0403010330004200808
0403010349001200808
0403010349004200808
0403010357001200808
0403010357004200808
0403010365004200808
0403010365001200808
0403020018001200808
0403020018006200808
0403020026001200808
0403020026006200808
0403020034006200808
0403020034001200808
0403020042006200808
0403020042001200808
0403020050006200808
0403020050001200808
0403020069001200808
0403020069006200808
0403020077001200808
0403020085001200808
0403020093001200808
0403020107001200808
0403020115001200808
0403020123001200808
0403020123004200808
0403020123002200808
0403020131006200808
0403020131001200808
0403030013001200808
0403030013004200808
0403030021001200808
0403030021004200808
0403030030001200808
0403030030004200808
0403030048004200808
0403030048001200808
0403030056001200808
0403030056004200808
0403030056006200808
0403030064001200808
0403030064004200808
0403030064006200808
0403030072001200808
0403030072006200808
0403030072004200808
0403030080004200808
0403030080001200808
0403030099004200808
0403030099006200808
0403030099001200808
0403030102004200808
0403030102006200808
0403030102001200808
0403030110001200808
0403030110004200808
0403030129001200808
0403030129004200808
0403030137006200808
0403030137004200808
0403030137001200808
0403030145001200808
0403030145004200808
0403030153001200808
0403030153004200808
0403030161004200808
0403030161001200808
0403030170004200808
0403030170001200808
0403040019001200808
0403040019004200808
0403040019006200808
0403040027001200808
0403040027006200808
0403040027004200808
0403040035004200808
0403040035006200808
0403040035001200808
0403040043006200808
0403040043004200808
0403040043001200808
0403040051004200808
0403040051001200808
0403040060006200808
0403040060001200808
0403040060004200808
0403040078004200808
0403040078006200808
0403040078001200808
0403040086006200808
0403040086001200808
0403040086004200808
0403050014001200808
0403050022001200808
0403050030006200808
0403050030004200808
0403050030001200808
0403050049006200808
0403050049001200808
0403050049004200808
0403050057006200808
0403050057004200808
0403050057001200808
0403050065006200808
0403050065004200808
0403050065001200808
0403050073006200808
0403050073001200808
0403050073004200808
0403050081001200808
0403050090001200808
0403050090006200808
0403050090004200808
0403050103001200808
0403050103006200808
0403050103004200808
0403050111006200808
0403050111001200808
0403050111004200808
0403050120004200808
0403050120001200808
0403050120006200808
0403050138004200808
0403050138001200808
0403050138006200808
0403050146001200808
0403050146004200808
0403050146006200808
0403050154004200808
0403050154001200808
0403050154006200808
0403050162006200808
0403050162004200808
0403050162001200808
0403060010006200808
0403060010001200808
0403060028006200808
0403060028001200808
0403060036004200808
0403060036001200808
0403060036006200808
0403060044001200808
0403060044006200808
0403060044004200808
0403060052004200808
0403060052006200808
0403060052001200808
0403060060004200808
0403060060001200808
0403060060006200808
0403060079006200808
0403060079001200808
0403060079004200808
0403060087006200808
0403060087001200808
0403060087004200808
0403060095006200808
0403060095001200808
0403060095004200808
0403070015004200808
0403070015006200808
0403070015001200808
0403070023001200808
0403070023006200808
0403070031004200808
0403070031001200808
0403070040006200808
0403070040001200808
0403070058006200808
0403070058001200808
0403070066006200808
0403070066001200808
0403070074006200808
0403070074001200808
0403070082001200808
0403070082006200808
0403070090006200808
0403070090001200808
0403070104006200808
0403070104001200808
0403070112006200808
0403070112001200808
0403070120006200808
0403070120001200808
0403070139006200808
0403070139001200808
0403070147006200808
0403070147001200808
0403080010001200808
0403080010006200808
0403080010004200808
0403080029004200808
0403080029006200808
0403080029001200808
0403080037006200808
0403080037001200808
0403080037004200808
0403080045001200808
0403080045004200808
0403080045006200808
0403080053006200808
0403080053001200808
0403080053004200808
0403080061004200808
0403080061001200808
0403080061006200808
0403080070004200808
0403080070006200808
0403080070001200808
0403080088004200808
0403080088006200808
0403080088001200808
0403080096001200808
0403080096004200808
0403080096006200808
0403080100006200808
0403080100004200808
0403080100001200808
0404010016002200808
0404010016001200808
0404010016004200808
0404010024002200808
0404010024001200808
0404010032002200808
0404010032004200808
0404010032001200808
0404010040001200808
0404010040004200808
0404010059004200808
0404010059001200808
0404010067001200808
0404010067004200808
0404010083004200808
0404010083001200808
0404010105004200808
0404010105001200808
0404010113001200808
0404010113004200808
0404010121004200808
0404010121001200808
0404010130001200808
0404010130004200808
0404010148001200808
0404010148004200808
0404010164004200808
0404010164001200808
0404010172001200808
0404010172004200808
0404010180001200808
0404010180004200808
0404010199001200808
0404010199004200808
0404010202001200808
0404010202004200808
0404010210004200808
0404010210001200808
0404010229001200808
0404010229002200808
0404010229004200808
0404010237001200808
0404010288004200808
0404010288001200808
0404010318001200808
0404010326004200808
0404010326001200808
0404010334004200808
0404010334001200808
0404010350001200808
0404010350004200808
0404010350002200808
0404010377001200808
0404010377004200808
0404010385004200808
0404010385001200808
0404010407004200808
0404010407001200808
0404010415004200808
0404010415001200808
0404010415002200808
0404010423001200808
0404010423004200808
0404020011004200808
0404020011001200808
0404020038001200808
0404020038004200808
0404020046004200808
0404020046001200808
0404020062001200808
0404020062004200808
0404020070001200808
0404020070004200808
0404020089001200808
0404020089004200808
0404020119001200808
0404020119004200808
0404020135004200808
0404020135001200808
0404020143004200808
0404020143001200808
0404020151004200808
0404020151001200808
0404020160004200808
0404020160001200808
0404020178004200808
0404020178001200808
0404020186001200808
0404020186004200808
0404020194004200808
0404020194001200808
0404020208004200808
0404020208001200808
0404020216001200808
0404020216004200808
0404020224004200808
0404020224001200808
0404020232001200808
0404020232004200808
0404020240004200808
0404020240001200808
0404020259004200808
0404020259001200808
0404020267001200808
0404020267004200808
0404020275004200808
0404020275001200808
0404020283004200808
0404020283001200808
0404020291004200808
0404020291001200808
0404020305004200808
0404020305001200808
0404020313004200808
0404020313001200808
0404020321001200808
0404020321004200808
0404020330001200808
0404020330004200808
0404020330002200808
0404020348001200808
0404020348004200808
0404020356004200808
0404020356001200808
0404020364001200808
0404020364004200808
0404020372001200808
0404020372004200808
0404020380001200808
0404020380004200808
0404020399001200808
0404020399004200808
0404020402004200808
0404020402001200808
0404020410004200808
0404020410001200808
0404020429004200808
0404020429001200808
0404020437001200808
0404020437004200808
0404030017001200808
0404030017004200808
0404030025001200808
0404030025004200808
0404030033001200808
0404030041001200808
0404030041004200808
0404030050001200808
0404030068001200808
0404030076004200808
0404030076001200808
0404030084004200808
0404030084001200808
0404030092004200808
0404030092001200808
0404030106004200808
0404030106001200808
0404030114001200808
0404030114004200808
0404030122001200808
0404030122004200808
0404030130004200808
0404030130001200808
0404030149004200808
0404030149001200808
0404030157004200808
0404030157001200808
0404030165004200808
0404030165001200808
0404030173004200808
0404030173001200808
0404030181004200808
0404030181001200808
0404030190001200808
0404030190004200808
0404030203004200808
0404030203001200808
0404030211004200808
0404030211001200808
0405010010004200808
0405010028004200808
0405010036004200808
0405010052001200808
0405010060001200808
0405010087001200808
0405010087004200808
0405010117001200808
0405010117004200808
0405010125004200808
0405010133001200808
0405010133004200808
0405010150004200808
0405010150001200808
0405010176004200808
0405020015004200808
0405020023004200808
0405030010001200808
0405030010004200808
0405030029004200808
0405030045002200808
0405030045001200808
0405030053001200808
0405030070004200808
0405030070001200808
0405030096004200808
0405030118004200808
0405030134001200808
0405030142002200808
0405030150001200808
0405030169002200808
0405030169004200808
0405030177004200808
0405030177002200808
0405030185004200808
0405030185002200808
0405030193004200808
0405030193001200808
0405030193002200808
0405030207004200808
0405040016004200808
0405040024004200808
0405040040004200808
0405040059004200808
0405040067004200808
0405040075004200808
0405040083001200808
0405040083004200808
0405040091004200808
0405040091001200808
0405040105004200808
0405040105001200808
0405040130001200808
0405040148004200808
0405040148001200808
0405040156004200808
0405040156001200808
0405040164004200808
0405040164001200808
0405040180004200808
0405040180001200808
0405040202004200808
0405040202002200808
0405050011004200808
0405050020001200808
0405050020002200808
0405050046004200808
0405050054004200808
0405050097001200808
0405050097004200808
0405050097002200808
0405050100004200808
0405050100001200808
0405050100002200808
0405050119004200808
0405050119001200808
0405050119002200808
0405050127001200808
0405050127002200808
0405050135001200808
0405050135002200808
0405050135004200808
0405050143004200808
0405050143001200808
0405050151004200808
0405050151001200808
0405050160001200808
0405050186001200808
0405050186004200808
0405050194001200808
0405050194002200808
0405050216004200808
0405050224004200808
0405050232001200808
0405050232004200808
0405050259001200808
0405050267001200808
0405050313004200808
0405050313001200808
0405050321004200808
0405050356004200808
0405050356002200808
0405050356001200808
0405050372002200808
0405050372001200808
0405050380001200808
0405050380004200808
0405050399004200808
0406010013001200808
0406010013006200808
0406010013004200808
0406010021001200808
0406010021004200808
0406010021006200808
0406010030006200808
0406010030001200808
0406010030004200808
0406010048004200808
0406010048006200808
0406010048001200808
0406010056004200808
0406010056006200808
0406010056001200808
0406010064004200808
0406010064001200808
0406010064006200808
0406010072006200808
0406010072004200808
0406010072001200808
0406010080004200808
0406010080001200808
0406010080006200808
0406010099001200808
0406010099006200808
0406010099004200808
0406010102004200808
0406010102001200808
0406010110004200808
0406010110001200808
0406010137004200808
0406010137006200808
0406010137001200808
0406010145001200808
0406010145006200808
0406010145004200808
0406010153004200808
0406010153001200808
0406010153006200808
0406010161004200808
0406010161006200808
0406010161001200808
0406010170004200808
0406010170001200808
0406010170006200808
0406010188006200808
0406010188004200808
0406010188001200808
0406010196004200808
0406010196001200808
0406010196006200808
0406010200001200808
0406010200006200808
0406010200004200808
0406010218006200808
0406010218001200808
0406010218004200808
0406010226004200808
0406010226001200808
0406010226006200808
0406010234001200808
0406010234006200808
0406010234004200808
0406010242006200808
0406010242004200808
0406010242001200808
0406010250006200808
0406010250001200808
0406010250004200808
0406010269001200808
0406010269004200808
0406010269006200808
0406010277006200808
0406010277001200808
0406010277004200808
0406010285004200808
0406010285006200808
0406010285001200808
0406010293004200808
0406010293001200808
0406010293006200808
0406010307004200808
0406010307006200808
0406010307001200808
0406010315001200808
0406010315004200808
0406010315006200808
0406010323001200808
0406010323006200808
0406010323004200808
0406010331004200808
0406010331006200808
0406010331001200808
0406010340006200808
0406010340004200808
0406010340001200808
0406010358006200808
0406010358001200808
0406010358004200808
0406010366006200808
0406010366001200808
0406010366004200808
0406010374006200808
0406010374001200808
0406010374004200808
0406010382001200808
0406010382006200808
0406010382004200808
0406010390006200808
0406010390004200808
0406010390001200808
0406010404006200808
0406010404004200808
0406010404001200808
0406010412001200808
0406010412004200808
0406010420004200808
0406010420001200808
0406010420006200808
0406010439001200808
0406010439004200808
0406010439006200808
0406010447006200808
0406010447004200808
0406010447001200808
0406010455006200808
0406010455004200808
0406010455001200808
0406010463001200808
0406010463006200808
0406010463004200808
0406010471006200808
0406010471001200808
0406010471004200808
0406010480001200808
0406010480006200808
0406010480004200808
0406010498006200808
0406010498001200808
0406010498004200808
0406010501004200808
0406010501001200808
0406010501006200808
0406010510004200808
0406010510001200808
0406010528004200808
0406010528001200808
0406010528006200808
0406010536001200808
0406010536004200808
0406010536006200808
0406010544004200808
0406010544001200808
0406010544006200808
0406010552001200808
0406010552006200808
0406010552004200808
0406010560006200808
0406010560004200808
0406010579004200808
0406010579001200808
0406010587006200808
0406010587004200808
0406010595004200808
0406010595001200808
0406010609001200808
0406010609004200808
0406010617001200808
0406010617004200808
0406010625004200808
0406010625001200808
0406010633006200808
0406010633004200808
0406010633001200808
0406010641006200808
0406010641004200808
0406010650004200808
0406010650006200808
0406010668006200808
0406010668004200808
0406010676006200808
0406010676004200808
0406010684004200808
0406010692004200808
0406010692001200808
0406010706004200808
0406010706001200808
0406010714004200808
0406010714006200808
0406010714001200808
0406010730001200808
0406010730004200808
0406010730006200808
0406010749004200808
0406010757001200808
0406010757004200808
0406010757006200808
0406010765004200808
0406010765001200808
0406010765006200808
0406010773004200808
0406010781001200808
0406010781004200808
0406010790004200808
0406010803001200808
0406010803004200808
0406010811004200808
0406010811001200808
0406010820004200808
0406010820001200808
0406010838001200808
0406010838006200808
0406010838004200808
0406010846001200808
0406010846004200808
0406010846006200808
0406010854004200808
0406010862004200808
0406010862006200808
0406010870004200808
0406010889006200808
0406010889004200808
0406010889001200808
0406010897006200808
0406010897004200808
0406010897001200808
0406010900001200808
0406010900004200808
0406010919004200808
0406010919006200808
0406010927001200808
0406010927006200808
0406010927004200808
0406010935001200808
0406010935004200808
0406010943006200808
0406010943001200808
0406010943004200808
0406010951004200808
0406010951006200808
0406010951001200808
0406010960004200808
0406010978004200808
0406010986006200808
0406010986004200808
0406010986001200808
0406010994004200808
0406010994001200808
0406010994006200808
0406011001004200808
0406011010004200808
0406011028004200808
0406011036004200808
0406011044004200808
0406011052004200808
0406011060004200808
0406011079004200808
0406011087004200808
0406011095004200808
0406011109006200808
0406011109004200808
0406011117004200808
0406011125004200808
0406011125006200808
0406011133006200808
0406011133004200808
0406011141004200808
0406011150004200808
0406011168004200808
0406011176004200808
0406011184004200808
0406011192004200808
0406011206004200808
0406011206006200808
0406011206001200808
0406011214006200808
0406011214004200808
0406011214001200808
0406011222006200808
0406011222001200808
0406011222004200808
0406020019004200808
0406020019001200808
0406020027004200808
0406020027001200808
0406020035004200808
0406020035001200808
0406020043001200808
0406020043004200808
0406020051004200808
0406020051006200808
0406020051001200808
0406020078004200808
0406020078001200808
0406020108004200808
0406020108001200808
0406020116001200808
0406020116004200808
0406020124001200808
0406020124004200808
0406020159001200808
0406020167004200808
0406020167001200808
0406020191004200808
0406020191001200808
0406020205001200808
0406020213001200808
0406020213004200808
0406020221004200808
0406020221001200808
0406020230004200808
0406020230001200808
0406020248001200808
0406020248004200808
0406020256001200808
0406020256004200808
0406020264001200808
0406020264004200808
0406020272004200808
0406020272001200808
0406020280004200808
0406020280001200808
0406020302001200808
0406020302004200808
0406020310001200808
0406020310004200808
0406020329004200808
0406020329001200808
0406020337001200808
0406020337004200808
0406020345004200808
0406020345001200808
0406020353004200808
0406020353001200808
0406020361001200808
0406020361004200808
0406020370001200808
0406020370004200808
0406020388004200808
0406020388001200808
0406020396004200808
0406020396001200808
0406020400001200808
0406020400004200808
0406020418004200808
0406020418001200808
0406020426001200808
0406020426004200808
0406020434004200808
0406020434001200808
0406020442004200808
0406020442001200808
0406020450004200808
0406020450001200808
0406020469004200808
0406020469001200808
0406020477001200808
0406020477004200808
0406020485004200808
0406020485001200808
0406020493004200808
0406020493001200808
0406020507004200808
0406020507001200808
0406020515001200808
0406020515004200808
0406020523001200808
0406020523004200808
0406020531004200808
0406020531001200808
0406020540004200808
0406020540001200808
0406020558001200808
0406020558004200808
0406020566004200808
0406020566001200808
0406020566002200808
0406020574002200808
0406020574004200808
0406020574001200808
0406020582001200808
0406020582004200808
0406020582006200808
0406020590001200808
0406020590004200808
0406020604001200808
0406020604004200808
0406030014006200808
0406030014001200808
0406030022006200808
0406030022001200808
0406030030001200808
0406030030006200808
0406030049004200808
0406030049006200808
0406030049001200808
0406030057006200808
0406030057001200808
0406030057004200808
0406030065001200808
0406030065006200808
0406030073006200808
0406030073001200808
0406030081006200808
0406030081001200808
0406030090006200808
0406030090004200808
0406030090001200808
0406030103004200808
0406030103001200808
0406030103006200808
0406030111001200808
0406030111006200808
0406030120006200808
0406030120001200808
0406030138001200808
0406030138004200808
0406030138006200808
0406030146001200808
0406030146006200808
0406040010004200808
0406040028001200808
0406040028004200808
0406040028006200808
0406040044004200808
0406040044006200808
0406040044001200808
0406040052004200808
0406040052001200808
0406040052006200808
0406040060001200808
0406040060004200808
0406040060006200808
0406040079004200808
0406040087006200808
0406040087001200808
0406040087004200808
0406040095004200808
0406040095006200808
0406040095001200808
0406040109004200808
0406040109006200808
0406040117004200808
0406040125004200808
0406040125006200808
0406040133006200808
0406040133004200808
0406040133001200808
0406040141006200808
0406040141004200808
0406040150004200808
0406040150001200808
0406040150006200808
0406040168006200808
0406040168001200808
0406040168004200808
0406040176006200808
0406040176001200808
0406040176004200808
0406040184001200808
0406040184004200808
0406040192001200808
0406040192004200808
0406040206004200808
0406040206001200808
0406040214004200808
0406040214001200808
0406040222001200808
0406040222004200808
0406040230001200808
0406040230004200808
0406040249001200808
0406040249004200808
0406040257001200808
0406040257004200808
0406040265006200808
0406040265004200808
0406040265001200808
0406040273001200808
0406040273004200808
0406040281001200808
0406040281004200808
0406040290001200808
0406040290004200808
0406040303004200808
0406040303001200808
0406040311001200808
0406040311004200808
0406040320001200808
0406040320004200808
0406040338001200808
0406040338004200808
0406050015004200808
0406050015006200808
0406050023004200808
0406050023006200808
0406050031004200808
0406050031006200808
0406050040004200808
0406050040006200808
0406050040001200808
0406050058006200808
0406050058004200808
0406050066006200808
0406050066004200808
0406050074004200808
0406050074006200808
0406050082004200808
0406050082006200808
0406050090001200808
0406050090004200808
0406050104004200808
0406050104006200808
0406050112004200808
0406050112001200808
0406050112006200808
0406050120004200808
0406050120006200808
0406050139006200808
0406050139004200808
0407010017001200808
0407010017004200808
0407010017006200808
0407010033004200808
0407010033001200808
0407010041001200808
0407010041004200808
0407010050001200808
0407010050004200808
0407010068004200808
0407010068001200808
0407010076001200808
0407010076004200808
0407010084004200808
0407010084001200808
0407010092001200808
0407010092004200808
0407010106004200808
0407010106001200808
0407010114001200808
0407010114004200808
0407010122004200808
0407010122001200808
0407010130004200808
0407010130001200808
0407010149001200808
0407010149004200808
0407010157001200808
0407010157004200808
0407010165004200808
0407010165001200808
0407010173004200808
0407010173006200808
0407010173001200808
0407010181004200808
0407010181006200808
0407010181001200808
0407010190004200808
0407010190001200808
0407010203004200808
0407010203001200808
0407010211004200808
0407010211001200808
0407010220001200808
0407010220004200808
0407010238001200808
0407010238004200808
0407010262001200808
0407010270001200808
0407010270004200808
0407010289001200808
0407010289004200808
0407010297004200808
0407010297001200808
0407010300001200808
0407010300004200808
0407010319001200808
0407010335001200808
0407010335004200808
0407010343004200808
0407010343001200808
0407010351001200808
0407010351004200808
0407020012004200808
0407020012001200808
0407020020001200808
0407020020004200808
0407020039004200808
0407020039001200808
0407020047001200808
0407020047004200808
0407020055001200808
0407020063001200808
0407020063004200808
0407020071004200808
0407020071001200808
0407020080004200808
0407020080001200808
0407020098001200808
0407020098004200808
0407020101001200808
0407020101004200808
0407020110001200808
0407020110004200808
0407020136004200808
0407020136001200808
0407020144001200808
0407020144004200808
0407020152001200808
0407020152004200808
0407020179004200808
0407020179001200808
0407020187004200808
0407020187001200808
0407020195001200808
0407020195004200808
0407020209004200808
0407020209001200808
0407020217001200808
0407020217004200808
0407020225001200808
0407020225004200808
0407020225002200808
0407020233004200808
0407020233001200808
0407020241004200808
0407020241001200808
0407020250001200808
0407020250004200808
0407020268001200808
0407020268004200808
0407020276004200808
0407020276001200808
0407020276002200808
0407020284002200808
0407020284004200808
0407020284001200808
0407020292004200808
0407020292001200808
0407020306001200808
0407020306004200808
0407020322004200808
0407020322001200808
0407020330004200808
0407020330001200808
0407020349001200808
0407020349004200808
0407020357001200808
0407020357004200808
0407020365001200808
0407020365004200808
0407020381001200808
0407020381004200808
0407020403001200808
0407020403004200808
0407020411004200808
0407020411001200808
0407020420004200808
0407020420001200808
0407020438004200808
0407020438001200808
0407020446001200808
0407020446004200808
0407020454001200808
0407020454004200808
0407020462001200808
0407020462004200808
0407020470004200808
0407020470001200808
0407030018001200808
0407030018004200808
0407030026001200808
0407030026004200808
0407030026002200808
0407030034001200808
0407030034002200808
0407030034004200808
0407030042004200808
0407030042001200808
0407030050001200808
0407030050004200808
0407030069004200808
0407030069001200808
0407030069002200808
0407030077001200808
0407030077004200808
0407030123004200808
0407030123001200808
0407030131004200808
0407030131001200808
0407030140001200808
0407030140004200808
0407030158004200808
0407030158001200808
0407030166004200808
0407030166001200808
0407030174004200808
0407030174001200808
0407030182001200808
0407030182004200808
0407030190001200808
0407030190004200808
0407030204004200808
0407030204001200808
0407030212001200808
0407030212004200808
0407030220001200808
0407030220004200808
0407030247004200808
0407030247001200808
0407040013001200808
0407040013004200808
0407040021004200808
0407040021001200808
0407040030001200808
0407040030004200808
0407040048001200808
0407040048004200808
0407040056001200808
0407040056004200808
0407040064002200808
0407040064001200808
0407040064004200808
0407040072001200808
0407040072004200808
0407040080001200808
0407040080004200808
0407040080002200808
0407040099001200808
0407040099002200808
0407040099004200808
0407040102004200808
0407040102002200808
0407040102001200808
0407040110004200808
0407040110002200808
0407040110001200808
0407040129004200808
0407040129002200808
0407040129001200808
0407040137001200808
0407040137004200808
0407040145001200808
0407040145004200808
0407040153001200808
0407040153004200808
0407040161004200808
0407040161001200808
0407040170004200808
0407040170001200808
0407040188001200808
0407040188004200808
0407040200004200808
0407040200001200808
0407040226004200808
0407040226001200808
0407040226002200808
0407040234004200808
0407040234001200808
0407040242004200808
0407040242001200808
0407040250004200808
0407040250001200808
0407040269001200808
0407040269004200808
0408010010004200808
0408010010001200808
0408010010006200808
0408010029004200808
0408010029001200808
0408010037001200808
0408010037006200808
0408010037004200808
0408010045006200808
0408010045001200808
0408010045004200808
0408010053006200808
0408010053004200808
0408010053001200808
0408010061004200808
0408010061001200808
0408010070004200808
0408010070001200808
0408010088004200808
0408010088006200808
0408010088001200808
0408010096001200808
0408010096004200808
0408010100001200808
0408010100004200808
0408010118004200808
0408010118001200808
0408010134004200808
0408010134001200808
0408010142001200808
0408010142004200808
0408010150004200808
0408010150001200808
0408010169004200808
0408010169001200808
0408010177001200808
0408010177004200808
0408010185001200808
0408010185004200808
0408010193004200808
0408010193001200808
0408010207004200808
0408010207001200808
0408010215004200808
0408010215001200808
0408010223004200808
0408010223001200808
0408010231001200808
0408020016004200808
0408020016001200808
0408020024004200808
0408020024001200808
0408020032004200808
0408020032001200808
0408020040004200808
0408020040001200808
0408020059004200808
0408020059001200808
0408020067001200808
0408020067006200808
0408020067004200808
0408020075004200808
0408020075001200808
0408020083006200808
0408020083004200808
0408020083001200808
0408020091004200808
0408020091001200808
0408020105004200808
0408020105001200808
0408020121004200808
0408020121001200808
0408020130004200808
0408020130001200808
0408020148001200808
0408020148004200808
0408020156004200808
0408020164004200808
0408020172004200808
0408020180004200808
0408020199004200808
0408020202004200808
0408020210004200808
0408020229004200808
0408020237004200808
0408020237001200808
0408020245004200808
0408020245001200808
0408020253004200808
0408020253001200808
0408020261004200808
0408020261001200808
0408020270001200808
0408020270004200808
0408020288006200808
0408020288004200808
0408020288001200808
0408020296001200808
0408020296004200808
0408020300004200808
0408020300001200808
0408020318004200808
0408020318001200808
0408020318006200808
0408020326001200808
0408020326004200808
0408020334001200808
0408020334004200808
0408020342004200808
0408020342001200808
0408020350001200808
0408020350004200808
0408020369001200808
0408020369004200808
0408020377004200808
0408020377001200808
0408020385001200808
0408020385004200808
0408020393004200808
0408020393001200808
0408020407001200808
0408020407004200808
0408020415001200808
0408020415004200808
0408020423004200808
0408020423001200808
0408020431001200808
0408020431004200808
0408020440004200808
0408020440001200808
0408020458001200808
0408020458004200808
0408020466004200808
0408020466001200808
0408020474004200808
0408020474001200808
0408020482001200808
0408020482004200808
0408020490004200808
0408020490001200808
0408020504001200808
0408020504004200808
0408020512004200808
0408020512001200808
0408020520001200808
0408020520004200808
0408020539001200808
0408020539004200808
0408020547004200808
0408020547001200808
0408020555001200808
0408020555004200808
0408020563001200808
0408020563004200808
0408020571004200808
0408020571001200808
0408020580001200808
0408020580004200808
0408020598004200808
0408020598001200808
0408020601004200808
0408020601001200808
0408020610001200808
0408020610004200808
0408020628004200808
0408020628001200808
0408020636004200808
0408020636001200808
0408020644006200808
0408020644004200808
0408020644001200808
0408030011001200808
0408030011004200808
0408030020006200808
0408030020001200808
0408030020004200808
0408030038006200808
0408030038001200808
0408030038004200808
0408030046001200808
0408030046004200808
0408030054001200808
0408030054006200808
0408030054004200808
0408030062004200808
0408030062001200808
0408030062006200808
0408030070001200808
0408030070004200808
0408030089006200808
0408030089001200808
0408030089004200808
0408030097004200808
0408030097001200808
0408030100004200808
0408030100001200808
0408030119004200808
0408030119001200808
0408030127001200808
0408030127006200808
0408030127004200808
0408030135004200808
0408030135006200808
0408030135001200808
0408030143006200808
0408030143004200808
0408030143001200808
0408030151004200808
0408030151001200808
0408030160004200808
0408030160001200808
0408030178006200808
0408030178004200808
0408030178001200808
0408030186004200808
0408030186001200808
0408030194004200808
0408030194001200808
0408030208001200808
0408030208004200808
0408030216001200808
0408030216004200808
0408030224004200808
0408030224001200808
0408030232001200808
0408030232004200808
0408030240001200808
0408030240004200808
0408030240006200808
0408030259004200808
0408030259001200808
0408030267001200808
0408030267004200808
0408030275004200808
0408030275001200808
0408030283001200808
0408030283004200808
0408030291004200808
0408030291001200808
0408030305004200808
0408030305001200808
0408030313001200808
0408030313004200808
0408030321004200808
0408030321001200808
0408030330004200808
0408030330001200808
0408030348001200808
0408030348004200808
0408030356004200808
0408030356001200808
0408030356006200808
0408030364001200808
0408030364004200808
0408030364006200808
0408030372001200808
0408030372004200808
0408030380001200808
0408030380004200808
0408030399004200808
0408030399001200808
0408030402004200808
0408030402001200808
0408030410004200808
0408030410001200808
0408030429001200808
0408030429004200808
0408030437004200808
0408030437001200808
0408030445004200808
0408030445001200808
0408030453001200808
0408030453003200808
0408030461001200808
0408030461004200808
0408030470001200808
0408030470004200808
0408030500006200808
0408030500001200808
0408030500004200808
0408030518001200808
0408030518004200808
0408030526001200808
0408030526004200808
0408030534001200808
0408030534004200808
0408030542004200808
0408030542001200808
0408030550006200808
0408030550001200808
0408030550004200808
0408030569001200808
0408030569004200808
0408030569006200808
0408030577001200808
0408030577004200808
0408030585004200808
0408030585001200808
0408030593004200808
0408030593001200808
0408030607001200808
0408030607004200808
0408030615004200808
0408030615001200808
0408030615006200808
0408030623001200808
0408030623006200808
0408030623004200808
0408030631004200808
0408030631001200808
0408030640001200808
0408030640003200808
0408030658001200808
0408030658004200808
0408030666001200808
0408030666004200808
0408030674001200808
0408030674004200808
0408030682004200808
0408030682001200808
0408030690001200808
0408030690004200808
0408030704004200808
0408030704001200808
0408030712004200808
0408030712001200808
0408030720004200808
0408030720001200808
0408030739004200808
0408030739001200808
0408030747001200808
0408030747004200808
0408030755004200808
0408030755001200808
0408030763004200808
0408030763001200808
0408030771004200808
0408030771006200808
0408030771001200808
0408030780001200808
0408030780004200808
0408030798006200808
0408030798001200808
0408030798004200808
0408030801001200808
0408030801004200808
0408030810004200808
0408030810001200808
0408030828001200808
0408030828004200808
0408030836001200808
0408030836004200808
0408030844001200808
0408030844004200808
0408030852004200808
0408030852001200808
0408030860001200808
0408030860004200808
0408030879001200808
0408030879004200808
0408030887001200808
0408030887004200808
0408030895001200808
0408030895004200808
0408030909004200808
0408030909001200808
0408030917004200808
0408030917001200808
0408040017001200808
0408040025001200808
0408040033001200808
0408040033004200808
0408040041006200808
0408040041004200808
0408040041001200808
0408040050004200808
0408040050001200808
0408040068004200808
0408040068001200808
0408040068006200808
0408040076004200808
0408040076006200808
0408040076001200808
0408040084001200808
0408040084004200808
0408040092001200808
0408040092006200808
0408040092004200808
0408040106001200808
0408040106004200808
0408040114004200808
0408040114006200808
0408040114001200808
0408040122004200808
0408040122001200808
0408040130001200808
0408040130004200808
0408040149001200808
0408040149004200808
0408040157006200808
0408040157001200808
0408040157004200808
0408040165006200808
0408040165004200808
0408040165001200808
0408040173004200808
0408040173001200808
0408040181004200808
0408040181001200808
0408040190001200808
0408040190004200808
0408040203004200808
0408040203001200808
0408040220006200808
0408040220001200808
0408040238004200808
0408040238006200808
0408040238001200808
0408040246001200808
0408040246004200808
0408040254001200808
0408040254004200808
0408040254006200808
0408040262004200808
0408040262001200808
0408040270004200808
0408040270001200808
0408040289004200808
0408040289001200808
0408040289006200808
0408040297004200808
0408040297001200808
0408040300004200808
0408040300001200808
0408040319006200808
0408040319001200808
0408040319004200808
0408040327001200808
0408040327004200808
0408040335004200808
0408040335001200808
0408040343001200808
0408040343004200808
0408050012001200808
0408050012004200808
0408050020004200808
0408050020001200808
0408050039004200808
0408050039001200808
0408050039002200808
0408050047006200808
0408050047004200808
0408050047001200808
0408050055004200808
0408050055006200808
0408050055001200808
0408050063001200808
0408050063004200808
0408050063006200808
0408050071006200808
0408050071001200808
0408050071004200808
0408050080004200808
0408050080001200808
0408050101001200808
0408050101004200808
0408050110004200808
0408050110001200808
0408050128001200808
0408050128004200808
0408050136004200808
0408050136001200808
0408050144001200808
0408050144004200808
0408050152001200808
0408050152004200808
0408050160006200808
0408050160001200808
0408050160004200808
0408050179001200808
0408050179004200808
0408050187006200808
0408050187001200808
0408050187004200808
0408050195004200808
0408050209004200808
0408050217004200808
0408050225004200808
0408050233004200808
0408050241004200808
0408050250004200808
0408050268001200808
0408050268004200808
0408050276001200808
0408050276004200808
0408050284001200808
0408050284004200808
0408050292001200808
0408050292004200808
0408050306001200808
0408050306004200808
0408050314001200808
0408050314004200808
0408050322001200808
0408050322004200808
0408050330001200808
0408050330004200808
0408050349006200808
0408050349001200808
0408050349004200808
0408050357004200808
0408050357001200808
0408050365001200808
0408050365004200808
0408050373004200808
0408050373001200808
0408050381004200808
0408050381001200808
0408050390004200808
0408050390001200808
0408050403001200808
0408050403004200808
0408050411004200808
0408050411001200808
0408050420004200808
0408050420001200808
0408050438004200808
0408050438001200808
0408050446004200808
0408050446001200808
0408050454004200808
0408050454001200808
0408050462004200808
0408050462001200808
0408050470004200808
0408050470001200808
0408050489004200808
0408050489001200808
0408050497001200808
0408050497004200808
0408050500001200808
0408050500004200808
0408050519004200808
0408050519001200808
0408050527001200808
0408050527004200808
0408050535001200808
0408050535004200808
0408050543006200808
0408050543004200808
0408050543001200808
0408050551001200808
0408050551004200808
0408050560001200808
0408050560004200808
0408050578001200808
0408050578004200808
0408050586004200808
0408050586001200808
0408050594004200808
0408050594001200808
0408050608001200808
0408050608004200808
0408050616004200808
0408050616001200808
0408050624004200808
0408050624001200808
0408050632004200808
0408050632001200808
0408050640001200808
0408050640004200808
0408050659001200808
0408050659004200808
0408050667001200808
0408050667004200808
0408050675001200808
0408050675004200808
0408050683001200808
0408050683004200808
0408050691004200808
0408050691001200808
0408050705004200808
0408050705001200808
0408050713001200808
0408050713004200808
0408050721001200808
0408050721004200808
0408050730004200808
0408050730001200808
0408050748001200808
0408050748004200808
0408050756004200808
0408050756001200808
0408050756006200808
0408050764002200808
0408050764001200808
0408050764004200808
0408050772001200808
0408050772006200808
0408050772004200808
0408050780004200808
0408050780001200808
0408050799001200808
0408050799004200808
0408050802001200808
0408050802004200808
0408050810001200808
0408050810004200808
0408050829001200808
0408050829004200808
0408050837004200808
0408050837001200808
0408050845001200808
0408050845004200808
0408050853001200808
0408050853006200808
0408050853004200808
0408050861004200808
0408050861001200808
0408050870001200808
0408050870004200808
0408050888006200808
0408050888001200808
0408050888004200808
0408050896001200808
0408050896004200808
0408050896002200808
0408050900004200808
0408050900001200808
0408050918001200808
0408050918004200808
0408050918002200808
0408050926004200808
0408050926001200808
0408060018004200808
0408060018001200808
0408060026004200808
0408060026001200808
0408060026006200808
0408060034004200808
0408060034006200808
0408060034001200808
0408060042004200808
0408060042001200808
0408060050004200808
0408060050001200808
0408060069001200808
0408060069006200808
0408060069004200808
0408060069002200808
0408060077001200808
0408060077006200808
0408060077004200808
0408060085001200808
0408060085004200808
0408060093004200808
0408060093001200808
0408060107004200808
0408060107006200808
0408060107001200808
0408060115004200808
0408060115001200808
0408060115006200808
0408060123001200808
0408060123002200808
0408060123004200808
0408060131004200808
0408060131001200808
0408060140001200808
0408060140002200808
0408060140004200808
0408060158001200808
0408060158004200808
0408060166001200808
0408060174004200808
0408060174001200808
0408060182001200808
0408060182004200808
0408060190002200808
0408060190004200808
0408060190001200808
0408060204004200808
0408060204001200808
0408060212001200808
0408060212004200808
0408060239006200808
0408060239001200808
0408060239004200808
0408060247001200808
0408060247004200808
0408060255006200808
0408060255004200808
0408060255001200808
0408060263004200808
0408060263006200808
0408060263001200808
0408060271004200808
0408060271001200808
0408060280004200808
0408060280001200808
0408060298004200808
0408060298001200808
0408060298006200808
0408060301004200808
0408060301001200808
0408060310004200808
0408060310001200808
0408060328001200808
0408060336004200808
0408060336001200808
0408060344001200808
0408060344004200808
0408060352001200808
0408060352004200808
0408060360004200808
0408060360001200808
0408060379004200808
0408060379001200808
0408060387001200808
0408060387004200808
0408060395001200808
0408060409001200808
0408060409004200808
0408060409002200808
0408060417004200808
0408060417001200808
0408060417002200808
0408060425004200808
0408060425001200808
0408060433001200808
0408060433004200808
0408060441004200808
0408060441001200808
0408060441002200808
0408060450004200808
0408060450001200808
0408060450002200808
0408060468001200808
0408060468004200808
0408060476001200808
0408060476002200808
0408060476004200808
0408060484001200808
0408060484004200808
0408060484002200808
0408060492006200808
0408060492001200808
0408060492004200808
0408060506004200808
0408060506006200808
0408060506001200808
0408060514001200808
0408060514004200808
0408060514006200808
0408060522006200808
0408060522001200808
0408060522004200808
0408060530004200808
0408060530001200808
0408060530006200808
0408060549001200808
0408060557004200808
0408060557001200808
0408060565004200808
0408060565001200808
0408060573004200808
0408060573002200808
0408060573001200808
0408060581004200808
0408060581001200808
0408060590001200808
0408060590002200808
0408060590004200808
0408060603001200808
0408060603004200808
0408060611001200808
0408060611004200808
0408060620001200808
0408060620006200808
0408060620004200808
0408060620002200808
0408060638004200808
0408060638001200808
0408060646006200808
0408060646004200808
0408060646001200808
0408060662004200808
0408060662001200808
0408060670001200808
0408060670002200808
0408060670004200808
0408060697004200808
0408060697001200808
0408060700001200808
0408060700004200808
0409010014001200808
0409010014004200808
0409010022001200808
0409010022004200808
0409010030004200808
0409010030001200808
0409010049001200808
0409010049004200808
0409010057004200808
0409010057001200808
0409010065004200808
0409010065001200808
0409010073001200808
0409010073004200808
0409010081004200808
0409010081001200808
0409010090004200808
0409010090001200808
0409010103001200808
0409010111001200808
0409010120004200808
0409010120001200808
0409010138001200808
0409010138004200808
0409010146004200808
0409010146001200808
0409010154001200808
0409010162001200808
0409010170001200808
0409010170004200808
0409010189001200808
0409010189004200808
0409010197004200808
0409010197001200808
0409010200001200808
0409010200004200808
0409010219004200808
0409010219001200808
0409010227004200808
0409010227001200808
0409010235001200808
0409010235004200808
0409010243004200808
0409010243001200808
0409010251004200808
0409010251001200808
0409010260004200808
0409010260001200808
0409010278001200808
0409010286004200808
0409010286001200808
0409010294001200808
0409010294004200808
0409010308004200808
0409010308001200808
0409010316004200808
0409010316001200808
0409010324004200808
0409010324001200808
0409010332004200808
0409010332001200808
0409010340004200808
0409010340001200808
0409010367004200808
0409010367001200808
0409010375001200808
0409010375004200808
0409010383004200808
0409010383001200808
0409010391001200808
0409010391004200808
0409010405004200808
0409010405001200808
0409010413004200808
0409010413001200808
0409010421001200808
0409010430004200808
0409010430001200808
0409010448001200808
0409010456001200808
0409010456004200808
0409010464001200808
0409010464004200808
0409010472001200808
0409010472004200808
0409010480001200808
0409010480004200808
0409010499001200808
0409010499002200808
0409010499004200808
0409010502004200808
0409010502001200808
0409010510001200808
0409010510004200808
0409010529001200808
0409010529004200808
0409010537004200808
0409010537001200808
0409010545001200808
0409010545004200808
0409010553001200808
0409010553004200808
0409010561001200808
0409010561004200808
0409010570001200808
0409010570004200808
0409010588004200808
0409010588001200808
0409020010004200808
0409020010001200808
0409020028001200808
0409020028004200808
0409020044001200808
0409020044004200808
0409020052004200808
0409020052001200808
0409020060001200808
0409020079004200808
0409020079001200808
0409020087004200808
0409020087001200808
0409020095001200808
0409020095004200808
0409020109001200808
0409020109004200808
0409020117001200808
0409020125004200808
0409020125001200808
0409020133001200808
0409020133004200808
0409020141001200808
0409020141004200808
0409020150001200808
0409020150004200808
0409020168004200808
0409020168001200808
0409020176001200808
0409020184001200808
0409030015001200808
0409030015004200808
0409030023001200808
0409030023002200808
0409030023004200808
0409030031001200808
0409030031004200808
0409030040004200808
0409030040002200808
0409030040001200808
0409040010004200808
0409040010001200808
0409040037001200808
0409040037004200808
0409040045004200808
0409040045001200808
0409040053001200808
0409040053004200808
0409040070004200808
0409040070001200808
0409040088004200808
0409040088001200808
0409040096001200808
0409040096004200808
0409040100001200808
0409040118001200808
0409040118004200808
0409040126001200808
0409040126004200808
0409040134004200808
0409040134002200808
0409040134001200808
0409040142001200808
0409040142004200808
0409040142002200808
0409040150001200808
0409040150004200808
0409040169004200808
0409040169001200808
0409040177001200808
0409040177004200808
0409040185004200808
0409040185001200808
0409040193004200808
0409040193001200808
0409040207004200808
0409040207001200808
0409040215004200808
0409040215002200808
0409040215001200808
0409040223001200808
0409040223004200808
0409040231004200808
0409040231002200808
0409040231001200808
0409040240004200808
0409040240002200808
0409050016001200808
0409050016004200808
0409050024001200808
0409050024004200808
0409050032004200808
0409050032001200808
0409050032002200808
0409050040002200808
0409050040004200808
0409050040001200808
0409050059001200808
0409050067001200808
0409050075004200808
0409050075001200808
0409050083001200808
0409050083002200808
0409050083004200808
0409050091004200808
0409050091001200808
0409050105001200808
0409050105004200808
0409050113004200808
0409050113001200808
0409050121001200808
0409050121004200808
0409060011001200808
0409060011004200808
0409060020002200808
0409060020001200808
0409060020004200808
0409060038002200808
0409060038001200808
0409060038004200808
0409060046004200808
0409060046002200808
0409060046001200808
0409060054001200808
0409060054004200808
0409060062001200808
0409060070001200808
0409060089001200808
0409060097001200808
0409060100004200808
0409060100002200808
0409060100001200808
0409060119002200808
0409060119004200808
0409060119001200808
0409060127001200808
0409060127004200808
0409060135002200808
0409060135004200808
0409060135001200808
0409060143001200808
0409060143004200808
0409060151004200808
0409060151001200808
0409060160001200808
0409060160004200808
0409060178004200808
0409060178001200808
0409060178002200808
0409060186004200808
0409060186001200808
0409060186002200808
0409060194002200808
0409060194004200808
0409060194001200808
0409060208002200808
0409060208001200808
0409060208004200808
0409060216004200808
0409060216002200808
0409060216001200808
0409060224004200808
0409060224001200808
0409060232001200808
0409060240001200808
0409060259004200808
0409060259001200808
0409060267001200808
0409060275001200808
0409060283004200808
0409060283001200808
0409070017001200808
0409070017004200808
0409070025004200808
0409070025001200808
0409070033004200808
0409070033001200808
0409070041001200808
0409070041004200808
0409070050004200808
0409070050002200808
0409070050001200808
0409070068001200808
0409070068004200808
0409070076001200808
0409070076004200808
0409070084004200808
0409070084001200808
0409070092001200808
0409070106004200808
0409070106001200808
0409070114001200808
0409070114004200808
0409070130001200808
0409070149001200808
0409070157002200808
0409070157001200808
0409070173001200808
0409070190001200808
0409070203004200808
0409070203001200808
0409070211004200808
0409070211001200808
0409070220001200808
0409070238004200808
0409070238001200808
0409070246001200808
0409070246004200808
0409070254001200808
0409070254004200808
0409070262001200808
0409070262004200808
0409070270002200808
0409070270001200808
0409070270004200808
0409070289001200808
0409070289004200808
0409070297004200808
0409070297001200808
0409070300004200808
0409070300001200808
0410010014001200808
0410010014004200808
0410010057004200808
0410010057001200808
0410010065002200808
0410010065004200808
0410010065001200808
0410010073004200808
0410010073001200808
0410010081001200808
0410010081004200808
0410010090004200808
0410010090001200808
0410010111004200808
0410010120001200808
0410010120004200808
0411010018001200808
0411010026004200808
0411010026010200808
0411010034004200808
0411010034010200808
0411010042004200808
0411010042010200808
0411010050004200808
0411010050001200808
0411010077004200808
0411010077001200808
0411010085001200808
0411010085004200808
0411020013004200808
0411020013001200808
0411020021004200808
0411020021001200808
0411020030004200808
0411020030001200808
0411020048001200808
0411020048004200808
0411020056001200808
0411020056004200808
0412010011001200808
0412010011004200808
0412010020001200808
0412010020004200808
0412010038004200808
0412010038001200808
0412010046001200808
0412010046004200808
0412010054001200808
0412010054004200808
0412010070001200808
0412010070004200808
0412010089004200808
0412010089001200808
0412010097004200808
0412010097001200808
0412010100004200808
0412010100001200808
0412010119004200808
0412010119001200808
0412010127001200808
0412010135004200808
0412010135001200808
0412010143001200808
0412010143004200808
0412020017004200808
0412020017001200808
0412020025001200808
0412020025004200808
0412020033004200808
0412020033001200808
0412020041001200808
0412020041004200808
0412020050001200808
0412020050004200808
0412020068004200808
0412020068001200808
0412020076004200808
0412020076001200808
0412020084001200808
0412020084004200808
0412030012001200808
0412030012004200808
0412030047001200808
0412030047004200808
0412030080001200808
0412030080004200808
0412040018001200808
0412040018004200808
0412040026004200808
0412040026001200808
0412040034004200808
0412040034001200808
0412040042001200808
0412040042004200808
0412040050004200808
0412040050001200808
0412040069004200808
0412040069001200808
0412040077001200808
0412040077004200808
0412040085004200808
0412040085001200808
0412040093001200808
0412040093004200808
0412040107004200808
0412040107001200808
0412040115001200808
0412040115004200808
0412040123004200808
0412040123001200808
0412040131001200808
0412040131004200808
0412040158001200808
0412040158004200808
0412040166004200808
0412040174004200808
0412040174001200808
0412040182001200808
0412040182004200808
0412040190001200808
0412040190004200808
0412040204004200808
0412040204001200808
0412040212001200808
0412040212004200808
0412040220004200808
0412040220001200808
0412050013004200808
0412050013001200808
0412050021001200808
0412050021004200808
0412050030004200808
0412050030001200808
0412050048004200808
0412050048001200808
0412050056001200808
0412050056004200808
0412050064004200808
0412050064001200808
0412050072004200808
0412050072001200808
0412050080001200808
0412050080004200808
0412050099004200808
0412050099001200808
0412050102004200808
0412050102001200808
0412050110004200808
0412050110001200808
0412050137001200808
0412050137004200808
0412050145001200808
0412050145004200808
0412050153004200808
0412050153001200808
0413010066004200808
0413010082004200808
0413010090001200808
0413030016001200808
0413030016004200808
0413030024001200808
0413030024004200808
0413030032001200808
0413030032004200808
0413030040001200808
0413030059004200808
0413030059001200808
0413030067004200808
0413030067001200808
0413030075004200808
0413030075001200808
0413030083001200808
0413030083004200808
0413040020004200808
0413040020001200808
0413040038004200808
0413040038001200808
0413040046001200808
0413040046004200808
0413040054004200808
0413040054006200808
0413040054001200808
0413040062004200808
0413040062006200808
0413040062001200808
0413040070004200808
0413040070006200808
0413040070001200808
0413040089006200808
0413040089004200808
0413040089001200808
0413040097004200808
0413040097001200808
0413040100004200808
0413040100001200808
0413040119001200808
0413040119004200808
0413040127004200808
0413040127001200808
0413040135004200808
0413040135001200808
0413040143004200808
0413040143001200808
0413040151004200808
0413040151001200808
0413040160001200808
0413040160004200808
0413040178001200808
0413040178004200808
0413040186004200808
0413040186001200808
0413040194001200808
0413040194004200808
0413040208001200808
0413040208004200808
0413040216001200808
0413040216004200808
0413040224004200808
0413040224001200808
0413040232004200808
0413040232001200808
0413040240004200808
0413040240001200808
0414010027006200808
0414010027001200808
0414010027004200808
0414010035006200808
0414010035001200808
0414010043001200808
0414010043004200808
0414010051001200808
0414010051004200808
0414010060004200808
0414010060001200808
0414010078004200808
0414010078001200808
0414010086004200808
0414010094004200808
0414010094001200808
0414010108001200808
0414010108004200808
0414010116004200808
0414010116001200808
0414010124004200808
0414010124001200808
0414010132004200808
0414010132001200808
0414010140004200808
0414010140001200808
0414010159001200808
0414010159004200808
0414010167001200808
0414010167004200808
0414010175004200808
0414010183004200808
0414010191004200808
0414010205004200808
0414010230004200808
0414010230001200808
0414010248001200808
0414010248004200808
0414010256001200808
0414010256004200808
0414010264001200808
0414010264004200808
0414010272004200808
0414010272001200808
0414010280004200808
0414010280001200808
0414010329001200808
0414010329004200808
0414020103004200808
0414020111004200808
0414020197004200808
0414020197001200808
0415010012004200808
0415010012001200808
0415010012008200808
0415020018004200808
0415020018008200808
0415020018001200808
0415020018006200808
0415020018009200808
0415020026004200808
0415020026001200808
0415020026008200808
0415030013004200808
0415030013008200808
0415030013001200808
0415040027001200808
0415040027004200808
0415040035001200808
0415040035004200808
0416010016006200808
0416010016001200808
0416010016004200808
0416010024001200808
0416010024004200808
0416010024006200808
0416010032001200808
0416010032004200808
0416010032006200808
0416010040006200808
0416010040001200808
0416010040004200808
0416010059001200808
0416010059004200808
0416010059006200808
0416010067001200808
0416010067006200808
0416010067004200808
0416010075006200808
0416010075004200808
0416010075001200808
0416010083001200808
0416010083004200808
0416010083006200808
0416010091004200808
0416010091006200808
0416010091001200808
0416010105006200808
0416010105001200808
0416010105004200808
0416010113001200808
0416010113004200808
0416010113006200808
0416010121001200808
0416010121006200808
0416010121004200808
0416010130006200808
0416010130001200808
0416010130004200808
0416010148001200808
0416010148004200808
0416010148006200808
0416010156004200808
0416010156001200808
0416010156006200808
0416010164004200808
0416010164001200808
0416010164006200808
0416010172004200808
0416010172001200808
0416010180001200808
0416010180004200808
0416010180006200808
0416010199004200808
0416010199001200808
0416010199006200808
0416020011001200808
0416020011006200808
0416020011004200808
0416020020006200808
0416020020004200808
0416020020001200808
0416020038006200808
0416020038001200808
0416020038004200808
0416020046001200808
0416020046006200808
0416020046004200808
0416020054001200808
0416020054006200808
0416020054004200808
0416020062006200808
0416020062004200808
0416020062001200808
0416020070004200808
0416020070001200808
0416020070006200808
0416020089004200808
0416020089006200808
0416020089001200808
0416020097001200808
0416020097004200808
0416020097006200808
0416020100004200808
0416020100001200808
0416020119004200808
0416020119006200808
0416020119001200808
0416020127006200808
0416020127004200808
0416020127001200808
0416020135001200808
0416020135004200808
0416020143004200808
0416020143001200808
0416020143006200808
0416030017004200808
0416030017001200808
0416030025001200808
0416030025004200808
0416030033001200808
0416030033004200808
0416030033006200808
0416030041001200808
0416030041004200808
0416030041006200808
0416030050001200808
0416030050004200808
0416030050006200808
0416030068006200808
0416030068004200808
0416030068001200808
0416030076004200808
0416030076001200808
0416030076006200808
0416030084001200808
0416030084004200808
0416030084006200808
0416030092006200808
0416030092001200808
0416030092004200808
0416030106001200808
0416030106004200808
0416030106006200808
0416030114004200808
0416030114006200808
0416030114001200808
0416030122001200808
0416030122006200808
0416030122004200808
0416030130001200808
0416030130004200808
0416040012006200808
0416040012004200808
0416040012001200808
0416040020004200808
0416040020001200808
0416040020006200808
0416040039001200808
0416040039004200808
0416040039006200808
0416040047001200808
0416040047006200808
0416040047004200808
0416040055006200808
0416040055004200808
0416040055001200808
0416040063004200808
0416040063001200808
0416040071004200808
0416040071001200808
0416040071006200808
0416040080006200808
0416040080004200808
0416040080001200808
0416040098004200808
0416040098001200808
0416040101004200808
0416040101001200808
0416040101006200808
0416040110001200808
0416040110004200808
0416040110006200808
0416040128001200808
0416040128006200808
0416040128004200808
0416040136006200808
0416040136004200808
0416040136001200808
0416040144004200808
0416040144001200808
0416040144006200808
0416040152006200808
0416040152004200808
0416040152001200808
0416040160001200808
0416040160004200808
0416040160006200808
0416050018004200808
0416050018006200808
0416050018001200808
0416050026004200808
0416050026001200808
0416050026006200808
0416050034004200808
0416050034001200808
0416050034006200808
0416050042004200808
0416050042001200808
0416050050004200808
0416050050006200808
0416050050001200808
0416050069006200808
0416050069004200808
0416050069001200808
0416050077004200808
0416050077006200808
0416050077001200808
0416050085004200808
0416050085001200808
0416050085006200808
0416060013004200808
0416060013001200808
0416060013006200808
0416060021001200808
0416060021006200808
0416060021004200808
0416060030001200808
0416060030006200808
0416060030004200808
0416060048004200808
0416060048001200808
0416060048006200808
0416060056006200808
0416060056004200808
0416060056001200808
0416060064006200808
0416060064001200808
0416060064004200808
0416060072004200808
0416060072006200808
0416060072001200808
0416060080006200808
0416060080004200808
0416060080001200808
0416060099006200808
0416060099004200808
0416060099001200808
0416060102004200808
0416060102006200808
0416060102001200808
0416070027001200808
0416070027006200808
0416070027004200808
0416070035004200808
0416070035001200808
0416070035006200808
0416080014001200808
0416080014004200808
0416080022001200808
0416080022004200808
0416080022006200808
0416080030001200808
0416080030006200808
0416080030004200808
0416080049001200808
0416080049004200808
0416080057004200808
0416080057001200808
0416080065004200808
0416080065001200808
0416080073006200808
0416080073001200808
0416080073004200808
0416080081004200808
0416080081001200808
0416080081006200808
0416080090004200808
0416080090006200808
0416080090001200808
0416080103001200808
0416080103006200808
0416080103004200808
0416090010001200808
0416090010006200808
0416090010004200808
0416090028001200808
0416090028006200808
0416090028004200808
0416090036006200808
0416090036001200808
0416090044001200808
0416090044006200808
0416090052001200808
0416090052004200808
0416090052006200808
0416090060006200808
0416090060001200808
0416090060004200808
0416090079004200808
0416090079001200808
0416090079006200808
0416090087006200808
0416090087001200808
0416090095006200808
0416090095001200808
0416090095004200808
0416090109001200808
0416090109006200808
0416090109004200808
0416110010006200808
0416110010001200808
0416110029006200808
0416110029001200808
0416110037004200808
0416110037006200808
0416110037001200808
0416110045006200808
0416110045001200808
0416110053004200808
0416110053001200808
0416110053006200808
0416120016004200808
0416120016001200808
0416120024006200808
0416120024001200808
0416120024004200808
0416120032004200808
0416120032006200808
0416120032001200808
0416120040006200808
0416120040001200808
0416120040004200808
0416120059004200808
0416120059002200808
0416120059001200808
0416130011006200808
0416130011001200808
0416130011004200808
0416130020004200808
0416130020006200808
0416130020001200808
0416130038004200808
0416130038006200808
0416130038001200808
0416130046001200808
0416130046006200808
0416130046004200808
0416130054001200808
0416130054006200808
0416130054004200808
0416130062004200808
0416130062001200808
0416130062006200808
0417010044005200808
0417010052005200808
0417010060005200808
0418010013009200808
0418010013001200808
0418010021001200808
0418010021009200808
0418010030009200808
0418010030001200808
0418010048009200808
0418010048001200808
0418010064001200808
0418010080001200808
0418010080009200808
0418010099001200808
0418020019009200808
0418020019001200808
0418020027001200808
0418020027009200808
0418020035001200808
0503010014008200808
0503010022008200808
0503020010004200808
0503020010001200808
0503020028004200808
0503020028001200808
0505010011009200808
0505010020009200808
0505010038009200808
0505010046009200808
0505010054009200808
0505010062009200808
0505010070009200808
0505010089009200808
0505010097001200808
0505010100001200808
0505010119001200808
0505010127001200808
0505020041001200808
0505020041009200808
0505020050009200808
0505020050001200808
0505020068001200808
0505020068009200808
0505020076009200808
0505020076001200808
0505020084001200808
0505020084009200808
0505020092001200808
0505020106001200808
0505020114009200808
0505020114001200808
0506010015009200808
0506010023009200808
0506020010007200808
0506020029007200808
0506020037007200808
0506020045007200808
0601010019009200808
0601010027009200808
0601010035009200808
0601010043009200808
0601020014009200808
0601030010009200808
0601030028009200808
0601040015009200808
0601040023009200808
0601040031009200808
0601040040009200808
0601040058009200808
0601050010009200808
0601050029009200808
0601050037009200808
0601050045009200808
0601050053009200808
0601050061009200808
0601050070009200808
0601050088009200808
0601050096009200808
0601050100009200808
0601050118009200808
0601050126009200808
0601050134009200808
0601050142009200808
0601050150009200808
0601050169009200808
0601060016009200808
0601060024009200808
0601070011009200808
0601070020009200808
0601070038009200808
0601070046009200808
0601070054009200808
0601070062009200808
0601070070009200808
0601070089009200808
0601080017009200808
0601080025009200808
0601080033009200808
0601090012009200808
0601090020009200808
0601090039009200808
0601090047009200808
0601090055009200808
0601090063009200808
0601090080009200808
0601090098009200808
0601090101009200808
0601100018009200808
0601100026009200808
0601100034009200808
0601100042009200808
0601100050009200808
0601100069009200808
0601100077009200808
0601100085009200808
0601100093009200808
0601100107009200808
0601100115009200808
0601100123009200808
0601100131009200808
0601100140009200808
0601100158009200808
0601100166009200808
0601110013009200808
0601110021009200808
0601110030009200808
0601110048009200808
0601110056009200808
0601110064009200808
0601110072009200808
0601110080009200808
0601110099009200808
0601110102009200808
0601110110009200808
0601120019009200808
0601120027009200808
0601120035009200808
0601130014009200808
0601130022009200808
0601140010009200808
0601140028009200808
0601140036009200808
0601140044009200808
0601150015009200808
0601150023009200808
0601160010009200808
0601160029009200808
0601160037009200808
0601170016009200808
0601170024009200808
0601170032009200808
0601170040009200808
0601170059009200808
0601170067009200808
0601170075009200808
0601170083009200808
0601170091009200808
0601170105009200808
0601170113009200808
0601170121009200808
0601170130009200808
0601170148009200808
0601180011009200808
0601180020009200808
0601180038009200808
0601180046009200808
0601180054009200808
0601180062009200808
0601180070009200808
0601180089009200808
0601180097009200808
0601180100009200808
0601180119009200808
0601180127009200808
0601180135009200808
0601180143009200808
0601180151009200808
0601180160009200808
0601180178009200808
0601180186009200808
0601180194009200808
0601180208009200808
0601180216009200808
0601180224009200808
0601180232009200808
0601190017009200808
0601190025009200808
0601190033009200808
0601190041009200808
0601190050009200808
0601190068009200808
0601190076009200808
0601190084009200808
0601190092009200808
0601190106009200808
0601190114009200808
0601190122009200808
0601200012009200808
0601200020009200808
0601200039009200808
0601200047009200808
0601200055009200808
0601200063009200808
0601200071009200808
0601200080009200808
0601200098009200808
0601200101009200808
0601200110009200808
0601200128009200808
0601200136009200808
0601200144009200808
0601200152009200808
0601200160009200808
0601200179009200808
0601210018009200808
0601210026009200808
0601210034009200808
0601210042009200808
0601210050009200808
0601210069009200808
0601210077009200808
0601210085009200808
0601210093009200808
0601220013009200808
0601220021009200808
0601220030009200808
0601220048009200808
0601220056009200808
0601220064009200808
0601220072009200808
0601230019009200808
0601240014009200808
0601240022009200808
0601250010009200808
0601250028009200808
0601250036009200808
0601260015009200808
0601270010009200808
0601270029009200808
0601270037009200808
0601270045009200808
0601270053009200808
0601280016009200808
0601280024009200808
0601290011009200808
0601300017009200808
0601300025009200808
0601300033009200808
0601300041009200808
0601310012009200808
0601310020009200808
0601320018009200808
0601320026009200808
0601330013009200808
0601330021009200808
0601330030009200808
0601330048009200808
0601340019009200808
0601350014009200808
0601350022009200808
0601350030009200808
0601350049009200808
0601350057009200808
0601350065009200808
0601350073009200808
0601350081009200808
0601350090009200808
0601350103009200808
0601350111009200808
0601350120009200808
0601350138009200808
0601350146009200808
0601360010009200808
0601360028009200808
0601360036009200808
0601360044009200808
0601360052009200808
0601360060009200808
0601360079009200808
0801010047005200808
