010101001001200808
010101002801200808
010101003601200808
010101004401200808
010102001501200808
010102002301200808
010102003101200808
010102004001200808
010102005801200808
010102006601200808
010102007401200808
010102008201200808
010102009001200808
010103001001200808
010103002901200808
010104001601200808
010104002401200808
010104003201200808
010104004001200808
010201001301200808
010201002101200808
010201003001200808
010201004801200808
010201005601200808
010201006401200808
010201007201200808
010201008001200808
010201009901200808
010201010201200808
010201011001200808
010201012901200808
010201013701200808
010201014501200808
010201015301200808
020101001104200808
020101001101200808
020101002001200808
020101003803200808
020101004604200808
020101004601200808
020101005405200808
020101006201200808
020101006204200808
020101007004200808
020101007001200808
020101008901200808
020101009703200808
020101009702200808
020101010004200808
020101010001200808
020101011903200808
020101011902200808
020101012703200808
020101013503200808
020101014306200808
020101014303200808
020101015102200808
020101016003200808
020101016002200808
020101017804200808
020101017801200808
020101018603200808
020101018602200808
020101019404200808
020101019401200808
020101020803200808
020101021604200808
020101021601200808
020101022404200808
020101022401200808
020101023201200808
020101023204200808
020101024002200808
020101024003200808
020101025903200808
020101026701200808
020101026703200808
020101027501200808
020101027504200808
020101028301200808
020101028304200808
020101029101200808
020101030501200808
020101030503200808
020101031303200808
020101031301200808
020101032101200808
020101032103200808
020101033001200808
020101033003200808
020101034801200808
020101035602200808
020101036401200808
020101037201200808
020101037204200808
020101038001200808
020101038004200808
020101039901200808
020101040201200808
020101040203200808
020101041001200808
020101042905200808
020101043704200808
020101043701200808
020101044501200808
020101045301200808
020101046101200808
020101047001200808
020101048804200808
020101048801200808
020101049601200808
020101049604200808
020101050001200808
020101050004200808
020101051801200808
020101051804200808
020101052604200808
020101052601200808
020101053403200808
020101054202200808
020101055003200808
020101056902200808
020101057703200808
020101058502200808
020101059301200808
020101060702200808
020101061504200808
020101061501200808
020101062301200808
020101062304200808
020101063101200808
020101063105200808
020101064001200808
020101065801200808
020101066602200808
020101066604200808
020102001701200808
020102002501200808
020102003301200808
020102004101200808
020102005001200808
020201001501200808
020201002301200808
020201002305200808
020201003101200808
020201004005200808
020201004001200808
020201005805200808
020201005801200808
020201006601200808
020201006607200808
020201006605200808
020201007405200808
020201007401200808
020201008205200808
020201008201200808
020201009005200808
020201009001200808
020201010401200808
020201011201200808
020201012005200808
020201012001200808
020201013901200808
020201014705200808
020201014701200808
020201015501200808
020201016301200808
020201017101200808
020201018005200808
020201018001200808
020201019805200808
020201019801200808
020201020101200808
020201020105200808
020201021005200808
020201021001200808
020201021007200808
020201022801200808
020201022805200808
020201023601200808
020201024405200808
020201025205200808
020201025201200808
020201026005200808
020201026001200808
020201027907200808
020201027901200808
020201027905200808
020201028707200808
020201028701200808
020201029505200808
020201029507200808
020201029501200808
020201030905200808
020201030901200808
020201031701200808
020201031707200808
020201031705200808
020201032501200808
020201032505200808
020201033301200808
020201033305200808
020201034101200808
020201035001200808
020201036805200808
020201036801200808
020201037601200808
020201037605200808
020201038401200808
020201038407200808
020201038405200808
020201039201200808
020201039205200808
020201039207200808
020201040607200808
020201040605200808
020201040601200808
020201041405200808
020201041401200808
020201042205200808
020201042201200808
020201042207200808
020201043005200808
020201043007200808
020201043001200808
020201044901200808
020201044905200808
020201045701200808
020201046505200808
020201046501200808
020201047305200808
020201047307200808
020201047301200808
020201048101200808
020201049001200808
020201049005200808
020201050301200808
020201050305200808
020201051105200808
020201051101200808
020201052001200808
020201053805200808
020201053801200808
020201054605200808
020201054601200808
020201055401200808
020201055405200808
020201056205200808
020201056201200808
020201057005200808
020201057001200808
020201058905200808
020201058901200808
020201059701200808
020201060007200808
020201060001200808
020201060005200808
020201061901200808
020201061905200808
020201062705200808
020201062707200808
020201062701200808
020201063505200808
020201063501200808
020201064301200808
020201064305200808
020201065107200808
020201065101200808
020201065105200808
020201066001200808
020201066005200808
020201066007200808
020201067805200808
020201067807200808
020201067801200808
020201068601200808
020201069405200808
020201069401200808
020201069407200808
020201070805200808
020201070801200808
020201071605200808
020201071601200808
020201072401200808
020201072405200808
020201073205200808
020201073201200808
020201074005200808
020201074001200808
020201075901200808
020202001005200808
020202001001200808
020202002905200808
020202002901200808
020202003705200808
020202003701200808
020202004501200808
020202004505200808
020202005301200808
020202006101200808
020202007005200808
020202007001200808
020202008801200808
020202009605200808
020202009601200808
020202010005200808
020202010001200808
020202011801200808
020202012605200808
020202012601200808
020202013405200808
020202013401200808
020202014205200808
020202014201200808
020202015005200808
020202015001200808
020202016901200808
020202016905200808
020202017705200808
020202017701200808
020202018501200808
020202018505200808
020202019305200808
020202019301200808
020202020701200808
020202020705200808
020202021505200808
020202021501200808
020202022301200808
020202022305200808
020202023101200808
020202023105200808
020202024001200808
020202024005200808
020202025805200808
020202025801200808
020202026601200808
020202026605200808
020202027405200808
020202027401200808
020202028201200808
020202028205200808
020202029005200808
020202029001200808
020202030401200808
020202030407200808
020202030405200808
020202031201200808
020202032005200808
020202032001200808
020202033901200808
020202034705200808
020202034701200808
020202035501200808
020202035505200808
020202036301200808
020202036305200808
020202037105200808
020202037107200808
020202037101200808
020202038001200808
020202038005200808
020202038007200808
020202039805200808
020202039801200808
020202040105200808
020202040101200808
020202041005200808
020202041001200808
020202042801200808
020202043601200808
020202043605200808
020202044405200808
020202044401200808
020202045205200808
020202045201200808
020202046005200808
020202046001200808
020202047905200808
020202048701200808
020202048705200808
020202049501200808
020202049505200808
020202050905200808
020202050901200808
020202051701200808
020202052501200808
020202053301200808
020202053305200808
020202054105200808
020202054101200808
020203001601200808
020203001605200808
020203002402200808
020203003201200808
020203003205200808
020203004001200808
020203005902200808
020203006701200808
020203006705200808
020203007501200808
020203007505200808
020203008301200808
020203008305200808
020203009101200808
020203009105200808
020203010501200808
020203011301200808
020203011305200808
020203012101200808
020203012105200808
020203013005200808
020203013001200808
020203014805200808
020203014801200808
020203015601200808
020203016405200808
020203016401200808
020203017205200808
020203018001200808
020203019901200808
020203020205200808
020203020201200808
020203021002200808
020203022901200808
020203022905200808
020203023702200808
020203024501200808
020203024505200808
020203025301200808
020203026101200808
020203027001200808
020203027005200808
020203028801200808
020203028805200808
020203029605200808
020203029601200808
020203030007200808
020203030005200808
020203030001200808
020203031801200808
020203031805200808
020203032601200808
020203033401200808
020203034201200808
020203035001200808
020203036901200808
020203037701200808
020203038501200808
020203039301200808
020203040701200808
020203040705200808
020203041505200808
020203041501200808
020203042301200808
020203043101200808
020203044001200808
020203045801200808
020203046605200808
020203046601200808
020203047405200808
020203047401200808
020203048201200808
020203049001200808
020203050401200808
020203051201200808
020203052001200808
020203053901200808
020203054701200808
020203054705200808
020203055501200808
020203056301200808
020203057101200808
020203058001200808
020203059801200808
020203059805200808
020203060101200808
020203061001200808
020203062801200808
020203063601200808
020203063607200808
020203063605200808
020203064401200808
020203065201200808
020203066001200808
020203067907200808
020203067902200808
020203067905200808
020203068701200808
020203069501200808
020203070901200808
020203070905200808
020203071701200808
020203071705200808
020203072501200808
020203073305200808
020203073301200808
020203074105200808
020203074101200808
020203075001200808
020203076801200808
020203076805200808
020203077601200808
020203077605200808
020203078401200808
020203078405200808
020203079201200808
020203080601200808
020203081401200808
020203081405200808
020203082201200808
020203083001200808
020203084901200808
020203085701200808
020203085705200808
020203086501200808
020203087305200808
020203087301200808
020203088105200808
020203088101200808
020203089001200808
020203089007200808
020203089005200808
020203090301200808
020203091101200808
020203092005200808
020203092001200808
020203093801200808
020203094601200808
020203095401200808
020203096201200808
020203097005200808
020203097007200808
020203097001200808
020203098901200808
020203099701200808
020203100405200808
020203100401200808
020203101205200808
020203101201200808
020203102001200808
020203103901200808
020203104705200808
020203104701200808
020203105501200808
020203106301200808
020203107102200808
020203108002200808
020203109804200808
020203109801200808
020203110101200808
020203110105200808
020203111005200808
020203111001200808
020203112805200808
020203112801200808
020203113605200808
020203113601200808
020203114405200808
020203114401200808
020203115201200808
020203116005200808
020203116001200808
020203117901200808
020203117905200808
020204001101200808
020204002001200808
020204003805200808
020204003801200808
020204004605200808
020204004601200808
020204005401200808
020204006201200808
020204007005200808
020204007001200808
020204008901200808
020204009701200808
020204009705200808
020204010001200808
020204011901200808
020204012701200808
020204012705200808
020204013505200808
020204013501200808
020204014305200808
020204014301200808
020204015101200808
020204016001200808
020204017801200808
020205001705200808
020205001701200808
020205002505200808
020205002501200808
020205003301200808
020205004101200808
020205004105200808
020205005001200808
020205005005200808
020205006805200808
020205006801200808
020205007601200808
020205008401200808
020205009201200808
020205010601200808
020205011405200808
020205011401200808
020205012201200808
020205013001200808
020205013005200808
020205014901200808
020205015701200808
020205016501200808
020205017301200808
020205018105200808
020205018101200808
020205019001200808
020205020301200808
020205021101200808
020205022005200808
020205022001200808
020205023801200808
020205023805200808
020205024605200808
020205024601200808
020205025401200808
020205025405200808
020205026201200808
020205027001200808
020205028901200808
020205029701200808
020205030001200808
020205030005200808
020205031901200808
020205032701200808
020206001201200808
020206002001200808
020206003901200808
020206004701200808
020206005505200808
020206005501200808
020206006301200808
020206007101200808
020206008001200808
020206009805200808
020206009801200808
020206010101200808
020206011005200808
020206011001200808
020206012801200808
020206013607200808
020206013601200808
020206014401200808
020206015205200808
020206015201200808
020206016001200808
020206016005200808
020206017901200808
020206017905200808
020206018705200808
020206018701200808
020206019501200808
020206020901200808
020206021705200808
020206021701200808
020206022501200808
020206022505200808
020206023305200808
020206023301200808
020206024101200808
020206024105200808
020206025005200808
020206025001200808
020206026805200808
020206026801200808
020206027601200808
020206027607200808
020206028401200808
020206029205200808
020206029201200808
020206030605200808
020206030601200808
020206031401200808
020206031405200808
020206032201200808
020206033005200808
020206033001200808
020206034905200808
020206034901200808
020206035701200808
020206036501200808
020206037305200808
020206037301200808
020206038105200808
020206038101200808
020206039001200808
020206039005200808
020206040301200808
020206041101200808
020206042001200808
020206043801200808
020206044601200808
020206045401200808
020206046201200808
020207001801200808
020207002601200808
020207003401200808
020207004201200808
020207005001200808
020207006901200808
020207007701200808
020207008507200808
020207008501200808
020207009305200808
020207009301200808
020207010701200808
020207011501200808
020207012301200808
020207012305200808
020207013101200808
020207014001200808
020207015801200808
020207016601200808
020207017401200808
020207018202200808
020207018205200808
020207019005200808
020207019001200808
020207020405200808
020207020401200808
020207021201200808
020207022001200808
020207023901200808
020207024701200808
020207025501200808
020207025505200808
020207026301200808
020207027101200808
020207027105200808
020207028001200808
020207029801200808
020207030101200808
020207031001200808
020207032801200808
020207033601200808
020207034401200808
020207035201200808
020207035207200808
020208001301200808
020208001305200808
020208002101200808
020208002105200808
020208003005200808
020208003001200808
020208004801200808
020208004805200808
020208005601200808
020208006401200808
020208006405200808
020208007201200808
020208007205200808
020208008001200808
020208008005200808
020208009901200808
020208010201200808
020208011001200808
020208011005200808
020208012905200808
020208012901200808
020208013701200808
020208013705200808
020208014501200808
020208014505200808
020208015301200808
020208015305200808
020208016101200808
020208016105200808
020208017001200808
020208018801200808
020208019601200808
020208020001200808
020208021801200808
020208022601200808
020208023401200808
020209001905200808
020209001901200808
020209002701200808
020209003501200808
020209004301200808
020209005101200808
020209005105200808
020209006001200808
020209006005200808
020209007805200808
020209007801200808
020209008601200808
020209009401200808
020209010801200808
020209010805200808
020209011601200808
020209012405200808
020209012401200808
020209013201200808
020209013205200808
020209014005200808
020209015905200808
020209015901200808
020209016701200808
020209016705200808
020209017501200808
020209018305200808
020209018301200808
020209019101200808
020209019105200808
020209021305200808
020209021301200808
020209022101200808
020209023001200808
020209023005200808
020209024801200808
020209025601200808
020209025605200808
020209026401200808
020209027205200808
020209027201200808
020209028001200808
020209029905200808
020209029901200808
020209030201200808
020209030205200808
020209031001200808
020209032901200808
020209032905200808
020209033701200808
020209033705200808
020209034501200808
020209035301200808
020210001401200808
020210002201200808
020210003001200808
020211001001200808
020211002802200808
020211003602200808
020211004401200808
020211005201200808
020211006001200808
020211007901200808
020211008701200808
020212001501200808
020212001505200808
020212002301200808
020212002305200808
020212003101200808
020212003105200808
020212004005200808
020212004001200808
020212005801200808
020212005805200808
020212006601200808
020212006605200808
020212007405200808
020212007401200808
020212008205200808
020212008201200808
020212009001200808
020212009005200808
020212010405200808
020212010401200808
020301001902200808
020301002701200808
020301002704200808
020301003501200808
020301003504200808
020301004302200808
020302001402200808
020302002202200808
020302003001200808
020302003004200808
020302004902200808
020302005705200808
020302006502200808
020302007302200808
020302008102200808
020401001201200808
020401001205200808
020401002001200808
020401003905200808
020401003901200808
020401004705200808
020401004701200808
020401005501200808
020401005505200808
020401006305200808
020401006301200808
020401007101200808
020401007105200808
020401008005200808
020401008001200808
020401009801200808
020401009805200808
020401010105200808
020401010101200808
020401011001200808
020401011005200808
020401012805200808
020401012801200808
020401013601200808
020401013605200808
020401014401200808
020401014405200808
020401015201200808
020401015205200808
020401016001200808
020401016005200808
020401017905200808
020401017901200808
020401018701200808
020401018705200808
020401019505200808
020401019501200808
020401020905200808
020401020901200808
020402001804200808
020402001802200808
020402002601200808
020402003401200808
020402003405200808
020402004205200808
020402004201200808
020402005005200808
020402005001200808
020402006905200808
020402006901200808
020402007701200808
020402007705200808
020402008501200808
020402008505200808
020402009305200808
020402009301200808
020402010705200808
020402010701200808
020402011501200808
020402012301200808
020402012305200808
020402013105200808
020403001301200808
020403001304200808
020403002101200808
020403002105200808
020403003002200808
020403004804200808
020403004802200808
020403005605200808
020403005601200808
020403006401200808
020403006405200808
020403007205200808
020403007201200808
020403008005200808
020403008001200808
020403009905200808
020403009901200808
020403010205200808
020403010201200808
020403011005200808
020403011001200808
020403012905200808
020403012901200808
020403013701200808
020403013705200808
020403014505200808
020403014501200808
020403015301200808
020403015305200808
020403015307200808
020403016102200808
020403017001200808
020403017005200808
020404001901200808
020404001905200808
020404002705200808
020404002701200808
020404003505200808
020404003501200808
020404004305200808
020404004301200808
020404005101200808
020404005105200808
020404006005200808
020404006001200808
020404007801200808
020404007805200808
020404008601200808
020404008605200808
020404009401200808
020404009405200808
020404010801200808
020404010805200808
020404011601200808
020404011605200808
020404012401200808
020404012405200808
020405001401200808
020405001405200808
020405002205200808
020405002201200808
020405003005200808
020405003001200808
020405004901200808
020405004905200808
020405005705200808
020405005701200808
020405006505200808
020405006501200808
020405007301200808
020405008105200808
020405008101200808
020405009005200808
020405010305200808
020405010301200808
020405011105200808
020405011101200808
020405012001200808
020405012005200808
020405013801200808
020405013805200808
020405014601200808
020405014605200808
020405015405200808
020405015401200808
020405016201200808
020405017005200808
020405017001200808
020405018905200808
020405018901200808
020406001005200808
020406001001200808
020406002802200808
020406003601200808
020406003605200808
020406004401200808
020406005201200808
020406006001200808
020406006005200808
020406007901200808
020406007905200808
020406008705200808
020406008701200808
020406009501200808
020406009505200808
020406010905200808
020406010901200808
020406011705200808
020406011701200808
020406012501200808
020406012505200808
020406013301200808
020406013305200808
020406014101200808
020406015001200808
020406015005200808
020406016805200808
020406016801200808
020406017601200808
020501001604200808
020501001602200808
020501002402200808
020501002404200808
020501003207200808
020501003202200808
020501003204200808
020501004004200808
020501004001200808
020501005901200808
020502001104200808
020502002001200808
020502003804200808
020502003801200808
020502004601200808
020502004604200808
020502005404200808
020502005401200808
020502006201200808
020502007004200808
020502007001200808
020502008904200808
020502008901200808
020502009702200808
020502010001200808
020502011901200808
020502011904200808
020502012704200808
020502012701200808
020502013504200808
020502013501200808
020502014304200808
020502014301200808
020502015101200808
020502016004200808
020502016001200808
020502017804200808
020502017801200808
020502018601200808
020502019402200808
020601001004200808
020601001002200808
020601002802200808
020601002804200808
020601003604200808
020601003602200808
020601004402200808
020601004404200808
020601005202200808
020601006004200808
020601006002200808
020601007904200808
020601007902200808
020601008702200808
020602001502200808
020602002302200808
020602003102200808
020602003104200808
020602004004200808
020603001004200808
020603001002200808
020603002902200808
020603003702200808
020603003704200808
020701001302200808
020701001304200808
020701002105200808
020701002102200808
020701003002200808
020701003004200808
020701004802200808
020701004804200808
020701005604200808
020701005602200808
020701006404200808
020701006402200808
020701007204200808
020701007202200808
020702001902200808
020702001904200808
020702002704200808
020702002702200808
020702003502200808
020702003504200808
020703001404200808
020703001402200808
020703002202200808
020703002204200808
020703003002200808
020703003004200808
020703004902200808
020703004904200808
020801001702200808
020801002504200808
020801002502200808
020801003304200808
020801003302200808
020801004102200808
020801004104200808
020801005002200808
020801005004200808
020801006804200808
020801006802200808
020801007604200808
020801007602200808
020801008404200808
020801008402200808
020801009202200808
020801009204200808
020802001204200808
020802001202200808
020802002002200808
020802002004200808
020802003904200808
020802003902200808
020802004705200808
020802005502200808
020802005504200808
020802006302200808
020802006304200808
020802007102200808
020802007104200808
020802008002200808
020802008004200808
020802009804200808
020802009802200808
020802010102200808
020802010104200808
020802011004200808
020802011002200808
020802012804200808
020802012802200808
020803001804200808
020803001802200808
020803002604200808
020803002602200808
020803003402200808
020803003404200808
020803004204200808
020803004202200808
020803005002200808
020803005004200808
020804001305200808
020804002104200808
020804002102200808
020804003004200808
020804003002200808
020804004805200808
020804005602200808
020804005604200808
020804006402200808
020804006404200808
020804007204200808
020804007202200808
020804008004200808
020804008002200808
020804009904200808
020804009902200808
020804010202200808
020804010204200808
020805001904200808
020805001902200808
020805002705200808
020805003504200808
020805003502200808
020805004304200808
020805004302200808
020806001402200808
020806001404200808
020806002202200808
020806002204200808
020806003004200808
020806003002200808
020807001004200808
020807001002200808
020807002804200808
020807002802200808
020807003602200808
020807003604200808
020807004404200808
020807004402200808
020808001504200808
020808001502200808
020808002305200808
020808002302200808
020808003104200808
020808003102200808
020808004002200808
020808004004200808
020809001002200808
020809001004200808
020809002902200808
020809003704200808
020809003702200808
020901001001200808
020901001004200808
020901002901200808
020901002904200808
020901003701200808
020901003704200808
020901004501200808
020901004504200808
020901005301200808
020901005304200808
020901006101200808
020901006104200808
020902001601200808
020902001604200808
020903001101200808
020904001701200808
020904001704200808
020904002501200808
020904003301200808
020904003303200808
020904004101200808
020904005003200808
021001001004200808
021001002902200808
021001003705200808
021001004504200808
021001004502200808
021001005304200808
021001005302200808
021001006104200808
021001006102200808
021001007002200808
021001007004200808
021001008802200808
021001009604200808
021001009602200808
021001010004200808
021001010002200808
021001011802200808
021001011804200808
021001012602200808
021001012604200808
021001013404200808
021001013402200808
021001014204200808
021001014202200808
021001015002200808
021001015004200808
021001016902200808
021001016904200808
021001017702200808
021001018502200808
021001019304200808
021001019302200808
021001020702200808
021002001604200808
021002001602200808
021101001401200808
021101002205200808
021101002201200808
021101003001200808
021101003005200808
021101004901200808
021102001004200808
021102001006200808
021102002806200808
021102002804200808
021102003601200808
021102003605200808
021102004405200808
021102004401200808
021102004407200808
021102005201200808
021102006001200808
021102006007200808
021102006005200808
021103001502200808
021103001504200808
021103002304200808
021103002302200808
021103003102200808
021103003104200808
021103004005200808
021103004002200808
021103005802200808
021103005805200808
021103006602200808
021103006604200808
021103007404200808
021103007402200808
021103008204200808
021103008202200808
021103009002200808
021103009004200808
021104001001200808
021104001005200808
021104002905200808
021104002901200808
021104003701200808
021104004501200808
021104005301200808
021104006101200808
021104006105200808
021105001605200808
021105002405200808
021105002401200808
021105003205200808
021105003201200808
021105004005200808
021105004001200808
021105005901200808
021105006705200808
021105006701200808
021105007501200808
021105008301200808
021105008305200808
021105009103200808
021105010503200808
021105011305200808
021105011301200808
021105012105200808
021105012101200808
021105013001200808
021105013005200808
021105014804200808
021105015601200808
021106001101200808
021106002001200808
021106003801200808
021106005401200808
021106006201200808
021106007001200808
021106008901200808
021106009701200808
021106010001200808
021106011901200808
021106012701200808
021106013501200808
021106014301200808
021106015101200808
021106016001200808
021106017801200808
021106018601200808
021106019401200808
021106020801200808
021106021601200808
021106022401200808
021106023201200808
021106024001200808
021106025904200808
021106025901200808
021106026701200808
021106027501200808
021107001701200808
021107002505200808
021107002507200808
021107002501200808
021107003307200808
021107003301200808
021107004105200808
021107004101200808
021107004107200808
021107005001200808
021107006801200808
021107007601200808
021107008401200808
021107009206200808
021107010606200808
021107011401200808
021107012201200808
021107013001200808
021107014901200808
021107015707200808
021107015701200808
021107016501200808
021107017301200808
021107018101200808
021107019001200808
021107020305200808
021107020307200808
021107020301200808
021107021101200808
021107021105200808
021107021107200808
021107022001200808
021107023801200808
021107024601200808
021107024607200808
021107025401200808
021107026207200808
021107026201200808
021107027001200808
021107028901200808
021107029706200808
021107030006200808
021107031906200808
021107032701200808
021107033501200808
021107034301200808
021107035101200808
021107035105200808
021107036001200808
021108001205200808
021108001201200808
021108002001200808
021108003901200808
021108004701200808
021108004705200808
021108005501200808
021108006305200808
021108006301200808
021108007105200808
021108007101200808
021108008001200808
021108008005200808
021109001801200808
021109002601200808
021109003401200808
021109004201200808
021109004205200808
021109005001200808
021109006901200808
021109007701200808
021110001301200808
021110001305200808
021201001801200808
021201002601200808
021201002604200808
021201003401200808
021201003404200808
021201004201200808
021201005001200808
021202001301200808
021202002101200808
021202003001200808
021202004801200808
021202005601200808
021202006401200808
021301001101200808
021301002001200808
021301003801200808
021301004601200808
021301005401200808
021301006201200808
021301007001200808
021301008901200808
021301009701200808
021301010001200808
021301011901200808
021301012701200808
021301013501200808
021301014301200808
021301015101200808
021301016001200808
021301017801200808
021301018601200808
021301019401200808
021301020801200808
021301021601200808
021301022401200808
021301023201200808
021301024001200808
021301025901200808
021301026701200808
021301027501200808
021301028301200808
021301029101200808
021301030501200808
021301031301200808
021301032101200808
021301033001200808
021301034801200808
021301035601200808
021301036401200808
021301037201200808
021301038001200808
021301039901200808
021301040201200808
021301041001200808
021301042901200808
021301043701200808
021301044501200808
021301045301200808
021301046101200808
021301047001200808
021301048801200808
021301049601200808
021301050001200808
021301051801200808
021301052601200808
021301053401200808
021301054201200808
021301055001200808
021301056901200808
021301057701200808
021301058501200808
021301059301200808
021301060701200808
021301061501200808
021301062301200808
021301063101200808
021301064001200808
021301065801200808
021301066601200808
021301067401200808
021301068201200808
021301069001200808
021301070401200808
021301071201200808
021302001701200808
021302002501200808
021302003301200808
021302004101200808
021302005001200808
021302006801200808
021302007601200808
021302008401200808
021401001501200808
021401002301200808
021401003101200808
021401004001200808
021401004004200808
021401005804200808
021401005801200808
030101001301200808
030101002101200808
030101003001200808
030101004801200808
030101004805200808
030101005601200808
030101006401200808
030101007201200808
030101008001200808
030101009901200808
030101010202200808
030101011001200808
030101012901200808
030101013701200808
030101014504200808
030101015301200808
030101016101200808
030101017005200808
030102001902200808
030102002702200808
030102003502200808
030103001401200808
030103002201200808
030103003001200808
030103004901200808
030103005701200808
030103006501200808
030103007301200808
030103008101200808
030103009001200808
030103010301200808
030103011101200808
030103012001200808
030103013801200808
030103014601200808
030103015401200808
030103016201200808
030103017001200808
030103018901200808
030104001001200808
030104002801200808
030104003601200808
030104004401200808
030105001506200808
030105002302200808
030105003102200808
030105004002200808
030105005801200808
030105006607200808
030105006605200808
030105007403200808
030106001003200808
030106002901200808
030106003701200808
030106004501200808
030106005301200808
030106006101200808
030106007003200808
030106008803200808
030106009601200808
030106010001200808
030107001606200808
030107002402200808
030107003206200808
030107004002200808
030107005902200808
030107006702200808
030107007502200808
030107008301200808
030107009101200808
030107010502200808
030107011302200808
030107012102200808
030107013002200808
030108001101200808
030108002006200808
030108003807200808
030108003806200808
030108004606200808
030108005406200808
030108006206200808
030108007006200808
030108008906200808
030108009706200808
030108010006200808
030108011906200808
030108012706200808
030108013506200808
030108014301200808
030108015101200808
030108016001200808
030108017801200808
030109001703200808
030109002503200808
030110001201200808
030110002001200808
030110003901200808
030110004705200808
030110004701200808
030110005505200808
030110005501200808
030110006305200808
030110007105200808
030110008005200808
030110009805200808
030110010101200808
030110010105200808
030110011005200808
030110012805200808
030110012801200808
030110013601200808
030110014401200808
030110014405200808
030110015201200808
030110016004200808
030110017901200808
030110017905200808
030110018701200808
030111001806200808
030111002606200808
030112001302200808
030112002102200808
030112003002200808
030112004802200808
030112005606200808
030113001906200808
030113002706200808
030201001702200808
030201001704200808
030201002502200808
030201002504200808
030201003304200808
030202001202200808
030202001204200808
030202002002200808
030202002004200808
030202003904200808
030202003902200808
030203001802200808
030203001804200808
030203002602200808
030203002604200808
030204001302200808
030204001304200808
030204002102200808
030204002104200808
030204003004200808
030204003002200808
030204004804200808
030204004802200808
030204005602200808
030204005604200808
030205001904200808
030205001902200808
030205002702200808
030205003504200808
030206001404200808
030206001402200808
030206002202200808
030206002204200808
030206003004200808
030206003002200808
030206004902200808
030206005704200808
030206005702200808
030207001002200808
030207001004200808
030207002804200808
030207003602200808
030301001003200808
030301002903200808
030301003703200808
030301004503200808
030301005303200808
030301006103200808
030301007003200808
030301008803200808
030301009603200808
030301010003200808
030301011803200808
030301012603200808
030301013403200808
030301014203200808
030301015003200808
030301016903200808
030301017703200808
030301018503200808
030301019303200808
030301020703200808
030301021503200808
030302001601200808
030302002401200808
030302003203200808
030302004003200808
030302005903200808
030302006703200808
030302007503200808
030302008303200808
030303001103200808
030303002003200808
030303003803200808
030303004603200808
030303005403200808
030303006203200808
030303007006200808
030304001703200808
030304002503200808
030304003303200808
030304004103200808
030304005003200808
030304006803200808
030304007603200808
030304008403200808
030304009203200808
030304010603200808
030304011403200808
030304012203200808
030304013003200808
030304014903200808
030304015703200808
030304016503200808
030304017303200808
030304018103200808
030304019003200808
030304020303200808
030304021103200808
030304022003200808
030304023803200808
030304024603200808
030304025403200808
030304026203200808
030304027003200808
030304028903200808
030304029703200808
030305001202200808
030305002001200808
030305003902200808
030305004702200808
030305005502200808
030305006302200808
030305007102200808
030305008002200808
030305009802200808
030305010102200808
030305011002200808
030305012802200808
030305013603200808
030305014403200808
030305015202200808
030305016002200808
030305017902200808
030305018702200808
030305019502200808
030305020902200808
030306001803200808
030306002603200808
030306003403200808
030306004203200808
030306005003200808
030306006903200808
030306007703200808
030306008503200808
030306009303200808
030306010703200808
030306011503200808
030306012303200808
030306013103200808
030306014003200808
030306015803200808
030306016603200808
030306017403200808
030306018203200808
030306019003200808
030306020403200808
030306021203200808
030306022003200808
030306023903200808
030306024703200808
030306025503200808
030306026303200808
030306027103200808
030306028003200808
030306029803200808
030306030103200808
030307001301200808
030307002104200808
030307003001200808
030307004801200808
030307005601200808
030307006403200808
030307007203200808
030307008003200808
030307009903200808
030307010203200808
030307011003200808
030307012903200808
030308001901200808
030308002701200808
030308003501200808
030308004303200808
030308005103200808
030308006003200808
030308007803200808
030308008603200808
030308009403200808
030309001405200808
030309001401200808
030309002205200808
030309002201200808
030309003001200808
030309004901200808
030309004904200808
030309007301200808
030309008101200808
030309009001200808
030309011101200808
030309012005200808
030309012001200808
030309013803200808
030309014605200808
030309014601200808
030309015401200808
030309016201200808
030309017005200808
030309018905200808
030309018901200808
030309019703200808
030309020001200808
030309020003200808
030309021901200808
030309022705200808
030309022701200808
030309023503200808
030309023501200808
030309024303200808
030309025101200808
030309026001200808
030309028601200808
030309028603200808
030309029403200808
030309030801200808
030309030803200808
030309031603200808
030309032403200808
030309033203200808
030309034003200808
030309035903200808
030309036703200808
030309037503200808
030310001003200808
030310002803200808
030310003603200808
030310004403200808
030310005203200808
030311001503200808
030311002303200808
030311003103200808
030311004003200808
030311005803200808
030311006603200808
030311007403200808
030311008203200808
030311009003200808
030311010403200808
030311011203200808
030312002905200808
030312003705200808
030312004505200808
030312005301200808
030312006102200808
030312007002200808
030313001603200808
030313002403200808
030313003203200808
030313004003200808
030313005903200808
030313006703200808
030313007503200808
030313008303200808
030314001101200808
030314002003200808
030314003803200808
030314004603200808
030314005403200808
030314006203200808
030314007003200808
030314008903200808
030314009703200808
030314010003200808
030314011903200808
030314011901200808
030314012703200808
030314013503200808
030314014303200808
030314015103200808
030315001703200808
030315002503200808
030315003303200808
030315004103200808
030315005003200808
030315006803200808
030316001203200808
030316002003200808
030316003903200808
030316004703200808
030316005503200808
030316006303200808
030316007103200808
030317001803200808
030317002603200808
030317003403200808
030317004203200808
030317005003200808
030317006903200808
030317007703200808
030317008503200808
030317009303200808
030317010703200808
030318001303200808
030318003003200808
030318004803200808
030318005603200808
030318006403200808
030318007203200808
030319001903200808
030401001406200808
030401002206200808
030401003002200808
030401004903200808
030401005703200808
030401006503200808
030401007306200808
030401008107200808
030401009006200808
030401010302200808
030401011103200808
030401012006200808
030401013806200808
030401014606200808
030401015407200808
030401016203200808
030401017007200808
030401018907200808
030401019707200808
030401020007200808
030401021906200808
030401022706200808
030401023506200808
030401024306200808
030401026006200808
030401028606200808
030401029406200808
030401030807200808
030401031607200808
030401032403200808
030401033203200808
030402001006200808
030402002806200808
030402003606200808
030402004406200808
030402005206200808
030402006006200808
030402007906200808
030402008706200808
030402009506200808
030402010906200808
030402011706200808
030402012506200808
030402013306200808
030402014106200808
030402015006200808
030402016806200808
030402017606200808
030402018406200808
030402019206200808
030402020606200808
030402021406200808
030402022206200808
030402023006200808
030402024906200808
030402025706200808
030402026506200808
030402027306200808
030402028106200808
030402029006200808
030402030306200808
030402031106200808
030402032006200808
030402033806200808
030402034606200808
030402035406200808
030402036206200808
030402037006200808
030403001506200808
030403002306200808
030403003106200808
030403004006200808
030403005806200808
030403006606200808
030403007406200808
030403008206200808
030403009006200808
030403010406200808
030403011206200808
030403012006200808
030403013906200808
030403014706200808
030403015506200808
030403016306200808
030403017106200808
030403018006200808
030403019806200808
030403020106200808
030403021006200808
030404001006200808
030404002906200808
030404003706200808
030404004506200808
030404005306200808
030404006106200808
030404007006200808
030404008806200808
030404009606200808
030404010006200808
030404011806200808
030404012606200808
030404013406200808
030404014206200808
030404015006200808
030404016906200808
030405001606200808
030405002406200808
030405003206200808
030405004006200808
030405006706200808
030405007506200808
030405011306200808
030405012106200808
030405013006200808
030405014806200808
030405016406200808
030405017206200808
030405018006200808
030405020206200808
030405021006200808
030405022906200808
030406001106200808
030406003806200808
030406004606200808
030406005406200808
030406006206200808
030406007006200808
030406008906200808
030406009706200808
030406010006200808
030406011906200808
030406012706200808
030406013506200808
030406015106200808
030406016006200808
030406017806200808
030406018606200808
030406019406200808
030406020806200808
030406021606200808
030407001706200808
030407002506200808
030407003306200808
030407004106200808
030407005006200808
030408001207200808
030408002003200808
030408003903200808
030408004703200808
030408005507200808
030408005506200808
030408006303200808
030408007106200808
030408007107200808
030409001803200808
030409002603200808
030409003403200808
030409004203200808
030410001303200808
030501001807200808
030501002606200808
030501003404200808
030501004204200808
030501005007200808
030501006906200808
030501007707200808
030501008506200808
030501009307200808
030501010706200808
030501011506200808
030501012307200808
030501013104200808
030501014004200808
030501015804200808
030501016606200808
030501017403200808
030501018206200808
030501018207200808
030501019004200808
030502001303200808
030502002103200808
030502003003200808
030502004803200808
030502005603200808
030601001101200808
030601002001200808
030601003801200808
030602001701200808
030602001704200808
030602002501200808
030602002505200808
030602003305200808
030602003301200808
030602004104200808
030602004101200808
030602005004200808
030602005001200808
030602006804200808
030602006801200808
030602007604200808
030602007601200808
030602008404200808
030602008401200808
030602009201200808
030602010604200808
030602010601200808
030602011401200808
030602011404200808
030602012204200808
030602012201200808
030602013004200808
030602013001200808
030602014901200808
030602014904200808
030602015701200808
030701001501200808
030701002301200808
030701003101200808
030701004001200808
030701005801200808
030702001001200808
030702002901200808
030702003701200808
030702004501200808
030702005301200808
030702006101200808
030702007001200808
030702008801200808
030702009601200808
030702010001200808
030702011801200808
030703001601200808
030703002401200808
030703003201200808
030704001101200808
030704002006200808
030704003801200808
030704004601200808
030704005406200808
030704006201200808
030704007001200808
030704008901200808
030801001903200808
030801002703200808
030801003503200808
030801004303200808
030802001404200808
030802002203200808
030802003003200808
030803001003200808
030803002803200808
030803003603200808
030804001503200808
030804002303200808
030901001204200808
030901002004200808
030901003904200808
030901004704200808
030901005504200808
030901006304200808
030901007104200808
030901008004200808
030901009804200808
030901010104200808
030902001801200808
030902002601200808
030902003401200808
030903001301200808
030903002101200808
030903003001200808
030903004801200808
030903005605200808
030903005601200808
030903006401200808
030903007201200808
030903008001200808
030903009905200808
030903010206200808
030903011006200808
030903012906200808
030903013706200808
030903014505200808
030903014501200808
030903015301200808
030904001905200808
030904002705200808
030904002701200808
030905001401200808
030905002201200808
030905003001200808
031001001202200808
031001002004200808
031001003903200808
031001004703200808
040101001504200808
040101001501200808
040101002301200808
040101002305200808
040101003101200808
040101004001200808
040101004004200808
040101005804200808
040101005801200808
040101006601200808
040101007401200808
040101008201200808
040101009001200808
040101010404200808
040101010401200808
040101011201200808
040101012001200808
040101013901200808
040102001003200808
040102002903200808
040102003703200808
040102004503200808
040102005303200808
040102006103200808
040102007003200808
040102008803200808
040102008802200808
040102009603200808
040102010003200808
040102011803200808
040102012603200808
040102013403200808
040102014203200808
040102015001200808
040102015003200808
040102016903200808
040201001903200808
040201002703200808
040201003503200808
040201004303200808
040201005103200808
040202001403200808
040202002203200808
040301001203200808
040301002003200808
040301003903200808
040301004703200808
040301005503200808
040301006303200808
040301007103200808
040301008003200808
040301009803200808
040301010103200808
040301011003200808
040301012803200808
040301013603200808
040301014403200808
040301015203200808
040301016003200808
040301017903200808
040301018703200808
040301019503200808
040301020903200808
040301021703200808
040301022503200808
040301023303200808
040301024103200808
040301025003200808
040301026803200808
040301027603200808
040301028403200808
040301029203200808
040301030603200808
040301031403200808
040301032203200808
040301033003200808
040301034903200808
040301035703200808
040301036503200808
040302001803200808
040302002603200808
040302003403200808
040302004203200808
040302005003200808
040302006903200808
040302007703200808
040302008503200808
040302009303200808
040302010703200808
040302011503200808
040302012303200808
040302013103200808
040303001303200808
040303002103200808
040303003003200808
040303004803200808
040303005603200808
040303006403200808
040303007203200808
040303008003200808
040303009903200808
040303010203200808
040303011003200808
040303012903200808
040303013703200808
040303014503200808
040303015303200808
040303016103200808
040303017003200808
040304001903200808
040304002703200808
040304003503200808
040304004303200808
040304005103200808
040304006003200808
040304007803200808
040304008603200808
040305001402200808
040305002202200808
040305003003200808
040305004903200808
040305005703200808
040305006503200808
040305007303200808
040305008102200808
040305009003200808
040305010303200808
040305011103200808
040305012003200808
040305013803200808
040305014603200808
040305015403200808
040305016203200808
040306001003200808
040306002803200808
040306003603200808
040306004403200808
040306005203200808
040306006003200808
040306007903200808
040306008703200808
040306009503200808
040307001503200808
040307002303200808
040307003103200808
040307004003200808
040307005803200808
040307006603200808
040307007403200808
040307008203200808
040307009003200808
040307010403200808
040307011203200808
040307012003200808
040307013903200808
040307014703200808
040308001003200808
040308002903200808
040308003703200808
040308004503200808
040308005303200808
040308006103200808
040308007003200808
040308008803200808
040308009603200808
040308010003200808
040401001603200808
040401001602200808
040401002403200808
040401002401200808
040401003203200808
040401003202200808
040401004003200808
040401005901200808
040401005903200808
040401006703200808
040401007501200808
040401008303200808
040401009101200808
040401010503200808
040401011303200808
040401012101200808
040401012103200808
040401013003200808
040401014803200808
040401015601200808
040401016403200808
040401017203200808
040401018003200808
040401019903200808
040401020203200808
040401021003200808
040401022903200808
040401023703200808
040401024501200808
040401025301200808
040401025304200808
040401026101200808
040401027001200808
040401028803200808
040401029601200808
040401030001200808
040401031803200808
040401031801200808
040401032603200808
040401033403200808
040401034201200808
040401034204200808
040401035003200808
040401036901200808
040401037703200808
040401038503200808
040401039301200808
040401040703200808
040401041503200808
040401041502200808
040401042303200808
040402001103200808
040402002001200808
040402003801200808
040402003803200808
040402004603200808
040402005404200808
040402005401200808
040402006203200808
040402007003200808
040402008901200808
040402008903200808
040402009704200808
040402009701200808
040402010001200808
040402011903200808
040402012701200808
040402013503200808
040402014303200808
040402015103200808
040402016003200808
040402017803200808
040402018603200808
040402019403200808
040402020803200808
040402021603200808
040402022403200808
040402023203200808
040402024003200808
040402025903200808
040402026703200808
040402027503200808
040402028303200808
040402029103200808
040402030503200808
040402031303200808
040402032103200808
040402033003200808
040402034803200808
040402035603200808
040402036403200808
040402037203200808
040402038003200808
040402039903200808
040402040203200808
040402041003200808
040402042903200808
040402043703200808
040403001703200808
040403002503200808
040403003303200808
040403004103200808
040403005003200808
040403006803200808
040403007603200808
040403008403200808
040403009203200808
040403010603200808
040403011403200808
040403012203200808
040403013003200808
040403014903200808
040403015703200808
040403016503200808
040403017303200808
040403018103200808
040403019003200808
040403020303200808
040403021103200808
040501001002200808
040501001003200808
040501002803200808
040501002802200808
040501003603200808
040501003602200808
040501004401200808
040501005201200808
040501006001200808
040501007901200808
040501007903200808
040501008703200808
040501010901200808
040501011702200808
040501011703200808
040501012503200808
040501012502200808
040501013303200808
040501014101200808
040501015003200808
040501016801200808
040501017603200808
040501017602200808
040501018402200808
040501019202200808
040501020601200808
040502001503200808
040502001502200808
040502002303200808
040502002302200808
040503001003200808
040503002903200808
040503002902200808
040503003701200808
040503004506200808
040503005302200808
040503007002200808
040503007003200808
040503009601200808
040503009603200808
040503010001200808
040503011801200808
040503011803200808
040503012602200808
040503013403200808
040503013402200808
040503014203200808
040503015001200808
040503016903200808
040503017703200808
040503018503200808
040503019303200808
040503019306200808
040503020703200808
040503021502200808
040503022302200808
040503023102200808
040504001601200808
040504001603200808
040504002403200808
040504004003200808
040504005903200808
040504006703200808
040504006706200808
040504007506200808
040504007503200808
040504008303200808
040504009103200808
040504010502200808
040504010503200808
040504013001200808
040504014803200808
040504015603200808
040504016403200808
040504018003200808
040504019901200808
040504020202200808
040504020203200808
040504021003200808
040504021002200808
040505001102200808
040505001103200808
040505002006200808
040505003801200808
040505004602200808
040505004603200808
040505005402200808
040505005403200808
040505006201200808
040505007001200808
040505008902200808
040505009706200808
040505009703200808
040505010003200808
040505010006200808
040505011903200808
040505011906200808
040505012706200808
040505013503200808
040505014302200808
040505014303200808
040505015102200808
040505015103200808
040505016001200808
040505017802200808
040505018603200808
040505019406200808
040505020801200808
040505021603200808
040505021601200808
040505022402200808
040505022403200808
040505023203200808
040505024002200808
040505025901200808
040505026702200808
040505028302200808
040505029101200808
040505030501200808
040505031303200808
040505032102200808
040505032103200808
040505035603200808
040505036401200808
040505037203200808
040505037206200808
040505038003200808
040505039902200808
040505039903200808
040601001303200808
040601002103200808
040601003003200808
040601004803200808
040601005603200808
040601006403200808
040601007203200808
040601008003200808
040601009903200808
040601010203200808
040601011003200808
040601012904200808
040601013703200808
040601014503200808
040601015303200808
040601016103200808
040601017003200808
040601018803200808
040601019603200808
040601020003200808
040601021803200808
040601022603200808
040601023403200808
040601024203200808
040601025003200808
040601026903200808
040601027703200808
040601028503200808
040601029303200808
040601030703200808
040601031503200808
040601032303200808
040601033103200808
040601034003200808
040601035803200808
040601036603200808
040601037403200808
040601038203200808
040601039003200808
040601040403200808
040601041203200808
040601042003200808
040601043903200808
040601044703200808
040601045503200808
040601046303200808
040601047103200808
040601048003200808
040601049803200808
040601050103200808
040601051003200808
040601052803200808
040601053603200808
040601054403200808
040601055203200808
040601056003200808
040601057903200808
040601058703200808
040601059503200808
040601060903200808
040601061703200808
040601062503200808
040601063303200808
040601064103200808
040601065003200808
040601066803200808
040601067603200808
040601068403200808
040601069203200808
040601070603200808
040601071403200808
040601072204200808
040601073003200808
040601074903200808
040601075703200808
040601076503200808
040601077303200808
040601078103200808
040601079003200808
040601080303200808
040601081103200808
040601082003200808
040601083803200808
040601084603200808
040601085403200808
040601086203200808
040601087003200808
040601088903200808
040601089703200808
040601090003200808
040601091903200808
040601092703200808
040601093503200808
040601094303200808
040601095103200808
040601096003200808
040601097803200808
040601098603200808
040601099403200808
040601100103200808
040601101003200808
040601102803200808
040601103603200808
040601104403200808
040601105203200808
040601106003200808
040601107903200808
040601108703200808
040601109503200808
040601110903200808
040601111703200808
040601112503200808
040601113303200808
040601114103200808
040601115003200808
040601116803200808
040601117603200808
040601118403200808
040601119203200808
040601120603200808
040601121403200808
040601122203200808
040602001903200808
040602002703200808
040602003503200808
040602004303200808
040602005103200808
040602006005200808
040602007803200808
040602008605200808
040602009401200808
040602010803200808
040602011603200808
040602012403200808
040602013201200808
040602014001200808
040602015903200808
040602016703200808
040602017504200808
040602018305200808
040602019103200808
040602020501200808
040602021303200808
040602022103200808
040602023003200808
040602024803200808
040602025603200808
040602026403200808
040602027203200808
040602028003200808
040602029901200808
040602030203200808
040602031003200808
040602032903200808
040602033703200808
040602034503200808
040602035303200808
040602036103200808
040602037003200808
040602038803200808
040602039603200808
040602040003200808
040602041803200808
040602042603200808
040602043403200808
040602044203200808
040602045003200808
040602046903200808
040602047703200808
040602048503200808
040602049303200808
040602050703200808
040602051503200808
040602052303200808
040602053103200808
040602054003200808
040602055803200808
040602056603200808
040602057403200808
040602058203200808
040602059003200808
040602060403200808
040603001403200808
040603002203200808
040603003003200808
040603004903200808
040603005703200808
040603006503200808
040603007303200808
040603008103200808
040603009003200808
040603010303200808
040603011103200808
040603012003200808
040603013803200808
040603014603200808
040604001003200808
040604002803200808
040604004403200808
040604005203200808
040604006003200808
040604007903200808
040604008703200808
040604009503200808
040604010903200808
040604011703200808
040604012503200808
040604013303200808
040604014103200808
040604015003200808
040604016803200808
040604017603200808
040604018403200808
040604019203200808
040604020603200808
040604021403200808
040604022203200808
040604023003200808
040604024903200808
040604025703200808
040604026503200808
040604027303200808
040604028103200808
040604029003200808
040604030303200808
040604031103200808
040604032003200808
040604033803200808
040605001503200808
040605002303200808
040605003103200808
040605004003200808
040605005803200808
040605006603200808
040605007403200808
040605008203200808
040605009003200808
040605010403200808
040605011203200808
040605012003200808
040605013903200808
040701001703200808
040701002505200808
040701003303200808
040701004103200808
040701005003200808
040701006803200808
040701007603200808
040701008403200808
040701009203200808
040701010603200808
040701011403200808
040701012203200808
040701013003200808
040701014903200808
040701015703200808
040701016503200808
040701017303200808
040701018103200808
040701019003200808
040701020303200808
040701021103200808
040701022003200808
040701023803200808
040701024604200808
040701024601200808
040701025404200808
040701025401200808
040701026205200808
040701027003200808
040701028903200808
040701029703200808
040701030003200808
040701031901200808
040701032701200808
040701033503200808
040701034303200808
040701035103200808
040702001203200808
040702002003200808
040702003903200808
040702004703200808
040702005501200808
040702006303200808
040702007103200808
040702008003200808
040702009803200808
040702010103200808
040702011003200808
040702012804200808
040702012801200808
040702013601200808
040702013603200808
040702014401200808
040702014403200808
040702015203200808
040702016001200808
040702017903200808
040702018703200808
040702019503200808
040702020903200808
040702021703200808
040702022503200808
040702022502200808
040702023303200808
040702024103200808
040702025003200808
040702026803200808
040702027603200808
040702028403200808
040702029203200808
040702030603200808
040702031401200808
040702032203200808
040702033003200808
040702034903200808
040702035703200808
040702036503200808
040702037301200808
040702038103200808
040702039001200808
040702040303200808
040702041103200808
040702042003200808
040702043803200808
040702044603200808
040702045403200808
040702046203200808
040702047003200808
040702048901200808
040702049701200808
040703001803200808
040703002603200808
040703003403200808
040703004203200808
040703005003200808
040703006903200808
040703007703200808
040703008502200808
040703009302200808
040703010702200808
040703011502200808
040703012303200808
040703013103200808
040703014003200808
040703015803200808
040703016603200808
040703017403200808
040703018203200808
040703019003200808
040703020403200808
040703021203200808
040703022003200808
040703023902200808
040703024703200808
040704001303200808
040704002103200808
040704003003200808
040704004803200808
040704005603200808
040704006403200808
040704007203200808
040704008003200808
040704009903200808
040704010203200808
040704011003200808
040704012903200808
040704013703200808
040704014503200808
040704015303200808
040704016103200808
040704017003200808
040704018803200808
040704019601200808
040704019604200808
040704020003200808
040704021804200808
040704021801200808
040704022603200808
040704023403200808
040704024203200808
040704025003200808
040704026903200808
040801001003200808
040801002903200808
040801003703200808
040801004503200808
040801005303200808
040801006103200808
040801007003200808
040801008803200808
040801009603200808
040801010003200808
040801011803200808
040801012601200808
040801012604200808
040801013401200808
040801013403200808
040801014203200808
040801015003200808
040801016903200808
040801017703200808
040801018503200808
040801019303200808
040801020703200808
040801021503200808
040801022303200808
040801023103200808
040802001603200808
040802002403200808
040802003203200808
040802004003200808
040802005903200808
040802006703200808
040802007503200808
040802008303200808
040802009103200808
040802010503200808
040802010501200808
040802011304200808
040802012103200808
040802013003200808
040802014803200808
040802015603200808
040802016401200808
040802016403200808
040802017201200808
040802017203200808
040802018003200808
040802018001200808
040802019901200808
040802019903200808
040802020201200808
040802020203200808
040802021003200808
040802022903200808
040802022901200808
040802023703200808
040802024503200808
040802024501200808
040802025303200808
040802026103200808
040802027003200808
040802028803200808
040802029601200808
040802029603200808
040802030003200808
040802030001200808
040802031803200808
040802032603200808
040802033403200808
040802034203200808
040802035003200808
040802036903200808
040802037703200808
040802038503200808
040802039303200808
040802040703200808
040802041503200808
040802042303200808
040802043103200808
040802044003200808
040802045803200808
040802046603200808
040802047403200808
040802048203200808
040802049003200808
040802050403200808
040802051203200808
040802052003200808
040802053903200808
040802054703200808
040802055503200808
040802056303200808
040802057103200808
040802058003200808
040802059803200808
040802060103200808
040802061003200808
040802062803200808
040802063603200808
040802064403200808
040803001103200808
040803002003200808
040803003803200808
040803004603200808
040803005403200808
040803006203200808
040803007003200808
040803008903200808
040803009703200808
040803010003200808
040803011903200808
040803012703200808
040803013503200808
040803014303200808
040803015103200808
040803016003200808
040803017803200808
040803018603200808
040803019403200808
040803020803200808
040803021603200808
040803022403200808
040803023203200808
040803024003200808
040803025903200808
040803026703200808
040803027503200808
040803028303200808
040803029103200808
040803030503200808
040803031303200808
040803032103200808
040803033003200808
040803034803200808
040803035603200808
040803036403200808
040803037203200808
040803038003200808
040803039903200808
040803040203200808
040803041003200808
040803042903200808
040803043703200808
040803044503200808
040803045303200808
040803046103200808
040803047003200808
040803048804200808
040803050003200808
040803051803200808
040803052603200808
040803053403200808
040803054203200808
040803055003200808
040803056903200808
040803057703200808
040803058503200808
040803059303200808
040803060703200808
040803061503200808
040803062303200808
040803063103200808
040803064003200808
040803065803200808
040803066603200808
040803067403200808
040803068203200808
040803069003200808
040803070403200808
040803071203200808
040803072003200808
040803073903200808
040803074703200808
040803075503200808
040803076303200808
040803077103200808
040803078003200808
040803079803200808
040803080103200808
040803081003200808
040803082803200808
040803083603200808
040803084403200808
040803085203200808
040803086003200808
040803087903200808
040803088703200808
040803089503200808
040803090903200808
040803091703200808
040804001703200808
040804002503200808
040804003303200808
040804004103200808
040804005003200808
040804006803200808
040804007603200808
040804008403200808
040804009203200808
040804010603200808
040804011403200808
040804012203200808
040804013003200808
040804014903200808
040804015703200808
040804016503200808
040804017303200808
040804018103200808
040804019003200808
040804020303200808
040804021104200808
040804022003200808
040804023803200808
040804024603200808
040804025403200808
040804026203200808
040804027003200808
040804028903200808
040804029703200808
040804030003200808
040804031903200808
040804032703200808
040804033503200808
040804034303200808
040804035101200808
040805001203200808
040805002003200808
040805003903200808
040805004703200808
040805005503200808
040805006303200808
040805007103200808
040805008003200808
040805009804200808
040805010103200808
040805011003200808
040805012803200808
040805013603200808
040805014403200808
040805015203200808
040805016003200808
040805017903200808
040805018703200808
040805019501200808
040805019503200808
040805020901200808
040805020903200808
040805021701200808
040805021703200808
040805022503200808
040805022501200808
040805023303200808
040805024103200808
040805024101200808
040805025003200808
040805025001200808
040805026803200808
040805026801200808
040805027601200808
040805027603200808
040805028401200808
040805028403200808
040805029203200808
040805029201200808
040805030603200808
040805031403200808
040805032203200808
040805033003200808
040805033001200808
040805034903200808
040805035703200808
040805036503200808
040805037303200808
040805038103200808
040805039003200808
040805040303200808
040805041103200808
040805042003200808
040805043803200808
040805044603200808
040805045403200808
040805046203200808
040805047003200808
040805048903200808
040805049703200808
040805050003200808
040805051903200808
040805052703200808
040805053503200808
040805054303200808
040805055103200808
040805056003200808
040805057803200808
040805058603200808
040805059403200808
040805060803200808
040805061603200808
040805062403200808
040805063203200808
040805064003200808
040805065903200808
040805066703200808
040805067503200808
040805068303200808
040805069103200808
040805070503200808
040805071303200808
040805072103200808
040805073003200808
040805074803200808
040805075603200808
040805076403200808
040805077203200808
040805078003200808
040805079903200808
040805080203200808
040805081003200808
040805082903200808
040805083703200808
040805084503200808
040805085303200808
040805086103200808
040805087003200808
040805088803200808
040805089603200808
040805090003200808
040805091803200808
040805092603200808
040806001803200808
040806002603200808
040806003403200808
040806004201200808
040806004203200808
040806005003200808
040806006903200808
040806007703200808
040806008503200808
040806008501200808
040806009303200808
040806010703200808
040806011503200808
040806012303200808
040806013103200808
040806014003200808
040806015801200808
040806015803200808
040806016603200808
040806017403200808
040806018203200808
040806019003200808
040806020403200808
040806021201200808
040806021203200808
040806022001200808
040806023903200808
040806024703200808
040806025503200808
040806026303200808
040806027103200808
040806028003200808
040806029803200808
040806030101200808
040806030103200808
040806031003200808
040806032803200808
040806033603200808
040806034403200808
040806035203200808
040806035201200808
040806036003200808
040806037903200808
040806038703200808
040806039503200808
040806040902200808
040806040903200808
040806041703200808
040806042503200808
040806042501200808
040806043303200808
040806044103200808
040806045001200808
040806045003200808
040806046803200808
040806047603200808
040806048403200808
040806049203200808
040806050603200808
040806051403200808
040806052203200808
040806053003200808
040806054903200808
040806055703200808
040806056503200808
040806057303200808
040806058103200808
040806059003200808
040806060303200808
040806061103200808
040806062003200808
040806063803200808
040806064603200808
040806065401200808
040806066203200808
040806067003200808
040806068901200808
040806069703200808
040806070003200808
040806071904200808
040901001403200808
040901002203200808
040901003003200808
040901004903200808
040901005703200808
040901006503200808
040901007303200808
040901008103200808
040901009001200808
040901009003200808
040901010302200808
040901011102200808
040901012003200808
040901013803200808
040901014603200808
040901015401200808
040901016201200808
040901017003200808
040901017006200808
040901018903200808
040901019703200808
040901020003200808
040901021903200808
040901022703200808
040901023503200808
040901024303200808
040901025103200808
040901026003200808
040901027801200808
040901028603200808
040901029402200808
040901029403200808
040901030803200808
040901031603200808
040901032403200808
040901033203200808
040901034003200808
040901035901200808
040901035904200808
040901036703200808
040901037503200808
040901038303200808
040901038301200808
040901039103200808
040901040503200808
040901041303200808
040901042102200808
040901043003200808
040901044801200808
040901045603200808
040901046403200808
040901047203200808
040901048003200808
040901049903200808
040901050203200808
040901051003200808
040901052903200808
040901053703200808
040901054503200808
040901055303200808
040901056103200808
040901057003200808
040901058803200808
040902001003200808
040902001001200808
040902002803200808
040902002801200808
040902003601200808
040902003604200808
040902004403200808
040902005203200808
040902006001200808
040902007903200808
040902007901200808
040902008701200808
040902008703200808
040902009503200808
040902009501200808
040902010903200808
040902011701200808
040902012503200808
040902013303200808
040902014103200808
040902015003200808
040902016803200808
040902017601200808
040902017603200808
040902018401200808
040903001503200808
040903002303200808
040903003103200808
040903004003200808
040904001003200808
040904001001200808
040904002901200808
040904002904200808
040904003703200808
040904004503200808
040904005303200808
040904006101200808
040904006104200808
040904007001200808
040904007003200808
040904008803200808
040904008801200808
040904009603200808
040904010001200808
040904011803200808
040904012603200808
040904013403200808
040904014203200808
040904015003200808
040904016901200808
040904016903200808
040904017703200808
040904018503200808
040904019303200808
040904020703200808
040904021502200808
040904021503200808
040904022303200808
040904023103200808
040904024003200808
040904024002200808
040905001603200808
040905002403200808
040905003203200808
040905004003200808
040905005901200808
040905006701200808
040905007503200808
040905008302200808
040905008303200808
040905009103200808
040905010503200808
040905011303200808
040905012103200808
040906001101200808
040906001103200808
040906002003200808
040906003803200808
040906004602200808
040906004603200808
040906005403200808
040906006201200808
040906007003200808
040906008902200808
040906009701200808
040906010003200808
040906011903200808
040906012703200808
040906013503200808
040906014303200808
040906015103200808
040906016003200808
040906017802200808
040906017803200808
040906018603200808
040906019403200808
040906020803200808
040906021603200808
040906022403200808
040906023203200808
040906024003200808
040906025903200808
040906026703200808
040906027503200808
040906028303200808
040907001703200808
040907002503200808
040907003303200808
040907004103200808
040907005003200808
040907006803200808
040907007603200808
040907008403200808
040907009203200808
040907010601200808
040907010603200808
040907011403200808
040907012204200808
040907012201200808
040907013003200808
040907014903200808
040907014901200808
040907015703200808
040907015702200808
040907016504200808
040907016501200808
040907017301200808
040907018101200808
040907018104200808
040907019003200808
040907020303200808
040907021103200808
040907022003200808
040907023803200808
040907024603200808
040907025403200808
040907026203200808
040907027003200808
040907028903200808
040907029703200808
040907030003200808
041001001403200808
041001001401200808
041001002201200808
041001003001200808
041001004901200808
041001004904200808
041001005703200808
041001006503200808
041001007303200808
041001008103200808
041001008101200808
041001009003200808
041001010301200808
041001011103200808
041001012003200808
041101001802200808
041101001803200808
041101002603200808
041101003403200808
041101004203200808
041101005003200808
041101006901200808
041101007703200808
041101007701200808
041101008503200808
041102001301200808
041102001303200808
041102002103200808
041102003003200808
041102004803200808
041102005603200808
041201001103200808
041201002003200808
041201003803200808
041201004603200808
041201005403200808
041201006204200808
041201006201200808
041201007003200808
041201008903200808
041201009703200808
041201010003200808
041201011903200808
041201012704200808
041201013503200808
041201014303200808
041202001703200808
041202002503200808
041202003303200808
041202004103200808
041202005003200808
041202006803200808
041202007603200808
041202008403200808
041203001203200808
041203002001200808
041203002004200808
041203003901200808
041203004703200808
041203005505200808
041203006305200808
041203007105200808
041203008003200808
041204001803200808
041204002603200808
041204003403200808
041204004203200808
041204005003200808
041204006903200808
041204007703200808
041204008503200808
041204009303200808
041204010703200808
041204011503200808
041204012303200808
041204013103200808
041204014004200808
041204014001200808
041204015803200808
041204016603200808
041204017403200808
041204018203200808
041204019003200808
041204020403200808
041204021203200808
041204022003200808
041205001303200808
041205002103200808
041205003003200808
041205004803200808
041205005603200808
041205006403200808
041205007203200808
041205008003200808
041205009903200808
041205010203200808
041205011003200808
041205012905200808
041205013703200808
041205014503200808
041205015303200808
041301001503200808
041301002301200808
041301003107200808
041301004007200808
041301005807200808
041301006603200808
041301007404200808
041301008203200808
041301009003200808
041303001603200808
041303002403200808
041303003203200808
041303004006200808
041303005903200808
041303006703200808
041303007503200808
041303008303200808
041304001101200808
041304002003200808
041304003803200808
041304004603200808
041304005403200808
041304006203200808
041304007003200808
041304008903200808
041304009703200808
041304010003200808
041304011903200808
041304012703200808
041304013503200808
041304014303200808
041304015103200808
041304015101200808
041304016003200808
041304017803200808
041304018603200808
041304019403200808
041304020803200808
041304021603200808
041304022403200808
041304023203200808
041304023202200808
041304024003200808
041401001901200808
041401002703200808
041401003503200808
041401004303200808
041401005103200808
041401006003200808
041401007803200808
041401008603200808
041401008601200808
041401009403200808
041401010803200808
041401011603200808
041401012403200808
041401013203200808
041401014003200808
041401015903200808
041401016703200808
041401017501200808
041401017503200808
041401018303200808
041401019103200808
041401020503200808
041401021304200808
041401021301200808
041401022101200808
041401023003200808
041401024803200808
041401025603200808
041401026403200808
041401027203200808
041401028003200808
041401029901200808
041401030201200808
041401031001200808
041401032903200808
041401033701200808
041402001401200808
041402002201200808
041402003001200808
041402004901200808
041402005701200808
041402006501200808
041402007301200808
041402008101200808
041402009001200808
041402010301200808
041402010303200808
041402011103200808
041402011101200808
041402012001200808
041402013801200808
041402014601200808
041402015401200808
041402016201200808
041402017001200808
041402018906200808
041402019703200808
041402020001200808
041402021901200808
041402022701200808
041402023501200808
041402024301200808
041402025101200808
041402026001200808
041402027801200808
041402028601200808
041402029401200808
041402030801200808
041402031601200808
041402032401200808
041402033206200808
041402034001200808
041402035901200808
041402036701200808
041402037501200808
041402038301200808
041402039101200808
041402040501200808
041501001203200808
041502001803200808
041502002603200808
041503001303200808
041504001902200808
041504001904200808
041504002703200808
041504003503200808
041504004301200808
041504005101200808
041601001603200808
041601002403200808
041601003203200808
041601004003200808
041601005903200808
041601006703200808
041601007503200808
041601008303200808
041601009103200808
041601010503200808
041601011303200808
041601012103200808
041601013003200808
041601014803200808
041601015603200808
041601016403200808
041601017203200808
041601018003200808
041601019903200808
041602001103200808
041602002003200808
041602003803200808
041602004603200808
041602005403200808
041602006203200808
041602007003200808
041602008903200808
041602009703200808
041602010003200808
041602011903200808
041602012703200808
041602013503200808
041602014303200808
041603001703200808
041603002503200808
041603003303200808
041603004103200808
041603005003200808
041603006803200808
041603007603200808
041603008403200808
041603009203200808
041603010603200808
041603011403200808
041603012203200808
041603013003200808
041604001203200808
041604002003200808
041604003903200808
041604004703200808
041604005503200808
041604006303200808
041604007103200808
041604008003200808
041604009803200808
041604010103200808
041604011003200808
041604012803200808
041604013603200808
041604014403200808
041604015203200808
041604016003200808
041605001803200808
041605002603200808
041605003403200808
041605004203200808
041605005003200808
041605006903200808
041605007703200808
041605008503200808
041606001303200808
041606002103200808
041606003003200808
041606004803200808
041606005603200808
041606006403200808
041606007203200808
041606008003200808
041606009903200808
041606010203200808
041607002703200808
041607003503200808
041608001403200808
041608002203200808
041608003003200808
041608004903200808
041608005703200808
041608006503200808
041608007303200808
041608008103200808
041608009003200808
041608010303200808
041609001003200808
041609002803200808
041609003603200808
041609004403200808
041609005203200808
041609006003200808
041609007903200808
041609008703200808
041609009503200808
041609010903200808
041611001003200808
041611002903200808
041611003703200808
041611004503200808
041611005303200808
041612001603200808
041612002403200808
041612003203200808
041612004003200808
041612005903200808
041613001103200808
041613002003200808
041613003803200808
041613004603200808
041613005403200808
041613006203200808
041701001004200808
041701002804200808
041701003604200808
041701004404200808
041701005204200808
041701005202200808
041701006002200808
041701006004200808
041801001307200808
041801001306200808
041801002106200808
041801002107200808
041801003006200808
041801003007200808
041801004807200808
041801004806200808
041801005604200808
041801006407200808
041801007204200808
041801008006200808
041801008007200808
041801009907200808
041802001906200808
041802001907200808
041802002706200808
041802002707200808
041802003507200808
050101001702200808
050101002502200808
050101003302200808
050101004102200808
050101005002200808
050101006802200808
050102001202200808
050102002002200808
050103001801200808
050103002601200808
050103003401200808
050103004201200808
050103005001200808
050104001302200808
050104002102200808
050104003002200808
050104004802200808
050104005602200808
050104006402200808
050104007202200808
050105001902200808
050105002702200808
050106001404200808
050106002204200808
050106003004200808
050106004904200808
050107001002200808
050107002802200808
050107003604200808
050108001507200808
050108001504200808
050108002304200808
050108002307200808
050108003107200808
050108003104200808
050108004007200808
050108004004200808
050108005807200808
050108005804200808
050108006607200808
050108006604200808
050108007404200808
050108007407200808
050108008204200808
050108009004200808
050108009007200808
050201001004200808
050201002904200808
050301001403200808
050301001406200808
050301002206200808
050301002203200808
050302001003200808
050302002803200808
050303001504200808
050303002304200808
050303003104200808
050303004004200808
050303005807200808
050303005804200808
050303006604200808
050303007404200808
050303008204200808
050304001004200808
050304002904200808
050304003704200808
050304004504200808
050304005304200808
050304005307200808
050401001807200808
050401001804200808
050401002603200808
050401002606200808
050401003407200808
050401003404200808
050402001304200808
050402002104200808
050402003004200808
050402004804200808
050402005604200808
050403001904200808
050403002704200808
050501001103200808
050501002003200808
050501003803200808
050501004603200808
050501005403200808
050501006203200808
050501007003200808
050501008903200808
050501009703200808
050501009706200808
050501010003200808
050501010006200808
050501011906200808
050501011903200808
050501012703200808
050501012706200808
050502001705200808
050502002505200808
050502003305200808
050502004103200808
050502005003200808
050502006803200808
050502007603200808
050502008403200808
050502009203200808
050502010603200808
050502011403200808
050601001506200808
050601002306200808
050602001003200808
050602002903200808
050602003703200808
050602004503200808
060101001906200808
060101002706200808
060101003506200808
060101004306200808
060102001406200808
060103001006200808
060103002806200808
060104001506200808
060104002306200808
060104003106200808
060104004006200808
060104005806200808
060105001006200808
060105002906200808
060105003706200808
060105004506200808
060105005306200808
060105006106200808
060105007006200808
060105008806200808
060105009606200808
060105010006200808
060105011806200808
060105012606200808
060105013406200808
060105014206200808
060105015006200808
060105016906200808
060106001606200808
060106002406200808
060107001106200808
060107002006200808
060107003806200808
060107004606200808
060107005406200808
060107006206200808
060107007006200808
060107008906200808
060108001706200808
060108002506200808
060108003306200808
060109001206200808
060109002006200808
060109003906200808
060109004706200808
060109005506200808
060109006306200808
060109008006200808
060109009806200808
060109010106200808
060110001806200808
060110002606200808
060110003406200808
060110004206200808
060110005006200808
060110006906200808
060110007706200808
060110008506200808
060110009306200808
060110010706200808
060110011506200808
060110012306200808
060110013106200808
060110014006200808
060110015806200808
060110016606200808
060111001306200808
060111002106200808
060111003006200808
060111004806200808
060111005606200808
060111006406200808
060111007206200808
060111008006200808
060111009906200808
060111010206200808
060111011006200808
060112001906200808
060112002706200808
060112003506200808
060113001406200808
060113002206200808
060114001006200808
060114002806200808
060114003606200808
060114004406200808
060115001506200808
060115002306200808
060116001006200808
060116002906200808
060116003706200808
060117001606200808
060117002406200808
060117003206200808
060117004006200808
060117005906200808
060117006706200808
060117007506200808
060117008306200808
060117009106200808
060117010506200808
060117011306200808
060117012106200808
060117013006200808
060117014806200808
060118001106200808
060118002006200808
060118003806200808
060118004606200808
060118005406200808
060118006206200808
060118007006200808
060118008906200808
060118009706200808
060118010006200808
060118011906200808
060118012706200808
060118013506200808
060118014306200808
060118015106200808
060118016006200808
060118017806200808
060118018606200808
060118019406200808
060118020806200808
060118021606200808
060118022406200808
060118023206200808
060119001706200808
060119002506200808
060119003306200808
060119004106200808
060119005006200808
060119006806200808
060119007606200808
060119008406200808
060119009206200808
060119010606200808
060119011406200808
060119012206200808
060120001206200808
060120002006200808
060120003906200808
060120004706200808
060120005506200808
060120006306200808
060120007106200808
060120008006200808
060120009806200808
060120010106200808
060120011006200808
060120012806200808
060120013606200808
060120014406200808
060120015206200808
060120016006200808
060120017906200808
060121001806200808
060121002606200808
060121003406200808
060121004206200808
060121005006200808
060121006906200808
060121007706200808
060121008506200808
060121009306200808
060122001306200808
060122002106200808
060122003006200808
060122004806200808
060122005606200808
060122006406200808
060122007206200808
060123001906200808
060124001406200808
060124002206200808
060125001006200808
060125002806200808
060125003606200808
060126001506200808
060127001006200808
060127002906200808
060127003706200808
060127004506200808
060127005306200808
060128001606200808
060128002406200808
060129001106200808
060130001706200808
060130002506200808
060130003306200808
060130004106200808
060131001206200808
060131002006200808
060132001806200808
060132002606200808
060133001306200808
060133002106200808
060133003006200808
060133004806200808
060134001906200808
060135001406200808
060135002206200808
060135003006200808
060135004906200808
060135005706200808
060135006506200808
060135007306200808
060135008106200808
060135009006200808
060135010306200808
060135011106200808
060135012006200808
060135013806200808
060135014606200808
060136001006200808
060136002806200808
060136003606200808
060136004406200808
060136005206200808
060136006006200808
060136007906200808
060201001206200808
060201002006200808
060201003906200808
060201004706200808
060201005506200808
060201006306200808
060201007106200808
060201008006200808
060201009806200808
060201011006200808
060201012806200808
060201013606200808
060201014406200808
060201015206200808
060201016006200808
060301001604200808
060302001104200808
060302002004200808
060302003804200808
060302004604200808
060302005404200808
060302006204200808
060302007004200808
060302008904200808
060302009704200808
060302010004200808
060303001704200808
060303002504200808
060303003304200808
060303004104200808
060304001204200808
060305001804200808
060305002604200808
060305003404200808
060306001304200808
060307001904200808
060307002704200808
060307003504200808
060307004304200808
060307005104200808
060308001404200808
060308002204200808
060308003004200808
060308004904200808
060308005704200808
060308006504200808
060308007304200808
060308008104200808
060308009004200808
060308010304200808
060308011104200808
060308012004200808
060308013804200808
060308014604200808
060308015404200808
060308016204200808
060308017004200808
060308018904200808
060308019704200808
060308020004200808
060308021904200808
060308022704200808
070101001002200808
070101002902200808
070101003702200808
070101004502200808
070101005302200808
070101006102200808
070101007002200808
070101008802200808
070101009602200808
070101010002200808
070101011802200808
070101012602200808
070101013402200808
070101014202200808
070101015002200808
070101016902200808
070101017702200808
070102001602200808
070102002402200808
070102003202200808
070102004002200808
070102005902200808
070102006702200808
070102007502200808
070102008302200808
070102009102200808
070102010502200808
070102011302200808
070102012102200808
070102013002200808
070102014802200808
070102015602200808
070102016402200808
070102017202200808
070102018002200808
070102019902200808
070102020202200808
070102021002200808
070102022902200808
070102023702200808
070102024502200808
070102025302200808
070102026102200808
070102027002200808
070102028802200808
070102029602200808
070102030002200808
070102031802200808
070102032602200808
070102033402200808
070102034202200808
070102035002200808
070102036902200808
070102037702200808
070102038502200808
070102039302200808
070102040702200808
070102041502200808
070102042302200808
070102043102200808
070102044002200808
070102045802200808
070102046602200808
070102047402200808
070102048202200808
070102049002200808
070102050402200808
070102051202200808
070102052002200808
070102053902200808
070102054702200808
070102055502200808
070102056302200808
070103001106200808
070103002006200808
070103003806200808
070103004606200808
070103005406200808
070103006206200808
070103007006200808
070103008906200808
070103009706200808
070103010006200808
070103011906200808
070103012706200808
070103013506200808
070103014306200808
070103015107200808
070103016006200808
070103017806200808
070103018606200808
070103019406200808
070103020806200808
070103021606200808
070103022406200808
070103023206200808
070103024006200808
070103025906200808
070103026706200808
070103027506200808
070103028306200808
070103029106200808
070104001702200808
070104002502200808
070104003302200808
070104004102200808
070104005002200808
070104006802200808
070104007602200808
070104008402200808
070104009202200808
070104010602200808
070104011402200808
070104012202200808
070104013002200808
070105001202200808
070105002002200808
070105004702200808
070106001802200808
070106002602200808
070106003402200808
070106004202200808
070107001302200808
070107002102200808
070107003002200808
070107004802200808
070107005602200808
070107006402200808
070107007202200808
070107008002200808
070107009902200808
070107010202200808
070107011002200808
070107012902200808
070107013702200808
070107014502200808
070108001907200808
070108002702200808
070108003502200808
070108004307200808
070108005102200808
070108006002200808
070108007802200808
070108008602200808
070108009407200808
070108010802200808
070109001402200808
070109002202200808
070109003002200808
070109004902200808
070109005702200808
070109006502200808
070109007302200808
070109008102200808
070109009002200808
070110001007200808
070110002807200808
070110003607200808
070110004407200808
070110005207200808
070110006007200808
070110007907200808
070110008707200808
070110009507200808
070110010907200808
070201001404200808
070201002204200808
070201003004200808
070201004904200808
070201005704200808
070201006504200808
070201007304200808
070201008104200808
070201009004200808
070201010304200808
070201011104200808
070201012004200808
070201013804200808
070201014604200808
070201015404200808
070201016204200808
070201017004200808
070201018904200808
070201019704200808
070201020004200808
070201021904200808
070202001002200808
070202002802200808
070202003602200808
070202004402200808
070202005202200808
070202006002200808
070203002304200808
070203003104200808
070203004004200808
070203005804200808
070203006604200808
070203007404200808
070203008204200808
070203009004200808
070203010404200808
070203011204200808
070203012004200808
070203013904200808
070203014704200808
070203015504200808
070203016304200808
070203017104200808
070203018004200808
070203019804200808
070203020104200808
070203021004200808
070203022804200808
070203023604200808
070203024404200808
070203025204200808
070203026004200808
070203027904200808
070203028704200808
070203029504200808
070203030904200808
070203031704200808
070203032504200808
070203033304200808
070203034104200808
070203035004200808
070203036804200808
070203037604200808
070203038404200808
070203039204200808
070203040604200808
070203041404200808
070203042204200808
070203043004200808
070203044904200808
070203045704200808
070203046504200808
070203047304200808
070203048104200808
070203049004200808
070203050304200808
070203051104200808
070203052004200808
070203053804200808
070203054604200808
070203055404200808
070203056204200808
070203057004200808
070203058904200808
070203059704200808
070203060004200808
070203061904200808
070203062704200808
070203063504200808
070203064304200808
070203065104200808
070203066004200808
070203067804200808
070203068604200808
070203069404200808
070203070804200808
070203071604200808
070203072404200808
070203073204200808
070203074004200808
070203075904200808
070203076704200808
070203077504200808
070203078304200808
070203079104200808
070203080504200808
070203081304200808
070203082104200808
070203083004200808
070203084804200808
070203085604200808
070203086404200808
070203087204200808
070203088004200808
070203089904200808
070203090204200808
070203091004200808
070203092904200808
070203093704200808
070203094504200808
070203095304200808
070203096104200808
070203097004200808
070203098804200808
070203099604200808
070203100304200808
070203101104200808
070203102004200808
070203103804200808
070203104604200808
070203105404200808
070203106204200808
070203107004200808
070203108904200808
070203109704200808
070203110004200808
070203111904200808
070203112704200808
070203113504200808
070203114304200808
070203115104200808
070203116004200808
070203117804200808
070203118604200808
070203119404200808
070203120804200808
070203121604200808
070203122404200808
070203123204200808
070203124004200808
070203125904200808
070203126704200808
070203127504200808
070203128304200808
070203129104200808
070204001004200808
070204002904200808
070204003704200808
070204004504200808
070204005304200808
070204006104200808
070204007004200808
070204008804200808
070204009604200808
070204010004200808
070204011804200808
070204012604200808
070204013404200808
070204014204200808
070204015004200808
070204016904200808
070204017704200808
070204018504200808
070204019304200808
070204020704200808
070204021504200808
070204022304200808
070204023104200808
070204024004200808
070204025804200808
070204026604200808
070204027404200808
070204028204200808
070204029004200808
070204030404200808
070204031204200808
070204032004200808
070204033904200808
070204034704200808
070204035504200808
070204036304200808
070204037104200808
070204038004200808
070204039804200808
070204040104200808
070204041004200808
070204042804200808
070204043604200808
070204044404200808
070204045204200808
070204046004200808
070204047904200808
070204048704200808
070204049504200808
070204050904200808
070204051704200808
070204052504200808
070204053304200808
070204054104200808
070204055004200808
070204056804200808
070204057604200808
070204058404200808
070204059204200808
070204060604200808
070205001604200808
070205002404200808
070205003204200808
070205004004200808
070205005904200808
070205006704200808
070205007504200808
070205008304200808
070205009104200808
070205010504200808
070205011304200808
070205012104200808
070205013004200808
070205014804200808
070205015604200808
070205016404200808
070205017204200808
070205018004200808
070205019904200808
070205020204200808
070205021004200808
070205022904200808
070205023704200808
070205024504200808
070205025304200808
070205026104200808
070205027004200808
070205028804200808
070205029604200808
070205030004200808
070205031804200808
070205032604200808
070205033404200808
070205034204200808
070205035004200808
070205036904200808
070205037704200808
070205038504200808
070205039304200808
070205040704200808
070205041504200808
070205042304200808
070205043104200808
070205044004200808
070205045804200808
070205046604200808
070205047404200808
070205048204200808
070205049004200808
070205050404200808
070205051204200808
070205052004200808
070205053904200808
070205054704200808
070205055504200808
070205056304200808
070205057104200808
070205058004200808
070205078404200808
070205079204200808
070206001107200808
070206001104200808
070206002004200808
070206003804200808
070207004107200808
070207004104200808
070207005004200808
070208001204200808
070208002004200808
070208003904200808
070209001804200808
070209002604200808
070209003404200808
070209004204200808
070210001307200808
070210002107200808
070210003007200808
070210004807200808
070210005607200808
070210006407200808
070210007207200808
070210008007200808
070210009907200808
070210010207200808
070211001904200808
070211002704200808
070211003504200808
070212001404200808
070212002204200808
070212003004200808
070212004904200808
070212005704200808
070212006507200808
070212006504200808
080101001201200808
080101002001200808
080101003904200808
080101004704200808
080201001604200808
080201002404200808
080201003204200808
080201004004200808
080201005904200808
080201006704200808
080201007504200808
080201008304200808
080201009104200808
080201010504200808
080201011304200808
080201012104200808
080201013004200808
080201014804200808
080201015604200808
080201016404200808
080201019904200808
080202001104200808
080202002004200808
080301001002200808
080301002802200808
080301003602200808
080301004402200808
080301005202200808
080301006002200808
080301007902200808
080301008702200808
080301009502200808
080301010902200808
080301011702200808
080301012502200808
080301013302200808
080301014102200808
