020101003801200808
020101009707200808
020101009709200808
020101009701200808
020101011907200808
020101011909200808
020101011901200808
020101012701200808
020101013501200808
020101014309200808
020101014301200808
020101014307200808
020101016009200808
020101016001200808
020101018609200808
020101018607200808
020101018601200808
020101020801200808
020101024009200808
020101024007200808
020101024001200808
020101025901200808
020101026701200808
020101026707200808
020101026709200808
020101030509200808
020101030501200808
020101030507200808
020101031309200808
020101031307200808
020101031301200808
020101032109200808
020101032101200808
020101032107200808
020101033009200808
020101033007200808
020101033001200808
020101040201200808
020101040207200808
020101040209200808
020101053401200808
020101055001200808
020101057701200808
020101057707200808
020904003307200808
020904003301200808
020904003309200808
020904005009200808
020904005001200808
020904005007200808
021105009101200808
021105010503200808
021105010509200808
021105010507200808
030106001007200808
030106001003200808
030106007007200808
030106007003200808
030106007001200808
030106008803200808
030109001709200808
030109001703200808
030109001713200808
030109002503200808
030109002513200808
030109002509200808
030301001003200808
030301001007200808
030301002907200808
030301002903200808
030301003703200808
030301003707200808
030301004503200808
030301004507200808
030301005307200808
030301005303200808
030301006107200808
030301006103200808
030301007003200808
030301007007200808
030301008807200808
030301008803200808
030301009607200808
030301009603200808
030301010003200808
030301010007200808
030301011803200808
030301011807200808
030301012607200808
030301012603200808
030301013403200808
030301013407200808
030301014207200808
030301014203200808
030301015003200808
030301015007200808
030301016903200808
030301016907200808
030301017703200808
030301017707200808
030301018507200808
030301018503200808
030301019303200808
030301019307200808
030301020707200808
030301020703200808
030301021507200808
030301021506200808
030302003203200808
030302003207200808
030302004007200808
030302004003200808
030302005903200808
030302005907200808
030302006707200808
030302006703200808
030302007503200808
030302007507200808
030302008307200808
030302008303200808
030303001111200808
030303001107200808
030303002007200808
030303002003200808
030303003807200808
030303003803200808
030303004603200808
030303004607200808
030303005403200808
030303005407200808
030303006203200808
030303006207200808
030304001707200808
030304001703200808
030304002503200808
030304002507200808
030304003303200808
030304004103200808
030304004107200808
030304005003200808
030304005007200808
030304006807200808
030304006803200808
030304007607200808
030304007603200808
030304008407200808
030304008403200808
030304009207200808
030304009203200808
030304010603200808
030304010607200808
030304011403200808
030304011407200808
030304012207200808
030304012203200808
030304013003200808
030304013007200808
030304014903200808
030304015703200808
030304015707200808
030304016507200808
030304016503200808
030304017307200808
030304017303200808
030304018103200808
030304019003200808
030304019007200808
030304020303200808
030304021103200808
030304022003200808
030304022007200808
030304023807200808
030304023803200808
030304024603200808
030304025407200808
030304025403200808
030304026203200808
030304027003200808
030304028903200808
030304029707200808
030304029703200808
030305013607200808
030305013603200808
030305014407200808
030305014403200808
030306001807200808
030306001803200808
030306002603200808
030306002607200808
030306003403200808
030306003407200808
030306004207200808
030306004203200808
030306005007200808
030306005003200808
030306006903200808
030306006907200808
030306007707200808
030306007703200808
030306008503200808
030306008507200808
030306009307200808
030306009303200808
030306010703200808
030306010707200808
030306011507200808
030306011503200808
030306012303200808
030306012307200808
030306013107200808
030306013103200808
030306014007200808
030306014003200808
030306015803200808
030306016607200808
030306016603200808
030306017407200808
030306017403200808
030306018203200808
030306018207200808
030306019003200808
030306019007200808
030306020403200808
030306020407200808
030306021207200808
030306021203200808
030306022001200808
030306022003200808
030306022007200808
030306023907200808
030306023903200808
030306024707200808
030306024703200808
030306025503200808
030306026307200808
030306026303200808
030306027107200808
030306027103200808
030306028003200808
030306028007200808
030306029807200808
030306029803200808
030306030107200808
030306030103200808
030307006403200808
030307006407200808
030307007207200808
030307007203200808
030307008003200808
030307008007200808
030307009907200808
030307009903200808
030307010207200808
030307010203200808
030307011007200808
030307011003200808
030307012907200808
030307012903200808
030308004303200808
030308004307200808
030308005107200808
030308005103200808
030308006003200808
030308006007200808
030308007807200808
030308007803200808
030308008607200808
030308008603200808
030308009403200808
030308009407200808
030309013807200808
030309013803200808
030309019703200808
030309019707200808
030309020007200808
030309020003200808
030309023503200808
030309023507200808
030309024307200808
030309024303200808
030309028603200808
030309028607200808
030309029407200808
030309029403200808
030309030807200808
030309030803200808
030309031607200808
030309031603200808
030309032407200808
030309032403200808
030309033203200808
030309033207200808
030309034003200808
030309034007200808
030309035907200808
030309035903200808
030309036707200808
030309036703200808
030309037503200808
030309037507200808
030310001002200808
030310001003200808
030310001007200808
030310002802200808
030310002807200808
030310002803200808
030310003602200808
030310003603200808
030310003607200808
030310004407200808
030310004403200808
030310004402200808
030310005203200808
030310005202200808
030310005207200808
030311001507200808
030311001503200808
030311002303200808
030311002307200808
030311003103200808
030311003107200808
030311004003200808
030311004007200808
030311005807200808
030311005803200808
030311006607200808
030311006603200808
030311007403200808
030311007407200808
030311008207200808
030311008203200808
030311009007200808
030311009003200808
030311010407200808
030311010403200808
030311011203200808
030311011207200808
030313001604200808
030313001607200808
030313002404200808
030313002407200808
030313003207200808
030313003204200808
030313004007200808
030313004004200808
030313005907200808
030313005904200808
030313006707200808
030313006704200808
030313007504200808
030313007507200808
030313008307200808
030313008304200808
030314002007200808
030314002003200808
030314003807200808
030314003803200808
030314004603200808
030314004607200808
030314005403200808
030314005407200808
030314006203200808
030314006207200808
030314007003200808
030314007007200808
030314008903200808
030314008907200808
030314009703200808
030314009707200808
030314010007200808
030314010003200808
030314011907200808
030314011903200808
030314012703200808
030314012707200808
030314013503200808
030314013507200808
030314014303200808
030314014307200808
030314015103200808
030314015107200808
030315001707200808
030315001703200808
030315002503200808
030315002507200808
030315003307200808
030315003303200808
030315004107200808
030315004103200808
030315005007200808
030315005003200808
030315006807200808
030315006803200808
030316001203200808
030316001207200808
030316002007200808
030316002003200808
030316002002200808
030316003907200808
030316004707200808
030316005507200808
030316006307200808
030316007107200808
030317001803200808
030317001807200808
030317001805200808
030317002607200808
030317002603200808
030317003403200808
030317003407200808
030317004207200808
030317004203200808
030317005007200808
030317005003200808
030317006907200808
030317006903200808
030317007707200808
030317007705200808
030317008505200808
030317008503200808
030317008507200808
030317009307200808
030317009305200808
030317010707200808
030317010714200808
030318001303200808
030318001307200808
030318003003200808
030318003007200808
030318004803200808
030318004807200808
030318005607200808
030318005603200808
030318006403200808
030318006407200808
030318007207200808
030318007210200808
030319001907200808
030319001903200808
030319001908200808
030401004903200808
030401005703200808
030401006503200808
030401011107200808
030401011103200808
030401016203200808
030401032403200808
030401033203200808
030408002007200808
030408002003200808
030408003907200808
030408003903200808
030408004703200808
030408006303200808
030409001803200808
030409001807200808
030409002607200808
030409002603200808
030409003407200808
030409003403200808
030409004203200808
030409004207200808
030410001303200808
030410001307200808
030501017407200808
030501017403200808
030502001303200808
030502001307200808
030502002103200808
030502002107200808
030502003007200808
030502003003200808
030502004807200808
030502004803200808
030502005603200808
030502005607200808
030801001903200808
030801001901200808
030801001907200808
030801002707200808
030801002703200808
030801003507200808
030801003501200808
030801003503200808
030801004307200808
030801004303200808
030801004301200808
030802002203200808
030802002207200808
030802003003200808
030802003007200808
030803001007200808
030803001003200808
030803002807200808
030803002803200808
030803003683200808
030803003607200808
030803003601200808
030803003603200808
030804001501200808
030804001503200808
030804001507200808
030804002307200808
030804002303200808
031001003903200808
031001003902200808
031001003901200808
031001004702200808
031001004701200808
031001004703200808
040102001007200808
040102001001200808
040102002901200808
040102002907200808
040102003701200808
040102003707200808
040102004509200808
040102004501200808
040102004507200808
040102005309200808
040102005307200808
040102005301200808
040102006101200808
040102006109200808
040102006107200808
040102007009200808
040102007001200808
040102007007200808
040102008807200808
040102008801200808
040102008809200808
040102009607200808
040102009601200808
040102009609200808
040102010001200808
040102010007200808
040102011801200808
040102011807200808
040102012607200808
040102012601200808
040102013405200808
040102013401200808
040102014209200808
040102014201200808
040102014207200808
040102015001200808
040102015009200808
040102015007200808
040102016901200808
040102016907200808
040201001901200808
040201001907200808
040201002701200808
040201002707200808
040201003509200808
040201003501200808
040201003507200808
040201004307200808
040201004309200808
040201004301200808
040201005107200808
040201005101200808
040202001401200808
040202001407200808
040202002207200808
040202002201200808
040301001207200808
040301001201200808
040301002001200808
040301002007200808
040301003907200808
040301003901200808
040301004701200808
040301004707200808
040301005501200808
040301005507200808
040301006301200808
040301006307200808
040301007101200808
040301007107200808
040301008007200808
040301008001200808
040301009801200808
040301009807200808
040301010107200808
040301010101200808
040301011007200808
040301011001200808
040301012801200808
040301012807200808
040301013607200808
040301013601200808
040301014401200808
040301014407200808
040301015201200808
040301015207200808
040301016007200808
040301016001200808
040301017901200808
040301017907200808
040301018701200808
040301018707200808
040301019501200808
040301019507200808
040301020907200808
040301020901200808
040301021707200808
040301021701200808
040301022507200808
040301022501200808
040301023301200808
040301023307200808
040301024107200808
040301024101200808
040301025001200808
040301025007200808
040301026807200808
040301026801200808
040301027601200808
040301027607200808
040301028401200808
040301028407200808
040301029207200808
040301029201200808
040301030607200808
040301030601200808
040301031407200808
040301031401200808
040301032201200808
040301032207200808
040301033007200808
040301033001200808
040301034901200808
040301034907200808
040301035707200808
040301035701200808
040301036501200808
040301036507200808
040302001807200808
040302001801200808
040302002601200808
040302002607200808
040302003407200808
040302003401200808
040302004201200808
040302004207200808
040302005007200808
040302005001200808
040302006907200808
040302006901200808
040302007701200808
040302007707200808
040302008507200808
040302008501200808
040302009307200808
040302009301200808
040302010707200808
040302010701200808
040302011507200808
040302011501200808
040302012301200808
040302012307200808
040302013101200808
040302013107200808
040303001307200808
040303001301200808
040303002101200808
040303002107200808
040303003001200808
040303003007200808
040303004807200808
040303004801200808
040303005601200808
040303005607200808
040303006401200808
040303006407200808
040303007207200808
040303007201200808
040303008007200808
040303008001200808
040303009901200808
040303009907200808
040303010201200808
040303010207200808
040303011007200808
040303011001200808
040303012907200808
040303012901200808
040303013707200808
040303013701200808
040303014501200808
040303014507200808
040303015307200808
040303015301200808
040303016101200808
040303016107200808
040303017001200808
040303017007200808
040304001907200808
040304001901200808
040304002707200808
040304002701200808
040304003507200808
040304003501200808
040304004307200808
040304004301200808
040304005101200808
040304005107200808
040304006007200808
040304006001200808
040304007807200808
040304007801200808
040304008607200808
040304008601200808
040305003001200808
040305004901200808
040305005701200808
040305006501200808
040305007301200808
040305009001200808
040305010301200808
040305011101200808
040305012001200808
040305013801200808
040305014601200808
040305015401200808
040305016201200808
040306001001200808
040306001007200808
040306002801200808
040306002807200808
040306003601200808
040306003607200808
040306004401200808
040306004407200808
040306005201200808
040306005207200808
040306006001200808
040306006007200808
040306007901200808
040306007907200808
040306008707200808
040306008701200808
040306009501200808
040306009507200808
040307001501200808
040307002301200808
040307003101200808
040307004001200808
040307005801200808
040307006601200808
040307007401200808
040307008201200808
040307009001200808
040307010401200808
040307011201200808
040307012001200808
040307013907200808
040307013901200808
040307014707200808
040307014701200808
040308001001200808
040308002901200808
040308003701200808
040308004501200808
040308005301200808
040308006101200808
040308007001200808
040308008801200808
040308009601200808
040308010001200808
040401001605200808
040401001601200808
040401001609200808
040401002409200808
040401002407200808
040401002401200808
040401003201200808
040401003207200808
040401003209200808
040401004001200808
040401004007200808
040401005907200808
040401005901200808
040401006707200808
040401006701200808
040401008307200808
040401008301200808
040401010501200808
040401010507200808
040401011307200808
040401011301200808
040401012101200808
040401012109200808
040401012107200808
040401013007200808
040401013001200808
040401014801200808
040401014807200808
040401016401200808
040401016407200808
040401017207200808
040401017201200808
040401018007200808
040401018001200808
040401019901200808
040401019907200808
040401020207200808
040401020201200808
040401021001200808
040401021007200808
040401022901200808
040401022907200808
040401023701200808
040401023707200808
040401028807200808
040401028801200808
040401031809200808
040401031801200808
040401031807200808
040401032601200808
040401032607200808
040401033407200808
040401033401200808
040401035007200808
040401035001200808
040401037707200808
040401037701200808
040401038501200808
040401038507200808
040401040707200808
040401040701200808
040401041501200808
040401041509200808
040401041507200808
040401042301200808
040402001107200808
040402001101200808
040402003807200808
040402003801200808
040402004607200808
040402004601200808
040402006201200808
040402006207200808
040402007007200808
040402007001200808
040402007009200808
040402008907200808
040402008901200808
040402008909200808
040402011907200808
040402011901200808
040402013507200808
040402013501200808
040402014307200808
040402014301200808
040402015101200808
040402016007200808
040402016001200808
040402017801200808
040402017807200808
040402018601200808
040402018607200808
040402019407200808
040402019401200808
040402020807200808
040402020801200808
040402021607200808
040402021601200808
040402022401200808
040402022407200808
040402023201200808
040402023207200808
040402024007200808
040402024001200808
040402025907200808
040402025901200808
040402026707200808
040402026709200808
040402026701200808
040402027501200808
040402027507200808
040402028301200808
040402028307200808
040402029107200808
040402029101200808
040402030501200808
040402030507200808
040402031301200808
040402031307200808
040402032107200808
040402032101200808
040402033007200808
040402033001200808
040402034801200808
040402034807200808
040402035607200808
040402035601200808
040402036401200808
040402036407200808
040402037207200808
040402037201200808
040402038007200808
040402038001200808
040402039901200808
040402039907200808
040402040201200808
040402040207200808
040402041001200808
040402041007200808
040402042907200808
040402042901200808
040402043701200808
040402043707200808
040403001707200808
040403001701200808
040403002507200808
040403002501200808
040403003307200808
040403003301200808
040403004101200808
040403004107200808
040403005001200808
040403005007200808
040403006801200808
040403007601200808
040403007607200808
040403008407200808
040403008401200808
040403009207200808
040403009201200808
040403010607200808
040403010601200808
040403011401200808
040403011407200808
040403012201200808
040403012207200808
040403013007200808
040403013001200808
040403014901200808
040403014907200808
040403015707200808
040403015701200808
040403016507200808
040403016501200808
040403017307200808
040403017301200808
040403018101200808
040403018107200808
040403019007200808
040403019001200808
040403020301200808
040403020307200808
040403021101200808
040403021107200808
040501001007200808
040501001009200808
040501001001200808
040501002809200808
040501002807200808
040501002801200808
040501003601200808
040501003607200808
040501003609200808
040501007907200808
040501007909200808
040501007901200808
040501008701200808
040501008709200808
040501008707200808
040501011707200808
040501011709200808
040501011701200808
040501012501200808
040501012507200808
040501012509200808
040501013309200808
040501013307200808
040501013301200808
040501015007200808
040501015001200808
040501015009200808
040501017601200808
040501017609200808
040501017607200808
040502001509200808
040502001507200808
040502001501200808
040502002301200808
040502002309200808
040502002307200808
040503001007200808
040503001001200808
040503001009200808
040503002909200808
040503002907200808
040503002901200808
040503007001200808
040503007007200808
040503007009200808
040503009601200808
040503009609200808
040503009607200808
040503011809200808
040503011807200808
040503011801200808
040503013409200808
040503013401200808
040503013407200808
040503014209200808
040503014201200808
040503014207200808
040503016901200808
040503016907200808
040503017701200808
040503017707200808
040503018501200808
040503018507200808
040503019301200808
040503019307200808
040503020707200808
040503020701200808
040503020709200808
040504001607200808
040504001601200808
040504001609200808
040504002409200808
040504002407200808
040504002401200808
040504004001200808
040504004009200808
040504004007200808
040504005909200808
040504005907200808
040504005901200808
040504006701200808
040504006707200808
040504006709200808
040504007507200808
040504007509200808
040504007501200808
040504008307200808
040504008301200808
040504008309200808
040504009101200808
040504009109200808
040504009107200808
040504010509200808
040504010507200808
040504010501200808
040504014807200808
040504014809200808
040504014801200808
040504015601200808
040504015607200808
040504015609200808
040504016407200808
040504016409200808
040504016401200808
040504018001200808
040504018007200808
040504020201200808
040504020209200808
040504020207200808
040504021009200808
040504021001200808
040504021007200808
040505001109200808
040505001101200808
040505001107200808
040505004601200808
040505004607200808
040505004609200808
040505005409200808
040505005401200808
040505005407200808
040505009707200808
040505009709200808
040505009701200808
040505010001200808
040505010007200808
040505010009200808
040505011909200808
040505011907200808
040505011901200808
040505013501200808
040505013509200808
040505013507200808
040505014301200808
040505014307200808
040505014309200808
040505015107200808
040505015109200808
040505015101200808
040505018601200808
040505018607200808
040505018609200808
040505021609200808
040505021601200808
040505021607200808
040505022401200808
040505022409200808
040505022407200808
040505023207200808
040505023209200808
040505023201200808
040505031301200808
040505031307200808
040505031309200808
040505032107200808
040505032101200808
040505032109200808
040505035609200808
040505035607200808
040505035601200808
040505037201200808
040505037207200808
040505037209200808
040505038007200808
040505038001200808
040505038009200808
040505039907200808
040505039909200808
040505039901200808
040601001307200808
040601001301200808
040601002107200808
040601002101200808
040601003001200808
040601003007200808
040601004807200808
040601004801200808
040601005601200808
040601005607200808
040601006401200808
040601006407200808
040601007207200808
040601007201200808
040601008001200808
040601009907200808
040601009901200808
040601010207200808
040601010201200808
040601011007200808
040601011001200808
040601013707200808
040601013701200808
040601014507200808
040601014501200808
040601015307200808
040601015301200808
040601016101200808
040601017001200808
040601017007200808
040601018807200808
040601018801200808
040601019601200808
040601019607200808
040601020007200808
040601020001200808
040601021807200808
040601021801200808
040601022601200808
040601022607200808
040601023401200808
040601023407200808
040601024201200808
040601024207200808
040601025007200808
040601025001200808
040601026907200808
040601026901200808
040601027707200808
040601027701200808
040601028507200808
040601028501200808
040601029301200808
040601029307200808
040601030701200808
040601030707200808
040601031501200808
040601031507200808
040601032301200808
040601032307200808
040601033107200808
040601033101200808
040601034007200808
040601034001200808
040601035807200808
040601035801200808
040601036607200808
040601036601200808
040601037407200808
040601037401200808
040601038207200808
040601038201200808
040601039007200808
040601039001200808
040601040407200808
040601040401200808
040601041207200808
040601041201200808
040601042007200808
040601042001200808
040601043901200808
040601043907200808
040601044707200808
040601044701200808
040601045501200808
040601045507200808
040601046301200808
040601046307200808
040601047101200808
040601047107200808
040601048007200808
040601048001200808
040601049807200808
040601049801200808
040601050101200808
040601050107200808
040601051001200808
040601051007200808
040601052807200808
040601052801200808
040601053601200808
040601053607200808
040601054407200808
040601054401200808
040601055207200808
040601055201200808
040601056001200808
040601057901200808
040601058701200808
040601059501200808
040601060901200808
040601061701200808
040601062501200808
040601063301200808
040601064101200808
040601064107200808
040601065001200808
040601066801200808
040601066807200808
040601067601200808
040601067607200808
040601068401200808
040601068407200808
040601069207200808
040601069201200808
040601070601200808
040601071401200808
040601071407200808
040601073007200808
040601073001200808
040601074901200808
040601075707200808
040601075701200808
040601076507200808
040601076501200808
040601077301200808
040601077307200808
040601078101200808
040601078107200808
040601079001200808
040601080307200808
040601080301200808
040601081101200808
040601082001200808
040601082007200808
040601083801200808
040601084601200808
040601085401200808
040601086201200808
040601087001200808
040601088901200808
040601089707200808
040601089701200808
040601090007200808
040601090001200808
040601091907200808
040601091901200808
040601092701200808
040601093501200808
040601094301200808
040601095101200808
040601096001200808
040601096007200808
040601096003200808
040601097807200808
040601097803200808
040601097801200808
040601098601200808
040601099401200808
040601100101200808
040601101001200808
040601102801200808
040601103601200808
040601104407200808
040601104401200808
040601105201200808
040601106001200808
040601107901200808
040601108701200808
040601109501200808
040601110901200808
040601111701200808
040601112501200808
040601113301200808
040601113307200808
040601114101200808
040601115001200808
040601115007200808
040601116801200808
040601117601200808
040601118401200808
040601119201200808
040601120601200808
040601121407200808
040601121401200808
040601122207200808
040601122201200808
040602001907200808
040602001901200808
040602002707200808
040602002701200808
040602003507200808
040602003501200808
040602004307200808
040602004301200808
040602005101200808
040602005107200808
040602007807200808
040602007801200808
040602010801200808
040602011607200808
040602011601200808
040602012401200808
040602012407200808
040602015907200808
040602015901200808
040602016707200808
040602016701200808
040602019101200808
040602019107200808
040602021301200808
040602022101200808
040602023001200808
040602024801200808
040602024807200808
040602025601200808
040602025607200808
040602026401200808
040602026407200808
040602027201200808
040602027207200808
040602028001200808
040602028007200808
040602030207200808
040602030201200808
040602031007200808
040602031001200808
040602032901200808
040602032907200808
040602033707200808
040602033701200808
040602034501200808
040602034507200808
040602035301200808
040602035307200808
040602036101200808
040602036107200808
040602037001200808
040602037007200808
040602038807200808
040602038801200808
040602039601200808
040602039607200808
040602040001200808
040602040007200808
040602041807200808
040602041801200808
040602042601200808
040602042607200808
040602043401200808
040602043407200808
040602044207200808
040602044201200808
040602045005200808
040602045001200808
040602046901200808
040602046907200808
040602047707200808
040602047701200808
040602048507200808
040602048501200808
040602049301200808
040602049307200808
040602050701200808
040602050707200808
040602051507200808
040602051501200808
040602052301200808
040602053107200808
040602053101200808
040602054007200808
040602054001200808
040602055807200808
040602055801200808
040602056607200808
040602056601200808
040602057401200808
040602057407200808
040602058201200808
040602058207200808
040602059001200808
040602059007200808
040602060407200808
040602060401200808
040603001401200808
040603002201200808
040603003001200808
040603004901200808
040603005701200808
040603005707200808
040603006501200808
040603007301200808
040603008107200808
040603008101200808
040603009007200808
040603009001200808
040603010307200808
040603010301200808
040603011101200808
040603011107200808
040603012007200808
040603012001200808
040603013801200808
040603013807200808
040603014601200808
040603014607200808
040604001001200808
040604001007200808
040604002807200808
040604002801200808
040604004407200808
040604004401200808
040604005201200808
040604005207200808
040604006001200808
040604006007200808
040604007907200808
040604007901200808
040604008701200808
040604009501200808
040604010901200808
040604010907200808
040604011701200808
040604011707200808
040604012507200808
040604012501200808
040604013301200808
040604014107200808
040604014101200808
040604015001200808
040604016801200808
040604017601200808
040604018401200808
040604019207200808
040604019201200808
040604020607200808
040604020601200808
040604021401200808
040604021407200808
040604022207200808
040604022201200808
040604023001200808
040604023007200808
040604024907200808
040604024901200808
040604025701200808
040604025707200808
040604026501200808
040604026507200808
040604027307200808
040604027301200808
040604028101200808
040604029001200808
040604029007200808
040604030307200808
040604030301200808
040604031101200808
040604031107200808
040604032007200808
040604032001200808
040604033801200808
040604033807200808
040605001507200808
040605001501200808
040605002301200808
040605002307200808
040605003107200808
040605003101200808
040605004007200808
040605004001200808
040605005801200808
040605005807200808
040605006601200808
040605006607200808
040605007401200808
040605007407200808
040605008207200808
040605008201200808
040605009001200808
040605009007200808
040605010407200808
040605010401200808
040605011201200808
040605012001200808
040605012007200808
040605013907200808
040605013901200808
040701001701200808
040701001707200808
040701003307200808
040701003301200808
040701004101200808
040701005007200808
040701005001200808
040701006801200808
040701006807200808
040701007601200808
040701008407200808
040701008401200808
040701009201200808
040701009207200808
040701010601200808
040701010607200808
040701011401200808
040701011407200808
040701012201200808
040701012207200808
040701013001200808
040701014901200808
040701015707200808
040701015701200808
040701016507200808
040701016501200808
040701017307200808
040701017301200808
040701018107200808
040701018101200808
040701019001200808
040701019007200808
040701020307200808
040701020301200808
040701021101200808
040701021107200808
040701022001200808
040701022007200808
040701023807200808
040701023801200808
040701027001200808
040701027007200808
040701028901200808
040701029701200808
040701029707200808
040701030001200808
040701033501200808
040701033507200808
040701034301200808
040701034307200808
040701035107200808
040701035101200808
040702001201200808
040702002001200808
040702003901200808
040702003907200808
040702004707200808
040702004701200808
040702006307200808
040702006301200808
040702007107200808
040702007101200808
040702008001200808
040702008007200808
040702009807200808
040702009801200808
040702010107200808
040702010101200808
040702011007200808
040702011009200808
040702011001200808
040702013601200808
040702013607200808
040702013609200808
040702014407200808
040702014409200808
040702014401200808
040702015207200808
040702015201200808
040702017901200808
040702017907200808
040702018707200808
040702018701200808
040702019501200808
040702019507200808
040702020901200808
040702020907200808
040702021701200808
040702021709200808
040702022509200808
040702022501200808
040702022507200808
040702023301200808
040702023307200808
040702024107200808
040702024101200808
040702025001200808
040702025007200808
040702026801200808
040702026807200808
040702027601200808
040702027607200808
040702027609200808
040702028409200808
040702028401200808
040702028407200808
040702029201200808
040702029207200808
040702030607200808
040702030601200808
040702032209200808
040702032207200808
040702032201200808
040702033001200808
040702034901200808
040702035701200808
040702036501200808
040702036507200808
040702038101200808
040702038107200808
040702040301200808
040702040307200808
040702041101200808
040702041107200808
040702042001200808
040702042007200808
040702043807200808
040702043801200808
040702044601200808
040702044607200808
040702045409200808
040702045401200808
040702045407200808
040702046207200808
040702046201200808
040702047009200808
040702047001200808
040702047007200808
040703001801200808
040703001807200808
040703002607200808
040703002601200808
040703003401200808
040703003407200808
040703004207200808
040703004201200808
040703005001200808
040703005007200808
040703006907200808
040703006901200808
040703007707200808
040703007701200808
040703012307200808
040703012301200808
040703013107200808
040703013101200808
040703014007200808
040703014001200808
040703015801200808
040703015807200808
040703016601200808
040703016607200808
040703017401200808
040703017407200808
040703018201200808
040703018207200808
040703019001200808
040703019007200808
040703020401200808
040703021201200808
040703022001200808
040703024701200808
040704001301200808
040704001307200808
040704002107200808
040704002101200808
040704003007200808
040704003001200808
040704004807200808
040704004801200808
040704005601200808
040704005607200808
040704006401200808
040704006409200808
040704006407200808
040704007201200808
040704007207200808
040704007209200808
040704008001200808
040704008007200808
040704008009200808
040704009907200808
040704009909200808
040704009901200808
040704010209200808
040704010207200808
040704010201200808
040704011009200808
040704011001200808
040704011007200808
040704012901200808
040704012907200808
040704012909200808
040704013707200808
040704013701200808
040704014507200808
040704014501200808
040704015307200808
040704015301200808
040704016101200808
040704016107200808
040704017007200808
040704017009200808
040704017001200808
040704018801200808
040704018807200808
040704020001200808
040704020007200808
040704022601200808
040704022607200808
040704022609200808
040704023407200808
040704023401200808
040704024201200808
040704024207200808
040704025001200808
040704025007200808
040704026901200808
040704026907200808
040801001001200808
040801002901200808
040801003701200808
040801004501200808
040801005301200808
040801006101200808
040801007007200808
040801007001200808
040801008801200808
040801008807200808
040801009601200808
040801009607200808
040801010007200808
040801010001200808
040801011807200808
040801011801200808
040801013401200808
040801013407200808
040801014201200808
040801014207200808
040801015001200808
040801015007200808
040801016907200808
040801016901200808
040801017701200808
040801017707200808
040801018501200808
040801018507200808
040801019307200808
040801019301200808
040801020707200808
040801020701200808
040801021501200808
040801022307200808
040801022301200808
040801023101200808
040802001601200808
040802001607200808
040802002401200808
040802002407200808
040802003207200808
040802003201200808
040802004001200808
040802005901200808
040802006701200808
040802007501200808
040802008301200808
040802009101200808
040802010501200808
040802010507200808
040802012107200808
040802012101200808
040802013007200808
040802013001200808
040802014807200808
040802014801200808
040802015601200808
040802015607200808
040802016407200808
040802016401200808
040802017207200808
040802017201200808
040802018001200808
040802018007200808
040802019901200808
040802019907200808
040802020201200808
040802020207200808
040802021001200808
040802021007200808
040802022907200808
040802022901200808
040802023707200808
040802023701200808
040802024501200808
040802024507200808
040802025301200808
040802025307200808
040802026101200808
040802026107200808
040802027007200808
040802027001200808
040802028807200808
040802028801200808
040802029607200808
040802029601200808
040802030001200808
040802030007200808
040802031807200808
040802031801200808
040802032609200808
040802032601200808
040802032607200808
040802033407200808
040802033401200808
040802034209200808
040802034201200808
040802034207200808
040802035007200808
040802035001200808
040802036907200808
040802036901200808
040802037707200808
040802037701200808
040802038501200808
040802038507200808
040802039307200808
040802039301200808
040802040701200808
040802040707200808
040802041501200808
040802041507200808
040802042301200808
040802042307200808
040802043101200808
040802043107200808
040802044007200808
040802044001200808
040802044009200808
040802045807200808
040802045801200808
040802046601200808
040802046607200808
040802047401200808
040802047407200808
040802048207200808
040802048201200808
040802049001200808
040802049007200808
040802050407200808
040802050401200808
040802051201200808
040802051207200808
040802052007200808
040802052001200808
040802053901200808
040802053907200808
040802054701200808
040802054707200808
040802055501200808
040802055507200808
040802056301200808
040802056307200808
040802057107200808
040802057101200808
040802058001200808
040802058007200808
040802059801200808
040802059807200808
040802060101200808
040802060107200808
040802061007200808
040802061001200808
040802062801200808
040802062807200808
040802063601200808
040802063607200808
040802064401200808
040802064407200808
040803001101200808
040803001107200808
040803002007200808
040803002001200808
040803003807200808
040803003801200808
040803004601200808
040803005407200808
040803005401200808
040803006201200808
040803006207200808
040803007007200808
040803007001200808
040803008907200808
040803008901200808
040803009707200808
040803009701200808
040803010001200808
040803010007200808
040803011901200808
040803011907200808
040803012707200808
040803012701200808
040803013501200808
040803014301200808
040803015101200808
040803016001200808
040803017807200808
040803017801200808
040803018601200808
040803019401200808
040803020801200808
040803021601200808
040803022401200808
040803023207200808
040803023201200808
040803024001200808
040803024007200808
040803025901200808
040803025907200808
040803026707200808
040803026701200808
040803027507200808
040803027501200808
040803028301200808
040803028307200808
040803029107200808
040803029101200808
040803030507200808
040803030501200808
040803031307200808
040803031301200808
040803032101200808
040803032107200808
040803033007200808
040803033001200808
040803034807200808
040803034801200808
040803035601200808
040803036407200808
040803036401200808
040803037201200808
040803037207200808
040803038007200808
040803038001200808
040803039901200808
040803039907200808
040803040207200808
040803040201200808
040803041007200808
040803041001200808
040803042901200808
040803042907200808
040803043707200808
040803043701200808
040803044507200808
040803044501200808
040803045301200808
040803045307200808
040803046107200808
040803046101200808
040803047001200808
040803047007200808
040803050001200808
040803050007200808
040803051807200808
040803051801200808
040803052607200808
040803052601200808
040803053401200808
040803053407200808
040803054201200808
040803054207200808
040803055001200808
040803055007200808
040803056907200808
040803056901200808
040803057707200808
040803057701200808
040803058501200808
040803058507200808
040803059301200808
040803059307200808
040803060701200808
040803060707200808
040803061501200808
040803061507200808
040803062301200808
040803062307200808
040803063101200808
040803063107200808
040803064007200808
040803064001200808
040803065801200808
040803065807200808
040803066601200808
040803066607200808
040803067401200808
040803067407200808
040803068201200808
040803068207200808
040803069001200808
040803069007200808
040803070401200808
040803071207200808
040803071201200808
040803072007200808
040803072001200808
040803073901200808
040803073907200808
040803074701200808
040803074707200808
040803075507200808
040803075501200808
040803076307200808
040803076301200808
040803077107200808
040803077101200808
040803078001200808
040803079801200808
040803080107200808
040803080101200808
040803081001200808
040803081007200808
040803082801200808
040803082807200808
040803083607200808
040803083601200808
040803084407200808
040803084401200808
040803085201200808
040803085207200808
040803086001200808
040803086007200808
040803087901200808
040803087907200808
040803088701200808
040803088707200808
040803089501200808
040803089507200808
040803090901200808
040803090907200808
040803091707200808
040803091701200808
040804001701200808
040804001707200808
040804002507200808
040804002501200808
040804003307200808
040804003301200808
040804004101200808
040804004107200808
040804005001200808
040804006801200808
040804007601200808
040804008401200808
040804009201200808
040804010607200808
040804010601200808
040804011407200808
040804011401200808
040804012201200808
040804012207200808
040804013001200808
040804013007200808
040804014901200808
040804014907200808
040804015707200808
040804015701200808
040804016507200808
040804016501200808
040804017301200808
040804017307200808
040804018101200808
040804018107200808
040804019007200808
040804019001200808
040804020307200808
040804020301200808
040804022001200808
040804022007200808
040804023807200808
040804023801200808
040804024601200808
040804024607200808
040804025401200808
040804025407200808
040804026207200808
040804026201200808
040804027007200808
040804027001200808
040804028901200808
040804028907200808
040804029701200808
040804029707200808
040804030007200808
040804030001200808
040804031901200808
040804031907200808
040804032707200808
040804032701200808
040804033501200808
040804033507200808
040804034307200808
040804034301200808
040805001201200808
040805001207200808
040805002001200808
040805002007200808
040805003907200808
040805003901200808
040805004701200808
040805004707200808
040805005501200808
040805006301200808
040805007101200808
040805008001200808
040805008007200808
040805010101200808
040805010107200808
040805011001200808
040805011007200808
040805012801200808
040805012807200808
040805013601200808
040805013607200808
040805014401200808
040805014407200808
040805015207200808
040805015201200808
040805016001200808
040805016007200808
040805017901200808
040805017907200808
040805018707200808
040805018701200808
040805019507200808
040805019501200808
040805020907200808
040805020901200808
040805021707200808
040805021701200808
040805022509200808
040805022507200808
040805022501200808
040805023301200808
040805023307200808
040805024107200808
040805024101200808
040805025007200808
040805025001200808
040805026801200808
040805026807200808
040805026809200808
040805027607200808
040805027601200808
040805028407200808
040805028401200808
040805029201200808
040805029207200808
040805030601200808
040805030607200808
040805031407200808
040805031401200808
040805032201200808
040805032207200808
040805033001200808
040805033007200808
040805034901200808
040805034907200808
040805035701200808
040805035707200808
040805036501200808
040805036507200808
040805037307200808
040805037301200808
040805038107200808
040805038101200808
040805039001200808
040805039007200808
040805040301200808
040805041107200808
040805041101200808
040805042007200808
040805042001200808
040805043807200808
040805043801200808
040805044601200808
040805044607200808
040805045407200808
040805045401200808
040805046207200808
040805046201200808
040805047007200808
040805047001200808
040805048901200808
040805048907200808
040805049707200808
040805049701200808
040805050001200808
040805050007200808
040805051907200808
040805051901200808
040805052701200808
040805052707200808
040805053501200808
040805053507200808
040805054307200808
040805054301200808
040805055107200808
040805055101200808
040805056001200808
040805056007200808
040805057807200808
040805057801200808
040805058607200808
040805058601200808
040805059407200808
040805059401200808
040805060807200808
040805060801200808
040805061601200808
040805061607200808
040805062407200808
040805062401200808
040805063201200808
040805063207200808
040805064007200808
040805064001200808
040805065907200808
040805065901200808
040805066701200808
040805067501200808
040805067507200808
040805068307200808
040805068301200808
040805069107200808
040805069101200808
040805070501200808
040805070507200808
040805071307200808
040805071301200808
040805072107200808
040805072101200808
040805073001200808
040805073007200808
040805074807200808
040805074801200808
040805075601200808
040805075607200808
040805076407200808
040805076401200808
040805077201200808
040805077207200808
040805078007200808
040805078001200808
040805079907200808
040805079901200808
040805080201200808
040805080207200808
040805081001200808
040805081007200808
040805082907200808
040805082901200808
040805083707200808
040805083701200808
040805084507200808
040805084501200808
040805085307200808
040805085301200808
040805086107200808
040805086101200808
040805087001200808
040805087007200808
040805088807200808
040805088801200808
040805089607200808
040805089601200808
040805090001200808
040805091801200808
040805091807200808
040805092607200808
040805092601200808
040806001807200808
040806001801200808
040806002601200808
040806002607200808
040806003401200808
040806003407200808
040806004209200808
040806004207200808
040806004201200808
040806005001200808
040806005007200808
040806006901200808
040806006907200808
040806007707200808
040806007701200808
040806008507200808
040806008501200808
040806009307200808
040806009301200808
040806010701200808
040806010707200808
040806011507200808
040806011501200808
040806012307200808
040806012301200808
040806013101200808
040806013107200808
040806014001200808
040806014007200808
040806015807200808
040806015809200808
040806015801200808
040806016607200808
040806016601200808
040806017401200808
040806017407200808
040806018201200808
040806018207200808
040806019001200808
040806019007200808
040806020401200808
040806020407200808
040806021201200808
040806021207200808
040806023901200808
040806023907200808
040806024707200808
040806024701200808
040806025507200808
040806025501200808
040806026301200808
040806026307200808
040806027101200808
040806027107200808
040806028007200808
040806028001200808
040806029807200808
040806029801200808
040806030101200808
040806030107200808
040806031001200808
040806031007200808
040806032807200808
040806032801200808
040806033607200808
040806033601200808
040806034407200808
040806034401200808
040806035207200808
040806035201200808
040806036007200808
040806036001200808
040806037907200808
040806037901200808
040806038701200808
040806038707200808
040806039507200808
040806039501200808
040806040907200808
040806040901200808
040806041707200808
040806041701200808
040806042507200808
040806042501200808
040806042509200808
040806043307200808
040806043301200808
040806044101200808
040806044107200808
040806045001200808
040806045007200808
040806046801200808
040806046807200808
040806047601200808
040806047607200808
040806048407200808
040806048401200808
040806049201200808
040806049207200808
040806050601200808
040806050607200808
040806051407200808
040806051401200808
040806052201200808
040806052207200808
040806053001200808
040806053007200808
040806054907200808
040806054901200808
040806055707200808
040806055701200808
040806056507200808
040806056501200808
040806057301200808
040806057309200808
040806057307200808
040806058101200808
040806058107200808
040806059001200808
040806059007200808
040806060307200808
040806060301200808
040806061101200808
040806062007200808
040806062001200808
040806063807200808
040806063801200808
040806064601200808
040806064607200808
040806066207200808
040806066201200808
040806067007200808
040806067001200808
040806069707200808
040806069701200808
040806070001200808
040806070007200808
040901001407200808
040901001401200808
040901002207200808
040901002201200808
040901003001200808
040901003007200808
040901004901200808
040901004907200808
040901005707200808
040901005701200808
040901006507200808
040901006501200808
040901007301200808
040901007307200808
040901008101200808
040901008107200808
040901009007200808
040901009001200808
040901012007200808
040901012001200808
040901013807200808
040901013801200808
040901014607200808
040901014601200808
040901017009200808
040901017007200808
040901017001200808
040901018907200808
040901018901200808
040901019707200808
040901019701200808
040901020007200808
040901020001200808
040901021901200808
040901022701200808
040901022707200808
040901023501200808
040901023507200808
040901024301200808
040901024307200808
040901025107200808
040901025101200808
040901026001200808
040901026007200808
040901028607200808
040901028601200808
040901029407200808
040901029401200808
040901030807200808
040901030801200808
040901031607200808
040901031601200808
040901032407200808
040901032401200808
040901033201200808
040901033207200808
040901034001200808
040901034007200808
040901036707200808
040901036701200808
040901037501200808
040901037507200808
040901038301200808
040901038307200808
040901038309200808
040901039101200808
040901039107200808
040901040507200808
040901040501200808
040901041307200808
040901041301200808
040901043009200808
040901043001200808
040901043007200808
040901045607200808
040901045601200808
040901046407200808
040901046401200808
040901047207200808
040901047201200808
040901048007200808
040901048001200808
040901049901200808
040901050207200808
040901050201200808
040901051001200808
040901051007200808
040901052907200808
040901052901200808
040901053707200808
040901053701200808
040901054501200808
040901054507200808
040901055301200808
040901055307200808
040901056107200808
040901056101200808
040901057001200808
040901057007200808
040901058807200808
040901058801200808
040902001001200808
040902001009200808
040902001007200808
040902002807200808
040902002801200808
040902004409200808
040902004407200808
040902004401200808
040902005201200808
040902005207200808
040902007907200808
040902007901200808
040902007909200808
040902008707200808
040902008701200808
040902008709200808
040902009509200808
040902009501200808
040902009507200808
040902010901200808
040902010907200808
040902012501200808
040902012509200808
040902012507200808
040902013307200808
040902013301200808
040902014107200808
040902014101200808
040902015001200808
040902015009200808
040902015007200808
040902016807200808
040902016801200808
040902017609200808
040902017601200808
040902017607200808
040903001501200808
040903001509200808
040903002301200808
040903003101200808
040903004001200808
040904001007200808
040904001001200808
040904001009200808
040904003707200808
040904003701200808
040904004501200808
040904004507200808
040904005307200808
040904005301200808
040904007007200808
040904007001200808
040904007009200808
040904008801200808
040904008807200808
040904008809200808
040904009607200808
040904009601200808
040904011807200808
040904011801200808
040904012601200808
040904012607200808
040904013401200808
040904013407200808
040904014209200808
040904014207200808
040904014201200808
040904015001200808
040904015007200808
040904016907200808
040904016901200808
040904017701200808
040904017707200808
040904018507200808
040904018501200808
040904019301200808
040904019307200808
040904020707200808
040904020701200808
040904021507200808
040904021501200808
040904022301200808
040904023107200808
040904023101200808
040904024009200808
040904024001200808
040905001607200808
040905001601200808
040905002401200808
040905002407200808
040905003201200808
040905004001200808
040905004007200808
040905007507200808
040905007501200808
040905008301200808
040905008307200808
040905008309200808
040905009101200808
040905009107200808
040905010507200808
040905010501200808
040905011301200808
040905011307200808
040905012101200808
040906001109200808
040906001101200808
040906001107200808
040906002001200808
040906003809200808
040906003801200808
040906004609200808
040906004607200808
040906004601200808
040906005401200808
040906005409200808
040906005402200808
040906007001200808
040906007002200808
040906007009200808
040906010001200808
040906010007200808
040906011901200808
040906011907200808
040906012707200808
040906012701200808
040906013501200808
040906013507200808
040906014301200808
040906014307200808
040906015101200808
040906015107200808
040906016007200808
040906016001200808
040906017807200808
040906017801200808
040906017809200808
040906018601200808
040906018609200808
040906019401200808
040906019407200808
040906020807200808
040906020801200808
040906020809200808
040906021607200808
040906021601200808
040906022407200808
040906022401200808
040906023201200808
040906023207200808
040906023209200808
040906024007200808
040906024001200808
040906024009200808
040906025907200808
040906025901200808
040906026701200808
040906026709200808
040906026707200808
040906027507200808
040906027509200808
040906027501200808
040906028307200808
040906028301200808
040907001709200808
040907001701200808
040907002501200808
040907003309200808
040907003301200808
040907004101200808
040907004109200808
040907005001200808
040907006801200808
040907006809200808
040907007609200808
040907007601200808
040907008401200808
040907008409200808
040907009207200808
040907009209200808
040907009201200808
040907010607200808
040907010609200808
040907010601200808
040907011401200808
040907011407200808
040907013009200808
040907013001200808
040907013007200808
040907014901200808
040907014909200808
040907014907200808
040907015701200808
040907015709200808
040907015707200808
040907019009200808
040907019001200808
040907020301200808
040907021101200808
040907021107200808
040907022001200808
040907022007200808
040907022009200808
040907023801200808
040907023807200808
040907024601200808
040907024607200808
040907025407200808
040907025401200808
040907026207200808
040907026209200808
040907026201200808
040907027001200808
040907028901200808
040907028907200808
040907029701200808
040907030001200808
041001001409200808
041001001401200808
041001001407200808
041001005701200808
041001006501200808
041001006507200808
041001007301200808
041001007307200808
041001008101200808
041001008109200808
041001008107200808
041001009001200808
041001011107200808
041001011101200808
041001011109200808
041001012007200808
041001012001200808
041101001802200808
041101001809200808
041101001801200808
041101002602200808
041101002601200808
041101003401200808
041101003402200808
041101004202200808
041101004201200808
041101005002200808
041101005001200808
041101007701200808
041101007702200808
041101007709200808
041101008502200808
041101008501200808
041102001309200808
041102001302200808
041102001301200808
041102002102200808
041102002101200808
041102003002200808
041102003001200808
041102004801200808
041102005601200808
041102005602200808
041201001101200808
041201001107200808
041201002001200808
041201002007200808
041201003807200808
041201003801200808
041201004601200808
041201004609200808
041201004607200808
041201005401200808
041201005407200808
041201007001200808
041201007007200808
041201008901200808
041201008907200808
041201009701200808
041201009707200808
041201010001200808
041201010007200808
041201011907200808
041201011901200808
041201013501200808
041201013507200808
041201014307200808
041201014301200808
041202001707200808
041202001701200808
041202002501200808
041202002507200808
041202003307200808
041202003301200808
041202004101200808
041202004107200808
041202005001200808
041202005007200808
041202006807200808
041202006801200808
041202007607200808
041202007601200808
041202008401200808
041202008407200808
041203001201200808
041203001207200808
041203004707200808
041203004701200808
041203008001200808
041203008007200808
041204001801200808
041204001807200808
041204002601200808
041204002607200808
041204003407200808
041204003401200808
041204004201200808
041204004207200808
041204005001200808
041204005007200808
041204006907200808
041204006901200808
041204007707200808
041204007701200808
041204008501200808
041204008507200808
041204009307200808
041204009301200808
041204010701200808
041204010707200808
041204011501200808
041204011507200808
041204012307200808
041204012301200808
041204013107200808
041204013101200808
041204015807200808
041204015801200808
041204016601200808
041204016607200808
041204017407200808
041204017401200808
041204018207200808
041204018201200808
041204019001200808
041204019007200808
041204020401200808
041204020407200808
041204021201200808
041204021207200808
041204022001200808
041204022007200808
041205001307200808
041205001301200808
041205002107200808
041205002101200808
041205003001200808
041205003007200808
041205004807200808
041205004801200808
041205005601200808
041205005607200808
041205006401200808
041205006407200808
041205007201200808
041205007207200808
041205008007200808
041205008001200808
041205009907200808
041205009901200808
041205010207200808
041205010201200808
041205011001200808
041205011007200808
041205013701200808
041205013707200808
041205014507200808
041205014501200808
041205015301200808
041205015307200808
041301001507200808
041301001501200808
041301006601200808
041301008201200808
041301008207200808
041301009001200808
041301009007200808
041303001601200808
041303001607200808
041303002401200808
041303003201200808
041303005907200808
041303005901200808
041303006701200808
041303007501200808
041303008301200808
041303008307200808
041304002007200808
041304002001200808
041304003801200808
041304004601200808
041304005401200808
041304005407200808
041304006201200808
041304006207200808
041304007007200808
041304007001200808
041304008907200808
041304008901200808
041304009701200808
041304009707200808
041304010007200808
041304010001200808
041304011901200808
041304011909200808
041304011907200808
041304012701200808
041304012709200808
041304012707200808
041304013509200808
041304013507200808
041304013501200808
041304014301200808
041304014307200808
041304015107200808
041304015101200808
041304015109200808
041304016007200808
041304016001200808
041304017807200808
041304017801200808
041304018607200808
041304018601200808
041304019407200808
041304019401200808
041304020807200808
041304020801200808
041304021607200808
041304021601200808
041304022407200808
041304022401200808
041304023201200808
041304023207200808
041304023209200808
041304024001200808
041304024007200808
041401002701200808
041401003501200808
041401004307200808
041401004301200808
041401005101200808
041401005107200808
041401006007200808
041401006001200808
041401007801200808
041401007807200808
041401008601200808
041401008607200808
041401009401200808
041401009407200808
041401010807200808
041401010801200808
041401011601200808
041401011607200808
041401012407200808
041401012401200808
041401013201200808
041401013207200808
041401014001200808
041401014007200808
041401015907200808
041401015901200808
041401016701200808
041401016707200808
041401017507200808
041401017501200808
041401018307200808
041401018301200808
041401019107200808
041401019101200808
041401020507200808
041401020501200808
041401023001200808
041401023007200808
041401024807200808
041401024801200808
041401025601200808
041401025607200808
041401026401200808
041401026407200808
041401027207200808
041401027201200808
041401028007200808
041401028001200808
041401032901200808
041401032907200808
041402010309200808
041402010301200808
041402010307200808
041402011109200808
041402011107200808
041402011101200808
041402019701200808
041402019707200808
041501001201200808
041501001207200808
041502001801200808
041502002601200808
041503001307200808
041503001301200808
041504002707200808
041504002701200808
041504003507200808
041504003501200808
041601001601200808
041601001607200808
041601002407200808
041601002401200808
041601003201200808
041601003207200808
041601004001200808
041601004007200808
041601005901200808
041601005907200808
041601006707200808
041601006701200808
041601007501200808
041601007507200808
041601008301200808
041601008307200808
041601009101200808
041601009107200808
041601010507200808
041601010501200808
041601011301200808
041601011307200808
041601012101200808
041601013001200808
041601014801200808
041601015601200808
041601015607200808
041601016407200808
041601016401200808
041601017207200808
041601017201200808
041601018007200808
041601018001200808
041601019901200808
041601019907200808
041602001101200808
041602001107200808
041602002001200808
041602002007200808
041602003801200808
041602004607200808
041602004601200808
041602005407200808
041602005401200808
041602006207200808
041602006201200808
041602007007200808
041602007001200808
041602008901200808
041602008907200808
041602009701200808
041602009707200808
041602010001200808
041602010007200808
041602011901200808
041602012701200808
041602013507200808
041602013501200808
041602014301200808
041602014307200808
041603001701200808
041603001707200808
041603002507200808
041603002501200808
041603003301200808
041603003307200808
041603004107200808
041603004101200808
041603005001200808
041603006801200808
041603006807200808
041603007601200808
041603008407200808
041603008401200808
041603009201200808
041603009207200808
041603010607200808
041603010601200808
041603011407200808
041603011401200808
041603012207200808
041603012201200808
041603013001200808
041603013007200808
041604001207200808
041604001201200808
041604002001200808
041604002007200808
041604003901200808
041604004701200808
041604005507200808
041604005501200808
041604006301200808
041604006307200808
041604007107200808
041604007101200808
041604008001200808
041604008007200808
041604009801200808
041604009807200808
041604010107200808
041604010101200808
041604011001200808
041604011007200808
041604012807200808
041604012801200808
041604013601200808
041604014407200808
041604014401200808
041604015201200808
041604016001200808
041604016007200808
041605001807200808
041605001801200808
041605002601200808
041605002607200808
041605003407200808
041605003401200808
041605004201200808
041605004207200808
041605005007200808
041605005001200808
041605006901200808
041605007701200808
041605007707200808
041605008501200808
041606001301200808
041606001307200808
041606002107200808
041606002101200808
041606003001200808
041606003007200808
041606004807200808
041606004801200808
041606005607200808
041606005601200808
041606006401200808
041606006407200808
041606007201200808
041606007207200808
041606008001200808
041606009907200808
041606009901200808
041606010201200808
041606010207200808
041607002707200808
041607002701200808
041607003501200808
041607003507200808
041608001401200808
041608001407200808
041608002207200808
041608002201200808
041608003001200808
041608003007200808
041608004907200808
041608004901200808
041608005701200808
041608005707200808
041608006507200808
041608006501200808
041608007301200808
041608007307200808
041608008107200808
041608008101200808
041608009001200808
041608009007200808
041608010301200808
041608010307200808
041609001007200808
041609001001200808
041609002801200808
041609002807200808
041609003607200808
041609003601200808
041609004407200808
041609004401200808
041609005207200808
041609005201200808
041609006001200808
041609006007200808
041609007907200808
041609007901200808
041609008701200808
041609008707200808
041609009501200808
041609010901200808
041609010907200808
041611001007200808
041611001001200808
041611002901200808
041611003707200808
041611003701200808
041611004501200808
041611004507200808
041611005301200808
041611005307200808
041612001609200808
041612001601200808
041612001607200808
041612002401200808
041612003201200808
041612004009200808
041612004001200808
041612005901200808
041612005909200808
041613001107200808
041613001101200808
041613002001200808
041613002007200808
041613003801200808
041613004601200808
041613005401200808
041613006201200808
050201001078200808
050201001075200808
050201001076200808
050201001074200808
050201001077200808
050201001079200808
050201002982200808
050201002979200808
050201002981200808
050201002978200808
050201002977200808
050201002980200808
050301001401200808
050301001482200808
050301001479200808
050301001475200808
050301001481200808
050301001476200808
050301001478200808
050301001477200808
050301001480200808
050301001403200808
050301001474200808
050301002281200808
050301002276200808
050301002277200808
050301002278200808
050301002274200808
050301002201200808
050301002282200808
050301002280200808
050301002279200808
050301002275200808
050302001001200808
050302002801200808
050303001576200808
050303001580200808
050303001579200808
050303001578200808
050303001577200808
050303001575200808
050303001574200808
050303001582200808
050303001581200808
050303002378200808
050303002375200808
050303002380200808
050303002379200808
050303002382200808
050303002376200808
050303002374200808
050303002381200808
050303002377200808
050303002301200808
050303003174200808
050303003177200808
050303003182200808
050303003178200808
050303003181200808
050303003180200808
050303003101200808
050303003179200808
050303003176200808
050303003175200808
050303004076200808
050303004082200808
050303004077200808
050303004074200808
050303004081200808
050303004080200808
050303004001200808
050303004075200808
050303004078200808
050303005874200808
050303005882200808
050303005801200808
050303005881200808
050303005878200808
050303005877200808
050303005876200808
050303005875200808
050303005880200808
050303005879200808
050303006682200808
050303006681200808
050303006675200808
050303006679200808
050303006674200808
050303006601200808
050303006677200808
050303006676200808
050303006680200808
050303006678200808
050303007479200808
050303007482200808
050303007480200808
050303007475200808
050303007474200808
050303007401200808
050303007476200808
050303007481200808
050303007478200808
050303007477200808
050303008279200808
050303008276200808
050303008277200808
050303008280200808
050303008275200808
050303008274200808
050303008282200808
050303008201200808
050303008278200808
050303008281200808
050501001107200808
050501001103200808
050501002007200808
050501002003200808
050501003807200808
050501003803200808
050501004607200808
050501004603200808
050501005407200808
050501005403200808
050501006203200808
050501006207200808
050501007003200808
050501007007200808
050501008903200808
050501008907200808
050501009707200808
050501009709200808
050501009701200808
050501010009200808
050501010001200808
050501010007200808
050501011907200808
050501011909200808
050501011901200808
050501012709200808
050501012701200808
050501012707200808
050502004107200808
050502004101200808
050502005007200808
050502005001200808
050502006801200808
050502007601200808
050502008401200808
050502009201200808
050502010601200808
050502011401200808
050502011407200808
050602001012200808
050602002912200808
050602003712200808
050602004503200808
050602004507200808
080201006765200808
080201007579200808
080201008375200808
080201009176200808
080201010574200808
080201011383200808
080201012181200808
080201013082200808
080201014877200808
080201015678200808
080201016480200808
